contract_id,event_date,event_type
36294,2021-03-28 16:24:30,Добавление в Обращались с номеров
36294,2021-03-28 16:27:41,Обращение в службу заботы о клиентах
36294,2021-03-28 16:29:56,Выключение IPTV-пакета
36294,2021-03-28 16:29:56,Включение IPTV-пакета
36294,2021-03-28 16:35:04,Обращение в службу заботы о клиентах
36294,2021-03-28 16:37:26,Обращение в службу заботы о клиентах
36294,2021-04-01 18:06:15,Обращение в службу заботы о клиентах
36294,2021-04-06 17:32:09,Отключение услуги Аренда ТВ-приставки
36294,2021-04-06 17:32:10,Отключение услуги Аренда ТВ-приставки
36294,2021-04-06 17:32:13,Оборудование
36294,2021-04-06 17:32:15,Оборудование
36294,2021-04-06 17:32:31,Обращение в службу заботы о клиентах
36294,2021-04-07 15:37:26,Изменение истории
36294,2021-04-07 15:37:55,Продление действия тарифа
34240,2021-04-05 16:03:58,Добавление в Обращались с номеров
34240,2021-04-05 16:11:35,Обращение в службу заботы о клиентах
34240,2021-04-05 16:39:01,Обращение в службу заботы о клиентах
34240,2021-04-06 15:37:46,Обращение в службу заботы о клиентах
34240,2021-04-07 17:37:54,Изменение истории
34240,2021-04-07 17:38:20,Продление действия тарифа
11647,2021-03-18 13:49:46,Обращение в службу заботы о клиентах
11647,2021-03-18 13:50:22,Предложение IPTV
40624,2021-04-03 19:09:26,Добавление в Обращались с номеров
40624,2021-04-08 10:59:48,Отключение услуги Аренда ТВ-приставки
40624,2021-04-08 10:59:53,Оборудование
36809,2021-03-29 16:25:16,Активация точки подключения на сутки
40979,2021-04-09 09:41:24,Смена тарифа
38731,2021-03-18 09:01:42,Обращение в службу заботы о клиентах
38731,2021-03-18 09:01:51,Предложение IPTV
13577,2021-03-12 18:06:25,Добавление в Обращались с номеров
13577,2021-03-19 11:36:12,Обращение в службу заботы о клиентах
13577,2021-03-19 12:18:51,Удаление из Обращались с номеров
41126,2021-03-23 19:21:08,Смена пароля
41126,2021-03-23 19:22:20,Предложение ТВ
41126,2021-03-23 19:22:45,Обращение в службу заботы о клиентах
47241,2021-04-05 13:03:49,Предложение ТВ
47241,2021-04-05 13:09:37,Внутреннее сообщение
48595,2021-03-19 19:53:49,Обращение в службу заботы о клиентах
48595,2021-04-24 15:59:28,Операция с mac-адресом
48875,2021-04-06 17:08:22,Закрепление сообщения
48875,2021-04-06 17:08:27,Закрепление сообщения
48875,2021-04-07 20:06:14,Отключение услуги Аренда ТВ-приставки
48875,2021-04-07 20:06:21,Оборудование
13137,2021-04-22 05:52:40,Обращение в службу заботы о клиентах
13137,2021-04-22 10:04:16,Обращение в службу заботы о клиентах
13137,2021-04-22 12:39:41,Изменение истории
13137,2021-04-22 12:39:58,Продление действия тарифа
30814,2021-03-22 15:38:07,Добавление в Обращались с номеров
30814,2021-03-22 15:40:31,Обращение в службу заботы о клиентах
50230,2021-04-07 11:23:34,Перенос денежных средств
50230,2021-04-07 11:23:57,Изменение истории
53034,2021-03-27 21:49:59,Добавление в Обращались с номеров
53034,2021-03-27 21:50:09,Обращение в службу заботы о клиентах
53034,2021-03-27 21:54:05,Предложение ТВ
53034,2021-03-27 21:59:36,Обращение в службу заботы о клиентах
9672,2021-04-13 22:23:26,Перенос денежных средств
14493,2021-04-02 11:15:43,Перенос денежных средств
14493,2021-04-02 11:17:18,Перенос денежных средств
57828,2021-03-24 10:13:29,Смена тарифа
58777,2021-03-01 08:36:33,Обращение в службу заботы о клиентах
58777,2021-04-20 18:18:16,Изменение данных клиента
58777,2021-04-20 18:18:16,Возвращение клиента
58777,2021-04-20 18:19:25,Операция с mac-адресом
58777,2021-04-20 18:21:17,Активация точки подключения на сутки
58777,2021-04-20 18:30:05,Смена тарифа
58777,2021-04-21 23:07:16,Обращение в службу заботы о клиентах
58777,2021-04-21 23:07:34,Смена пароля
58777,2021-04-26 19:29:20,Обращение в службу заботы о клиентах
59263,2021-03-15 10:15:38,Обращение в службу заботы о клиентах
59263,2021-03-15 19:52:08,Внутреннее сообщение
59263,2021-03-18 17:34:31,Уведомления: подключение
59263,2021-03-18 17:37:26,Уведомления: подтверждение
59944,2021-04-14 20:03:32,Добавление в Обращались с номеров
59944,2021-04-14 20:19:21,Обращение в службу заботы о клиентах
28738,2021-03-21 17:46:28,Обращение в службу заботы о клиентах
28738,2021-03-21 18:48:23,Операция с mac-адресом
28738,2021-03-21 19:05:54,Состояние клиентского оборудования
31566,2021-03-17 21:32:39,Обращение в службу заботы о клиентах
31566,2021-04-04 13:54:12,Обращение в службу заботы о клиентах
31566,2021-04-13 19:12:48,Обращение в службу заботы о клиентах
31566,2021-04-18 15:20:57,Смена схемы оплаты
31566,2021-04-18 15:22:05,Обращение в службу заботы о клиентах
31566,2021-04-19 17:15:33,Отключение услуги Аренда ТВ-приставки
31566,2021-04-19 17:15:36,Оборудование
31566,2021-04-19 17:15:47,Обращение в службу заботы о клиентах
31566,2021-04-22 22:04:58,Смена пароля
31566,2021-04-22 22:06:19,Обращение в службу заботы о клиентах
39446,2021-03-23 16:43:38,Включена 20% скидка
39446,2021-03-23 16:43:59,Включение услуги Аренда ТВ-приставки
39446,2021-03-23 16:43:59,Включение IPTV-пакета
39446,2021-03-23 16:43:59,Оборудование
39446,2021-03-23 16:46:24,Отключение услуги Аренда ТВ-приставки
39446,2021-03-23 16:46:27,Оборудование
39446,2021-03-23 16:46:38,Выключение IPTV-пакета
39446,2021-03-23 16:46:52,Отключение скидки 20%
39446,2021-03-23 16:46:56,Отключение скидки 20%
10798,2021-04-07 12:18:33,Обращение в службу заботы о клиентах
10798,2021-04-07 12:23:20,Предложение тарифа
62570,2021-04-24 23:53:46,Перенос денежных средств
62570,2021-04-24 23:55:34,Изменение истории
12916,2021-03-28 14:26:19,Обращение в службу заботы о клиентах
65455,2021-04-28 19:22:02,Перенос денежных средств
65455,2021-04-28 19:23:23,Изменение истории
67578,2021-03-08 13:31:35,Обращение в службу заботы о клиентах
67578,2021-03-08 18:56:09,Состояние клиентского оборудования
68344,2021-03-08 12:04:50,Активация гарантированного платежа
68344,2021-03-08 12:04:57,Обращение в службу заботы о клиентах
68344,2021-03-10 09:46:09,Обращение в службу заботы о клиентах
68344,2021-03-10 09:46:13,Обращение в службу заботы о клиентах
68344,2021-03-10 09:55:14,Обращение в службу заботы о клиентах
68344,2021-03-10 14:31:59,Обращение в службу заботы о клиентах
68344,2021-03-10 14:40:50,Обращение в службу заботы о клиентах
68344,2021-03-11 13:58:13,Обращение в службу заботы о клиентах
68344,2021-03-11 14:19:36,Обращение в службу заботы о клиентах
68344,2021-03-11 14:55:29,Обращение в службу заботы о клиентах
68344,2021-03-11 14:57:19,Обращение в службу заботы о клиентах
68344,2021-03-11 19:24:34,Обращение в службу заботы о клиентах
68344,2021-03-12 02:23:54,Обращение в службу заботы о клиентах
68344,2021-03-12 06:54:17,Обращение в службу заботы о клиентах
68344,2021-03-12 08:28:18,Обращение в службу заботы о клиентах
68344,2021-03-25 15:56:49,Обращение в службу заботы о клиентах
68344,2021-03-25 16:20:32,Обращение в службу заботы о клиентах
68344,2021-03-25 16:44:54,Обращение в службу заботы о клиентах
68344,2021-03-25 16:50:56,Обращение в службу заботы о клиентах
68344,2021-03-25 18:12:07,Состояние клиентского оборудования
69681,2021-03-03 19:07:41,Обращение в службу заботы о клиентах
69681,2021-03-03 19:18:41,Обращение в службу заботы о клиентах
69681,2021-03-07 01:27:54,Обращение в службу заботы о клиентах
69681,2021-03-09 13:58:50,Обращение в службу заботы о клиентах
69681,2021-03-09 18:23:45,Обращение в службу заботы о клиентах
69681,2021-03-09 18:29:21,Обращение в службу заботы о клиентах
69681,2021-03-12 09:34:54,Обращение в службу заботы о клиентах
69681,2021-03-12 10:52:52,Обращение в службу заботы о клиентах
69681,2021-03-12 10:58:31,Обращение в службу заботы о клиентах
70026,2021-03-25 12:07:26,Внутреннее сообщение
70026,2021-03-25 12:10:00,Обращение в службу заботы о клиентах
70026,2021-03-26 13:34:39,Отключение услуги Аренда ТВ-приставки
70026,2021-03-26 13:34:41,Отключение услуги Аренда ТВ-приставки
70026,2021-03-26 13:34:44,Оборудование
70026,2021-03-26 13:34:54,Оборудование
70026,2021-03-26 13:35:00,Обращение в службу заботы о клиентах
70790,2021-04-09 22:40:01,Обращение в службу заботы о клиентах
70790,2021-04-10 21:48:33,Состояние клиентского оборудования
55588,2021-04-12 15:33:46,Обращение в службу заботы о клиентах
55588,2021-04-22 16:52:16,Обращение в службу заботы о клиентах
55588,2021-04-26 17:14:51,Отключение услуги Аренда ТВ-приставки
55588,2021-04-26 17:14:56,Оборудование
55588,2021-04-26 17:15:04,Обращение в службу заботы о клиентах
62346,2021-04-15 21:03:52,Добавление в Обращались с номеров
62346,2021-04-15 21:05:18,Включение интернета на 20 минут
62346,2021-04-15 21:05:40,Обращение в службу заботы о клиентах
62346,2021-04-15 21:21:36,Обращение в службу заботы о клиентах
62346,2021-04-16 11:54:59,Операция с mac-адресом
74771,2021-04-25 17:19:28,Обращение в службу заботы о клиентах
75326,2021-04-06 14:09:29,Предложение ТВ
75326,2021-04-06 14:11:42,Обращение в службу заботы о клиентах
76230,2021-04-15 16:01:47,Обращение в службу заботы о клиентах
77239,2021-03-17 19:56:58,Добавление в Обращались с номеров
77239,2021-03-17 19:57:41,Обращение в службу заботы о клиентах
77239,2021-03-17 20:05:40,Обращение в службу заботы о клиентах
8214,2021-03-04 17:03:02,Обращение в службу заботы о клиентах
73050,2021-03-13 11:24:04,Обращение в службу заботы о клиентах
73050,2021-03-13 11:27:18,Предложение IPTV
73050,2021-03-15 10:42:31,Состояние клиентского оборудования
73050,2021-03-30 14:55:45,Смена тарифа
78377,2021-03-22 11:31:22,Обращение в службу заботы о клиентах
78377,2021-03-22 11:31:26,Предложение IPTV
78702,2021-04-16 09:32:22,Предложение ТВ
78702,2021-04-16 09:32:34,Обращение в службу заботы о клиентах
78702,2021-04-16 11:56:12,Изменение данных клиента
78702,2021-04-16 11:56:12,Возвращение клиента
78702,2021-04-16 11:58:25,Операция с mac-адресом
78702,2021-04-16 12:10:14,Активация точки подключения на сутки
78762,2021-03-25 17:34:03,Добавление в Обращались с номеров
78762,2021-03-25 17:37:24,Предложение ТВ
78762,2021-03-25 17:39:36,Обращение в службу заботы о клиентах
78762,2021-03-25 18:30:45,Операция с mac-адресом
78762,2021-03-25 18:33:59,Оборудование
78762,2021-03-25 18:40:17,Оборудование
78762,2021-04-01 19:39:58,Изменение контактных телефонов
78828,2021-04-15 19:06:13,Предложение ТВ
78828,2021-04-15 19:06:45,Обращение в службу заботы о клиентах
78872,2021-03-13 16:52:36,Добавление в Обращались с номеров
78872,2021-03-13 19:33:08,Состояние клиентского оборудования
78872,2021-03-13 19:35:51,Внесение
78872,2021-03-17 19:31:01,Изменение истории
79467,2021-04-27 09:28:03,Перенос денежных средств
80090,2021-04-07 11:46:36,Перенос денежных средств
80090,2021-04-07 11:46:56,Изменение истории
80090,2021-04-07 11:47:21,Продление действия тарифа
80811,2021-03-10 19:48:34,Изменение данных клиента
80811,2021-03-10 19:48:36,Смена IP-адреса
80811,2021-03-10 19:48:37,Смена тарифа
80811,2021-03-10 19:48:37,Внутреннее сообщение
80811,2021-03-10 19:49:09,Смена пароля
80811,2021-03-10 19:50:39,Изменение данных клиента
80811,2021-03-10 19:53:11,Блокировка
80905,2021-04-05 19:22:41,Перенос денежных средств
80905,2021-04-05 19:23:20,Изменение истории
9631,2021-03-28 10:27:09,Обращение в службу заботы о клиентах
9631,2021-03-29 10:36:58,Обращение в службу заботы о клиентах
9631,2021-03-29 13:23:09,Обращение в службу заботы о клиентах
9631,2021-03-29 15:42:41,Изменение истории
82276,2021-04-09 11:47:54,Перенос денежных средств
82276,2021-04-09 11:49:27,Изменение истории
14633,2021-03-07 11:38:21,Смена пароля
14633,2021-03-07 11:50:16,Обращение в службу заботы о клиентах
14633,2021-03-07 11:51:24,Изменение контактных телефонов
14633,2021-03-07 21:49:26,Обращение в службу заботы о клиентах
14633,2021-03-08 12:37:25,Состояние клиентского оборудования
14633,2021-03-28 17:52:15,Обращение в службу заботы о клиентах
14633,2021-03-30 18:10:36,Реестр договоров
14633,2021-03-30 18:10:44,Реестр договоров
83130,2021-04-03 17:55:14,Смена схемы оплаты
83130,2021-04-03 17:56:05,Обращение в службу заботы о клиентах
83130,2021-04-03 17:56:07,Предложение ТВ
55867,2021-03-05 22:43:16,Изменение контактных телефонов
83972,2021-03-31 22:07:41,Добавление в Обращались с номеров
83972,2021-03-31 22:19:30,Обращение в службу заботы о клиентах
84312,2021-03-26 15:07:37,Внутреннее сообщение
84312,2021-03-27 13:56:15,Изменение истории
84312,2021-03-27 13:56:41,Закрепление сообщения
84312,2021-03-27 13:56:47,Обращение в службу заботы о клиентах
84312,2021-03-29 10:28:28,Закрепление сообщения
84991,2021-04-24 19:28:14,Предложение ТВ
84991,2021-04-24 19:28:54,Обращение в службу заботы о клиентах
84991,2021-04-24 19:29:40,Смена тарифа
84991,2021-04-24 21:27:47,Обращение в службу заботы о клиентах
86204,2021-04-26 10:56:44,Внутреннее сообщение
86204,2021-04-26 10:56:52,Обращение в службу заботы о клиентах
86204,2021-04-26 10:58:04,Обращение в службу заботы о клиентах
87083,2021-04-01 17:05:52,Обращение в службу заботы о клиентах
89026,2021-04-26 13:49:13,Отключение услуги Аренда ТВ-приставки
89026,2021-04-26 13:49:16,Оборудование
89026,2021-04-26 13:53:00,Обращение в службу заботы о клиентах
91795,2021-03-27 17:07:41,Возвращение клиента
91795,2021-03-27 17:07:41,Смена тарифа
91795,2021-03-27 17:07:41,Внутреннее сообщение
91795,2021-03-27 17:08:29,Операция с mac-адресом
91795,2021-03-27 17:09:13,Изменение данных клиента
91795,2021-03-27 17:09:40,Смена следующего тарифа
91795,2021-03-27 17:10:48,Включение услуги Аренда ТВ-приставки
91795,2021-03-27 17:10:48,Включение IPTV-пакета
91795,2021-03-28 16:59:04,Обращение в службу заботы о клиентах
91795,2021-03-30 09:14:11,Обращение в службу заботы о клиентах
91795,2021-04-05 10:34:52,Отключение услуги Аренда ТВ-приставки
91795,2021-04-05 10:34:56,Оборудование
91795,2021-04-05 10:35:58,Обращение в службу заботы о клиентах
93518,2021-04-11 14:38:23,Добавление в Обращались с номеров
93518,2021-04-11 14:40:22,Обращение в службу заботы о клиентах
93518,2021-04-12 11:09:38,Внутреннее сообщение
93518,2021-04-13 18:26:40,Обращение в службу заботы о клиентах
93518,2021-04-17 14:31:33,Изменение данных клиента
93518,2021-04-17 14:31:35,Смена IP-адреса
93518,2021-04-17 14:32:01,Смена пароля
93518,2021-04-17 14:33:11,Активация точки подключения на сутки
93518,2021-04-28 13:08:44,Внутреннее сообщение
93898,2021-03-10 18:59:47,Изменение данных клиента
93898,2021-03-10 19:05:06,Смена пароля
93898,2021-03-10 19:06:16,Изменение истории
93898,2021-03-10 19:06:20,Изменение истории
93898,2021-03-10 19:06:23,Изменение истории
93898,2021-03-10 19:07:22,Активация точки подключения на сутки
93898,2021-03-10 19:12:13,Возвращение клиента
93898,2021-03-10 19:12:54,Смена тарифа
93898,2021-03-10 19:13:11,Смена тарифа
93898,2021-04-11 00:09:11,Активация гарантированного платежа
93898,2021-04-11 00:09:35,Предложение ТВ
93898,2021-04-11 00:10:24,Обращение в службу заботы о клиентах
94447,2021-04-11 18:57:36,Добавление в Обращались с номеров
94447,2021-04-11 19:00:33,Предложение ТВ
94447,2021-04-11 19:02:10,Обращение в службу заботы о клиентах
94808,2021-03-28 19:49:17,Активация гарантированного платежа
94808,2021-03-28 19:49:24,Обращение в службу заботы о клиентах
95374,2021-03-11 16:12:29,Обращение в службу заботы о клиентах
95374,2021-03-11 16:41:20,Обращение в службу заботы о клиентах
95567,2021-04-14 10:39:05,Реестр договоров
95575,2021-04-28 22:15:55,Перенос денежных средств
95575,2021-04-28 22:16:29,Изменение истории
96699,2021-04-17 16:16:24,Обращение в службу заботы о клиентах
96699,2021-04-17 16:16:56,Предложение ТВ
97532,2021-03-23 14:31:38,Обращение в службу заботы о клиентах
97770,2021-04-22 21:18:51,Перенос денежных средств
97770,2021-04-22 21:19:06,Изменение истории
97979,2021-04-11 21:04:25,Обращение в службу заботы о клиентах
98091,2021-04-20 10:27:35,Обращение в службу заботы о клиентах
98091,2021-04-21 19:01:39,Отключение услуги Аренда ТВ-приставки
98091,2021-04-21 19:01:48,Оборудование
98674,2021-03-29 22:49:02,Обращение в службу заботы о клиентах
98674,2021-03-29 22:58:06,Обращение в службу заботы о клиентах
98970,2021-04-01 10:31:08,Обращение в службу заботы о клиентах
98970,2021-04-01 10:36:45,Обращение в службу заботы о клиентах
98970,2021-04-01 10:38:01,Внутреннее сообщение
98991,2021-04-12 15:28:04,Предложение ТВ
98991,2021-04-12 15:34:20,Обращение в службу заботы о клиентах
98991,2021-04-15 13:20:18,Добавление в Обращались с номеров
98991,2021-04-15 13:21:08,Обращение в службу заботы о клиентах
99459,2021-04-11 12:34:23,Операция с mac-адресом
99459,2021-04-15 15:00:51,Добавление в Обращались с номеров
100209,2021-03-05 17:28:43,Предложение IPTV
100209,2021-03-05 17:28:53,Обращение в службу заботы о клиентах
103255,2021-03-08 11:56:37,Включение интернета на 20 минут
103255,2021-03-30 20:14:13,Обращение в службу заботы о клиентах
103255,2021-04-13 21:04:11,Обращение в службу заботы о клиентах
103255,2021-04-13 21:05:20,Предложение тарифа
103742,2021-04-26 17:34:36,Отключение услуги Аренда ТВ-приставки
103742,2021-04-26 17:34:40,Оборудование
103742,2021-04-26 17:34:53,Обращение в службу заботы о клиентах
103742,2021-04-26 17:45:45,Закрепление сообщения
103767,2021-03-21 17:21:26,Обращение в службу заботы о клиентах
103767,2021-03-21 20:51:24,Обращение в службу заботы о клиентах
103767,2021-04-10 16:10:14,Обращение в службу заботы о клиентах
106467,2021-03-05 12:49:06,Внутреннее сообщение
106467,2021-03-05 12:50:49,Обращение в службу заботы о клиентах
106467,2021-03-05 18:36:44,Изменение данных клиента
106467,2021-03-05 18:36:45,Смена IP-адреса
106467,2021-03-05 18:37:23,Смена пароля
106467,2021-03-05 18:38:17,Активация точки подключения на сутки
106467,2021-04-01 19:32:20,Внутреннее сообщение
106467,2021-04-03 13:54:33,Отключение услуги Аренда ТВ-приставки
106467,2021-04-03 13:54:37,Оборудование
29046,2021-04-05 14:24:48,Обращение в службу заботы о клиентах
29046,2021-04-05 15:56:20,Операция с mac-адресом
108419,2021-03-03 13:13:54,Закрепление сообщения
108419,2021-03-09 20:51:48,Обращение в службу заботы о клиентах
108820,2021-03-22 19:19:08,Внутреннее сообщение
108820,2021-03-28 18:49:18,Предложение тарифа
108820,2021-03-28 18:49:19,Предложение ТВ-пакета
108820,2021-03-29 18:27:02,Отключение услуги Аренда ТВ-приставки
108820,2021-03-29 18:27:08,Оборудование
108820,2021-04-18 13:18:19,Перенос денежных средств
108885,2021-04-07 15:40:24,Обращение в службу заботы о клиентах
111704,2021-04-17 14:12:42,Обращение в службу заботы о клиентах
111704,2021-04-18 11:38:20,Отключение услуги Аренда ТВ-приставки
111704,2021-04-18 11:40:01,Включение услуги Аренда ТВ-приставки
111704,2021-04-18 11:40:01,Включение IPTV-пакета
111704,2021-04-18 11:40:06,Отключение услуги Аренда ТВ-приставки
111704,2021-04-18 11:41:46,Оборудование
111856,2021-03-20 19:29:39,Изменение данных клиента
111856,2021-03-20 19:29:39,Возвращение клиента
111856,2021-03-20 19:29:39,Смена тарифа
111856,2021-03-20 19:29:39,Внутреннее сообщение
111856,2021-03-20 19:29:40,Активация точки подключения на сутки
112304,2021-04-12 07:21:34,Перенос денежных средств
112304,2021-04-12 07:22:18,Продление действия тарифа
113171,2021-04-07 20:55:50,Перенос денежных средств
113171,2021-04-07 20:56:04,Изменение истории
113301,2021-03-28 22:26:52,Внесение
113301,2021-03-29 22:31:01,Изменение истории
115019,2021-03-30 23:02:01,Изменение данных клиента
115019,2021-03-30 23:04:07,Реестр договоров
115244,2021-04-05 14:32:48,Добавление в Обращались с номеров
115244,2021-04-05 14:34:32,Обращение в службу заботы о клиентах
115988,2021-04-12 14:09:02,Обращение в службу заботы о клиентах
115988,2021-04-12 14:11:10,Обращение в службу заботы о клиентах
116076,2021-04-20 20:28:02,Предложение ТВ
116076,2021-04-20 20:28:15,Обращение в службу заботы о клиентах
116087,2021-03-25 21:39:04,Обращение в службу заботы о клиентах
117598,2021-03-01 11:28:44,Закрепление сообщения
117598,2021-03-19 18:37:37,Обращение в службу заботы о клиентах
117598,2021-03-20 14:03:22,Обращение в службу заботы о клиентах
118300,2021-03-27 12:35:28,Добавление в Обращались с номеров
118300,2021-03-27 12:37:15,Смена пароля
118300,2021-03-27 12:38:02,Предложение ТВ
118300,2021-03-27 12:38:25,Обращение в службу заботы о клиентах
118300,2021-04-12 17:10:11,Смена пароля
118300,2021-04-12 17:10:12,Смена пароля
118300,2021-04-12 17:10:18,Обращение в службу заботы о клиентах
118300,2021-04-12 17:10:55,Предложение тарифа
118930,2021-04-02 19:17:21,Добавление в Обращались с номеров
118930,2021-04-02 19:21:36,Предложение ТВ-пакета
118930,2021-04-02 19:21:49,Обращение в службу заботы о клиентах
119396,2021-03-07 10:46:13,Добавление в Обращались с номеров
119396,2021-03-07 10:47:49,Обращение в службу заботы о клиентах
119396,2021-03-09 21:22:13,Обращение в службу заботы о клиентах
119396,2021-03-10 12:36:52,Обращение в службу заботы о клиентах
119396,2021-03-17 17:14:51,Отключение услуги Аренда ТВ-приставки
119396,2021-03-17 17:17:25,Оборудование
119460,2021-04-04 20:18:15,Смена тарифа
119460,2021-04-04 20:18:38,Предложение ТВ
119460,2021-04-04 20:19:00,Обращение в службу заботы о клиентах
121512,2021-03-03 12:06:22,Обращение в службу заботы о клиентах
121512,2021-03-03 16:58:52,Добавление в Обращались с номеров
121512,2021-03-03 17:03:21,Предложение автоплатежа
121512,2021-03-04 04:34:31,Обращение в службу заботы о клиентах
121512,2021-03-18 00:52:39,Добавление в Обращались с номеров
121512,2021-03-18 00:57:16,Обращение в службу заботы о клиентах
121512,2021-03-19 15:09:21,Обращение в службу заботы о клиентах
121512,2021-03-19 16:14:58,Состояние клиентского оборудования
122260,2021-03-18 10:08:05,Внутреннее сообщение
122260,2021-03-30 16:13:25,Обращение в службу заботы о клиентах
123037,2021-03-02 13:08:43,Добавление в Обращались с номеров
123037,2021-03-02 13:15:34,Внутреннее сообщение
123037,2021-03-02 17:04:06,Изменение данных клиента
123037,2021-03-02 17:04:08,Смена IP-адреса
123037,2021-03-02 17:05:18,Смена тарифа
123037,2021-03-02 17:06:43,Включение услуги Аренда ТВ-приставки
123037,2021-03-02 17:06:43,Включение IPTV-пакета
123037,2021-03-02 17:06:43,Оборудование
123037,2021-03-02 17:11:10,Смена пароля
123037,2021-03-03 00:17:42,Смена пароля
123604,2021-03-19 03:23:13,Внутреннее сообщение
123604,2021-03-19 03:25:10,Обращение в службу заботы о клиентах
123604,2021-03-19 15:33:09,Внутреннее сообщение
125733,2021-03-19 16:01:42,Обращение в службу заботы о клиентах
125733,2021-03-31 18:33:46,Обращение в службу заботы о клиентах
125938,2021-03-18 08:00:40,Внутреннее сообщение
125938,2021-04-23 16:47:17,Обращение в службу заботы о клиентах
125938,2021-04-23 17:18:44,Внутреннее сообщение
125938,2021-04-27 12:08:19,Отключение услуги Аренда ТВ-приставки
125938,2021-04-27 12:08:22,Оборудование
125938,2021-04-27 12:08:44,Обращение в службу заботы о клиентах
125938,2021-04-27 12:08:57,Изменение истории
125938,2021-04-27 13:15:53,Закрепление сообщения
125938,2021-04-27 13:15:56,Закрепление сообщения
126092,2021-04-10 11:02:23,Активация точки подключения на сутки
126334,2021-04-09 22:08:13,Обращение в службу заботы о клиентах
126364,2021-03-11 12:29:39,Обращение в службу заботы о клиентах
126364,2021-03-11 13:27:04,Оборудование
126413,2021-03-09 12:11:13,Обращение в службу заботы о клиентах
126413,2021-03-19 10:20:49,Смена пароля
126413,2021-03-19 10:21:48,Смена тарифа
126413,2021-03-19 10:21:50,Изменение данных клиента
126413,2021-03-19 10:21:52,Смена IP-адреса
126413,2021-03-19 10:21:52,Смена тарифа
126413,2021-03-19 10:21:52,Внутреннее сообщение
126413,2021-03-19 10:28:09,Блокировка
127116,2021-04-22 18:22:34,Обращение в службу заботы о клиентах
127738,2021-04-02 16:50:42,Состояние клиентского оборудования
128466,2021-03-11 13:48:54,Изменение контактных телефонов
128466,2021-03-12 18:49:27,Изменение данных клиента
128466,2021-03-12 18:49:28,Смена IP-адреса
128466,2021-03-12 18:50:00,Смена пароля
128466,2021-03-12 18:51:15,Отключение скидки 20%
128466,2021-03-12 18:51:15,Смена тарифа
128466,2021-03-12 19:00:54,Активация точки подключения на сутки
128466,2021-03-12 19:08:47,Включение услуги Аренда ТВ-приставки
128466,2021-03-12 19:08:47,Включение IPTV-пакета
128466,2021-03-12 19:08:47,Оборудование
128466,2021-03-31 10:51:54,Отключение услуги Аренда ТВ-приставки
128466,2021-03-31 10:51:57,Оборудование
128466,2021-03-31 10:52:12,Обращение в службу заботы о клиентах
128585,2021-03-26 11:07:14,Реестр договоров
131236,2021-04-09 17:11:07,Перенос денежных средств
131236,2021-04-09 17:11:14,Перенос денежных средств
131236,2021-04-09 17:12:27,Изменение истории
131598,2021-04-17 02:46:28,Перенос денежных средств
132397,2021-03-01 23:00:33,Активация ГП с IVR
132397,2021-03-04 23:24:19,Активация ГП с IVR
132397,2021-03-16 17:01:49,Обращение в службу заботы о клиентах
132397,2021-03-16 19:12:04,Операция с mac-адресом
132397,2021-03-16 19:15:14,Оборудование
132397,2021-03-16 19:16:36,Состояние клиентского оборудования
132397,2021-03-22 18:26:03,Обращение в службу заботы о клиентах
132397,2021-04-14 13:42:18,Обращение в службу заботы о клиентах
132397,2021-04-21 15:25:51,Отключение услуги Аренда ТВ-приставки
132397,2021-04-21 15:25:56,Оборудование
133428,2021-03-26 19:14:17,Изменение данных клиента
133428,2021-03-26 19:14:17,Возвращение клиента
133428,2021-03-26 19:14:18,Смена тарифа
133428,2021-03-26 19:14:18,Внутреннее сообщение
133428,2021-03-29 11:18:05,Изменение контактных телефонов
133616,2021-04-13 16:13:18,Обращение в службу заботы о клиентах
133616,2021-04-13 16:23:58,Обращение в службу заботы о клиентах
133616,2021-04-13 16:30:44,Предложение тарифа
133616,2021-04-13 16:30:55,Операция с mac-адресом
133616,2021-04-13 16:31:51,Обращение в службу заботы о клиентах
135427,2021-03-16 21:51:55,Смена пароля
135427,2021-03-16 21:52:29,Предложение IPTV
135427,2021-03-16 21:52:45,Обращение в службу заботы о клиентах
135427,2021-03-17 18:18:15,Обращение в службу заботы о клиентах
135427,2021-03-17 18:19:35,Обращение в службу заботы о клиентах
135427,2021-03-23 13:10:35,Обращение в службу заботы о клиентах
135702,2021-03-11 16:41:28,Внутреннее сообщение
135702,2021-03-11 17:25:21,Изменение данных клиента
135702,2021-03-11 17:25:23,Смена IP-адреса
135702,2021-03-11 17:29:59,Активация точки подключения на сутки
136803,2021-03-29 11:43:46,Обращение в службу заботы о клиентах
137685,2021-04-08 21:07:24,Внутреннее сообщение
137685,2021-04-08 21:09:35,Обращение в службу заботы о клиентах
137950,2021-03-29 18:22:39,Изменение данных клиента
137950,2021-03-29 18:22:41,Смена IP-адреса
137950,2021-03-29 18:23:07,Операция с mac-адресом
137950,2021-03-29 18:23:23,Смена тарифа
137950,2021-03-29 18:23:36,Активация точки подключения на сутки
137950,2021-03-29 18:24:52,Изменение данных клиента
137950,2021-03-29 18:25:27,Оборудование
137950,2021-03-30 14:04:54,Изменение данных клиента
137950,2021-03-30 14:15:16,Включение Бесплатной аренды
137950,2021-03-30 14:15:16,Включение услуги Аренда ТВ-приставки
137950,2021-03-30 14:15:16,Включение IPTV-пакета
137950,2021-03-30 14:15:16,Оборудование
137950,2021-03-30 14:26:00,Состояние клиентского оборудования
137950,2021-03-30 21:49:29,Замена оборудования
137950,2021-03-30 21:49:29,Отключение услуги Аренда ТВ-приставки
137950,2021-03-31 19:54:44,Активация точки подключения на сутки
139196,2021-04-22 16:44:19,Перенос денежных средств
139196,2021-04-22 16:46:17,Изменение истории
140593,2021-03-03 23:40:11,Активация гарантированного платежа
140593,2021-03-03 23:40:43,Предложение тарифа
140593,2021-03-03 23:40:48,Обращение в службу заботы о клиентах
140593,2021-03-03 23:49:26,Обращение в службу заботы о клиентах
140593,2021-04-07 11:46:15,Обращение в службу заботы о клиентах
140593,2021-04-07 11:46:23,Активация гарантированного платежа
140593,2021-04-07 11:46:31,Предложение ТВ
140593,2021-04-09 12:18:57,Обращение в службу заботы о клиентах
140593,2021-04-11 15:56:44,Обращение в службу заботы о клиентах
140593,2021-04-13 23:46:59,Перенос денежных средств
140892,2021-03-24 18:08:29,Обращение в службу заботы о клиентах
140892,2021-03-24 18:08:37,Смена схемы оплаты
140892,2021-03-24 18:15:58,Внутреннее сообщение
140903,2021-03-02 13:09:19,Смена пароля
140903,2021-03-02 13:11:32,Обращение в службу заботы о клиентах
140903,2021-03-02 13:12:06,Предложение тарифа
141226,2021-04-10 10:05:47,Внутреннее сообщение
141226,2021-04-10 18:11:24,Изменение данных клиента
141226,2021-04-10 18:11:26,Смена IP-адреса
141226,2021-04-10 18:11:53,Смена пароля
141226,2021-04-10 18:15:13,Активация точки подключения на сутки
141226,2021-04-13 18:39:38,Добавление в Обращались с номеров
141226,2021-04-13 18:43:15,Предложение автоплатежа
141226,2021-04-13 18:43:28,Обращение в службу заботы о клиентах
142761,2021-04-08 09:56:44,Обращение в службу заботы о клиентах
142761,2021-04-08 09:57:30,Внутреннее сообщение
142761,2021-04-10 18:17:52,Обращение в службу заботы о клиентах
144018,2021-03-19 10:07:01,Обращение в службу заботы о клиентах
144018,2021-03-19 10:08:52,Внутреннее сообщение
144018,2021-03-19 10:12:39,Предложение IPTV
144018,2021-04-18 23:17:12,Перенос денежных средств
144018,2021-04-18 23:17:29,Перенос денежных средств
144398,2021-04-02 10:35:24,Обращение в службу заботы о клиентах
144840,2021-03-24 19:09:57,Отключение услуги Аренда ТВ-приставки
144840,2021-03-24 19:10:02,Оборудование
146645,2021-04-22 10:25:53,Удаление телефона из записи
146645,2021-04-22 10:26:55,Удаление из Обращались с номеров
147313,2021-03-20 10:44:12,Добавление в Обращались с номеров
147313,2021-03-20 10:45:22,Предложение тарифа
147313,2021-03-20 10:47:55,Обращение в службу заботы о клиентах
147313,2021-04-13 21:56:40,Реестр договоров
147488,2021-03-19 16:20:48,Обращение в службу заботы о клиентах
147488,2021-03-19 16:23:05,Обращение в службу заботы о клиентах
147488,2021-04-01 13:49:39,Отключение услуги Аренда ТВ-приставки
147488,2021-04-01 13:49:42,Оборудование
147488,2021-04-01 13:49:52,Обращение в службу заботы о клиентах
147488,2021-04-08 13:30:17,Обращение в службу заботы о клиентах
149149,2021-03-11 10:07:53,Закрепление сообщения
149149,2021-03-11 19:57:07,Обращение в службу заботы о клиентах
149149,2021-04-07 23:17:23,Реестр договоров
149149,2021-04-26 18:00:02,Обращение в службу заботы о клиентах
149149,2021-04-26 18:28:13,Обращение в службу заботы о клиентах
149149,2021-04-27 12:55:11,Обращение в службу заботы о клиентах
149149,2021-04-27 12:55:24,Отключение услуги Аренда ТВ-приставки
149149,2021-04-27 12:55:27,Оборудование
149149,2021-04-27 13:27:24,Смена тарифа
150068,2021-04-09 19:15:37,Добавление в Обращались с номеров
150068,2021-04-09 19:16:45,Операция с mac-адресом
150068,2021-04-10 13:55:56,Обращение в службу заботы о клиентах
150501,2021-04-09 09:13:23,Внутреннее сообщение
151151,2021-04-04 16:55:10,Обращение в службу заботы о клиентах
151151,2021-04-04 17:17:23,Изменение истории
151151,2021-04-04 17:17:37,Перенос денежных средств
151998,2021-04-10 14:16:40,Обращение в службу заботы о клиентах
151998,2021-04-10 14:26:56,Обращение в службу заботы о клиентах
151998,2021-04-12 13:29:27,Обращение в службу заботы о клиентах
151998,2021-04-20 15:14:50,Обращение в службу заботы о клиентах
151998,2021-04-20 15:15:30,Отключение услуги Аренда ТВ-приставки
151998,2021-04-20 15:15:35,Оборудование
152339,2021-04-18 13:31:36,Внутреннее сообщение
152339,2021-04-20 15:32:32,Обращение в службу заботы о клиентах
152638,2021-03-23 16:22:46,Отключение услуги Аренда ТВ-приставки
152638,2021-03-23 16:22:50,Оборудование
152638,2021-03-23 16:23:02,Обращение в службу заботы о клиентах
152877,2021-04-23 12:30:06,Добавление в Обращались с номеров
153077,2021-04-09 11:04:00,Обращение в службу заботы о клиентах
154942,2021-04-27 11:25:30,Внутреннее сообщение
154942,2021-04-27 14:30:44,Отключение услуги Аренда ТВ-приставки
154942,2021-04-27 14:30:49,Оборудование
154942,2021-04-27 14:33:41,Отключение услуги Аренда ТВ-приставки
154942,2021-04-27 14:33:48,Оборудование
155495,2021-03-04 20:14:04,Обращение в службу заботы о клиентах
155495,2021-03-04 20:15:46,Обращение в службу заботы о клиентах
155495,2021-03-04 20:19:32,Смена пароля
155495,2021-03-04 20:29:14,Обращение в службу заботы о клиентах
155495,2021-03-04 21:06:18,Обращение в службу заботы о клиентах
155495,2021-03-04 21:11:48,Обращение в службу заботы о клиентах
155495,2021-03-05 15:57:21,Добавление в Обращались с номеров
155495,2021-03-08 18:56:18,Обращение в службу заботы о клиентах
155495,2021-04-08 22:38:10,Обращение в службу заботы о клиентах
155495,2021-04-08 22:45:07,Обращение в службу заботы о клиентах
155495,2021-04-08 22:45:16,Предложение тарифа
155633,2021-03-10 18:42:44,Обращение в службу заботы о клиентах
155633,2021-03-10 18:57:35,Без границ бесплатно. Включение
156145,2021-04-26 12:27:09,Внутреннее сообщение
156379,2021-03-22 09:50:07,Добавление в Обращались с номеров
156379,2021-03-22 09:52:50,Внутреннее сообщение
156379,2021-03-23 19:16:58,Смена пароля
156379,2021-03-23 19:18:06,Изменение данных клиента
156379,2021-03-23 19:18:08,Смена IP-адреса
156473,2021-03-02 13:42:45,Обращение в службу заботы о клиентах
156473,2021-03-23 13:04:59,Обращение в службу заботы о клиентах
156473,2021-03-23 13:16:49,Обращение в службу заботы о клиентах
156473,2021-03-23 13:22:42,Обращение в службу заботы о клиентах
156473,2021-03-23 13:30:37,Обращение в службу заботы о клиентах
156473,2021-03-23 14:42:05,Состояние клиентского оборудования
156473,2021-03-27 10:16:48,Обращение в службу заботы о клиентах
156473,2021-03-28 15:15:24,Смена пароля
156473,2021-03-28 15:18:19,Оборудование
156473,2021-03-28 15:24:02,Замена оборудования
156473,2021-03-28 15:24:02,Отключение услуги Аренда ТВ-приставки
156473,2021-03-28 15:33:12,Состояние клиентского оборудования
156473,2021-03-28 19:18:43,Смена пароля
156473,2021-04-03 05:22:05,Обращение в службу заботы о клиентах
156473,2021-04-04 10:20:59,Обращение в службу заботы о клиентах
156473,2021-04-14 21:13:16,Удаление из Обращались с номеров
156473,2021-04-14 21:13:18,Удаление из Обращались с номеров
156473,2021-04-14 21:13:36,Изменение контактных телефонов
156473,2021-04-14 21:14:02,Удаление телефона из записи
156473,2021-04-14 21:14:03,Изменение контактных телефонов
156473,2021-04-14 21:14:28,Удаление телефона из записи
156473,2021-04-14 21:16:06,Удаление из Обращались с номеров
156473,2021-04-14 21:16:48,Удаление из Обращались с номеров
156473,2021-04-14 21:16:54,Изменение контактных телефонов
156473,2021-04-17 19:48:42,Удаление из Обращались с номеров
157015,2021-03-16 13:08:26,Добавление в Обращались с номеров
157015,2021-03-16 13:09:55,Обращение в службу заботы о клиентах
157015,2021-03-16 13:31:40,Обращение в службу заботы о клиентах
157015,2021-03-16 13:36:10,Внутреннее сообщение
157015,2021-03-16 14:59:54,Изменение истории
157015,2021-03-16 15:02:11,Смена тарифа
157015,2021-03-16 15:04:06,Закрепление сообщения
157015,2021-03-16 15:04:08,Закрепление сообщения
157015,2021-03-16 15:17:46,Обращение в службу заботы о клиентах
157015,2021-03-16 16:44:13,Обращение в службу заботы о клиентах
157493,2021-03-07 19:51:20,Отключение услуги Аренда ТВ-приставки
157493,2021-03-07 19:51:28,Оборудование
157614,2021-04-20 15:13:40,Перенос денежных средств
157614,2021-04-20 15:14:54,Изменение истории
157614,2021-04-20 15:15:10,Продление действия тарифа
158560,2021-04-19 15:10:27,Внутреннее сообщение
158599,2021-03-31 20:43:29,Операция с mac-адресом
158606,2021-03-08 19:46:08,Обращение в службу заботы о клиентах
158606,2021-04-04 19:23:49,Активация гарантированного платежа
158606,2021-04-04 19:23:58,Обращение в службу заботы о клиентах
159180,2021-04-03 14:58:15,Обращение в службу заботы о клиентах
159180,2021-04-03 16:20:01,Отключение услуги Аренда ТВ-приставки
159180,2021-04-03 16:23:29,Оборудование
159296,2021-03-09 16:40:49,Оборудование
159296,2021-03-09 16:40:59,Обращение в службу заботы о клиентах
159296,2021-03-09 16:41:36,Изменение истории
159296,2021-03-09 16:41:40,Изменение истории
159296,2021-03-09 16:41:43,Изменение истории
159296,2021-03-09 16:41:46,Изменение истории
159296,2021-03-09 16:44:10,Изменение истории
159296,2021-03-09 16:45:15,Изменение истории
159367,2021-03-28 22:01:36,Обращение в службу заботы о клиентах
159367,2021-04-11 11:09:24,Активация ГП с IVR
159367,2021-04-11 12:01:03,Обращение в службу заботы о клиентах
159367,2021-04-11 12:15:48,Обращение в службу заботы о клиентах
159367,2021-04-15 22:56:43,Обращение в службу заботы о клиентах
159367,2021-04-20 17:26:02,Обращение в службу заботы о клиентах
159378,2021-04-10 13:16:03,Предложение ТВ
159378,2021-04-10 13:16:16,Предложение тарифа
159378,2021-04-10 13:17:00,Обращение в службу заботы о клиентах
159390,2021-03-14 18:57:35,Обращение в службу заботы о клиентах
159390,2021-03-20 11:25:47,Добавление в Обращались с номеров
159390,2021-03-20 11:35:59,Обращение в службу заботы о клиентах
159390,2021-03-20 11:38:00,Отключение скидки
159390,2021-03-20 11:38:02,Включена 30% скидка
159390,2021-03-20 11:39:18,Внутреннее сообщение
159390,2021-03-20 12:03:57,Смена пароля
159717,2021-03-30 21:44:40,Обращение в службу заботы о клиентах
160127,2021-03-01 00:06:34,Включение интернета на 20 минут
160127,2021-03-01 00:09:53,Обращение в службу заботы о клиентах
160127,2021-03-03 00:14:45,Обращение в службу заботы о клиентах
160127,2021-03-03 00:14:59,Активация гарантированного платежа
160127,2021-03-04 13:33:22,Обращение в службу заботы о клиентах
160127,2021-03-07 00:26:52,Активация гарантированного платежа
160127,2021-03-07 00:27:06,Обращение в службу заботы о клиентах
160127,2021-03-11 00:05:04,Активация автоматического гарантированного платежа
160127,2021-03-11 00:05:17,Обращение в службу заботы о клиентах
160127,2021-03-16 00:35:50,Активация автоматического гарантированного платежа
160127,2021-03-16 00:36:13,Обращение в службу заботы о клиентах
160127,2021-03-20 01:03:07,Активация ГП с IVR
160127,2021-03-27 09:11:04,Активация гарантированного платежа
160127,2021-03-27 09:11:14,Обращение в службу заботы о клиентах
160127,2021-04-01 11:55:00,Предложение автоплатежа
160127,2021-04-01 11:55:06,Активация гарантированного платежа
160127,2021-04-01 11:55:20,Обращение в службу заботы о клиентах
160127,2021-04-04 12:23:34,Активация гарантированного платежа
160127,2021-04-04 12:24:01,Предложение ТВ-пакета
160127,2021-04-04 12:24:42,Обращение в службу заботы о клиентах
160127,2021-04-04 15:49:40,Внесение
160127,2021-04-22 12:32:36,Активация гарантированного платежа
160127,2021-04-22 12:32:47,Обращение в службу заботы о клиентах
160127,2021-04-23 21:24:51,Обращение в службу заботы о клиентах
160127,2021-04-23 21:29:44,Обращение в службу заботы о клиентах
160583,2021-04-09 15:36:48,Обращение в службу заботы о клиентах
160583,2021-04-13 13:01:30,Отключение услуги Аренда ТВ-приставки
160583,2021-04-13 13:03:23,Обращение в службу заботы о клиентах
160583,2021-04-13 13:03:26,Включение услуги Аренда ТВ-приставки
160583,2021-04-13 13:03:26,Включение IPTV-пакета
160583,2021-04-13 13:03:37,Отключение услуги Аренда ТВ-приставки
160583,2021-04-13 13:03:44,Оборудование
161029,2021-04-01 16:32:16,Обращение в службу заботы о клиентах
161029,2021-04-01 19:25:50,Отключение услуги Аренда ТВ-приставки
161029,2021-04-01 19:26:12,Оборудование
161029,2021-04-02 00:12:30,Состояние клиентского оборудования
161698,2021-03-21 11:51:10,Добавление в Обращались с номеров
161698,2021-03-21 11:54:13,Смена тарифа
161698,2021-03-21 11:55:36,Обращение в службу заботы о клиентах
161698,2021-03-30 20:19:28,Состояние клиентского оборудования
161837,2021-03-19 15:00:05,Обращение в службу заботы о клиентах
161837,2021-03-19 15:00:14,Отключение услуги Аренда ТВ-приставки
161837,2021-03-19 15:00:17,Оборудование
161837,2021-03-19 15:00:40,Изменение истории
161837,2021-03-19 15:06:02,Закрепление сообщения
161837,2021-03-19 15:06:04,Закрепление сообщения
182759,2021-03-19 23:20:44,Добавление в Обращались с номеров
182759,2021-03-19 23:28:52,Внесение
182759,2021-03-19 23:42:01,Обращение в службу заботы о клиентах
182759,2021-03-21 23:31:01,Изменение истории
182759,2021-03-31 14:45:38,Обращение в службу заботы о клиентах
183926,2021-04-15 09:31:43,Обращение в службу заботы о клиентах
183926,2021-04-15 10:38:00,Обращение в службу заботы о клиентах
183926,2021-04-15 12:07:38,Состояние клиентского оборудования
185130,2021-03-20 22:43:23,Предложение IPTV
185130,2021-03-20 22:43:26,Обращение в службу заботы о клиентах
185184,2021-03-23 19:17:59,Обращение в службу заботы о клиентах
185184,2021-03-26 09:40:18,Добавление в Обращались с номеров
185184,2021-03-26 09:41:39,Обращение в службу заботы о клиентах
185184,2021-03-26 09:46:45,Отключение услуги Аренда ТВ-приставки
185184,2021-03-26 09:46:49,Оборудование
185184,2021-03-26 09:47:03,Обращение в службу заботы о клиентах
185328,2021-04-12 17:45:17,Отключение услуги Аренда ТВ-приставки
185328,2021-04-12 17:45:20,Оборудование
185542,2021-04-01 09:56:21,Добавление в Обращались с номеров
185542,2021-04-01 10:03:47,Обращение в службу заботы о клиентах
188046,2021-04-16 12:54:12,Обращение в службу заботы о клиентах
188046,2021-04-16 12:54:34,Отключение услуги Аренда ТВ-приставки
188046,2021-04-16 12:54:37,Оборудование
188046,2021-04-22 10:10:47,Отключение услуги Аренда ТВ-приставки
188046,2021-04-22 10:10:51,Оборудование
188046,2021-04-22 10:11:18,Обращение в службу заботы о клиентах
188261,2021-03-24 14:26:15,Обращение в службу заботы о клиентах
188261,2021-04-18 15:22:52,Внутреннее сообщение
188261,2021-04-18 15:26:39,Обращение в службу заботы о клиентах
188261,2021-04-18 18:13:02,Изменение данных клиента
188261,2021-04-18 18:13:05,Смена IP-адреса
188261,2021-04-18 18:14:22,Операция с mac-адресом
188261,2021-04-20 21:44:53,Обращение в службу заботы о клиентах
188261,2021-04-20 21:45:25,Предложение ТВ
188261,2021-04-21 12:11:30,Состояние клиентского оборудования
189202,2021-03-30 16:07:50,Обращение в службу заботы о клиентах
189202,2021-03-30 16:09:46,Добавление в Обращались с номеров
189202,2021-03-30 16:19:18,Обращение в службу заботы о клиентах
189202,2021-03-31 19:04:29,Предложение ТВ
189202,2021-03-31 19:11:27,Обращение в службу заботы о клиентах
189564,2021-03-31 13:38:32,Перенос денежных средств
189564,2021-03-31 13:39:27,Изменение истории
189595,2021-03-10 13:59:21,Обращение в службу заботы о клиентах
189685,2021-03-03 21:25:37,Активация гарантированного платежа
189685,2021-03-03 21:25:41,Обращение в службу заботы о клиентах
189685,2021-03-21 04:48:50,Активация ГП с IVR
189976,2021-03-30 18:04:31,Смена пароля
189976,2021-03-30 18:05:07,Обращение в службу заботы о клиентах
189976,2021-03-30 18:05:57,Смена схемы оплаты
190090,2021-03-13 12:59:16,Обращение в службу заботы о клиентах
190090,2021-03-13 19:42:52,Добавление в Обращались с номеров
190090,2021-03-13 19:43:57,Обращение в службу заботы о клиентах
190090,2021-03-13 20:01:32,Обращение в службу заботы о клиентах
190226,2021-04-27 12:28:29,Добавление в Обращались с номеров
190226,2021-04-27 12:29:53,Смена схемы оплаты
190226,2021-04-27 12:30:30,Обращение в службу заботы о клиентах
190226,2021-04-27 12:32:59,Обращение в службу заботы о клиентах
190678,2021-03-01 17:08:48,Выключение IPTV-пакета
190678,2021-03-01 17:09:22,Смена схемы оплаты
190678,2021-03-01 17:10:40,Обращение в службу заботы о клиентах
190682,2021-03-01 15:27:31,Обращение в службу заботы о клиентах
190682,2021-03-01 15:30:35,Обращение в службу заботы о клиентах
190682,2021-03-01 15:31:47,Предложение IPTV
190682,2021-03-04 18:33:57,Обращение в службу заботы о клиентах
190682,2021-03-04 18:55:01,Обращение в службу заботы о клиентах
190906,2021-03-01 20:08:53,Смена схемы оплаты
190906,2021-03-01 20:11:41,Обращение в службу заботы о клиентах
190906,2021-03-01 20:15:01,Смена тарифа
190906,2021-03-06 14:45:33,Обращение в службу заботы о клиентах
190906,2021-03-06 15:03:18,Обращение в службу заботы о клиентах
190906,2021-03-06 19:10:46,Состояние клиентского оборудования
190906,2021-03-11 17:49:29,Обращение в службу заботы о клиентах
190975,2021-03-17 11:18:34,Обращение в службу заботы о клиентах
190975,2021-03-24 10:43:29,Обращение в службу заботы о клиентах
191606,2021-03-02 17:35:12,Обращение в службу заботы о клиентах
192778,2021-03-26 15:30:05,Реестр договоров
192778,2021-03-26 16:50:35,Отключение услуги Автоплатёж
193408,2021-03-26 15:38:15,Реестр договоров
193408,2021-03-26 15:38:25,Реестр договоров
194831,2021-03-09 22:43:16,Обращение в службу заботы о клиентах
194831,2021-04-16 21:25:04,Добавление в Обращались с номеров
194831,2021-04-16 21:25:42,Обращение в службу заботы о клиентах
194831,2021-04-16 21:26:34,Предложение ТВ-пакета
194831,2021-04-16 21:29:32,Обращение в службу заботы о клиентах
194831,2021-04-16 21:29:43,Активация гарантированного платежа
195011,2021-04-26 11:38:09,Отключение услуги Аренда ТВ-приставки
195011,2021-04-26 11:38:13,Оборудование
195073,2021-03-30 16:26:56,Внутреннее сообщение
195073,2021-04-20 17:13:05,Обращение в службу заботы о клиентах
195073,2021-04-20 17:13:15,Отключение услуги Аренда ТВ-приставки
195073,2021-04-20 17:13:20,Оборудование
195073,2021-04-20 17:13:25,Изменение истории
195073,2021-04-21 10:13:29,Закрепление сообщения
195073,2021-04-21 10:13:31,Закрепление сообщения
195557,2021-03-16 18:02:33,Операция с mac-адресом
195557,2021-03-16 18:04:25,Отключение услуги Аренда ТВ-приставки
195557,2021-03-16 18:04:30,Оборудование
195557,2021-03-16 22:24:47,Операция с mac-адресом
195557,2021-04-05 19:35:51,Операция с mac-адресом
195575,2021-03-18 11:41:00,Обращение в службу заботы о клиентах
195575,2021-03-18 12:06:00,Обращение в службу заботы о клиентах
195575,2021-03-19 15:52:42,Обращение в службу заботы о клиентах
195575,2021-03-19 16:31:16,Обращение в службу заботы о клиентах
195575,2021-03-19 16:31:22,Отключение услуги Аренда ТВ-приставки
195575,2021-03-19 16:31:24,Оборудование
195575,2021-03-19 16:31:52,Включение услуги Аренда ТВ-приставки
195575,2021-03-19 16:31:52,Оборудование
195575,2021-03-19 16:32:13,Изменение истории
195575,2021-04-15 21:45:13,Обращение в службу заботы о клиентах
195575,2021-04-16 17:21:32,Отключение услуги Аренда ТВ-приставки
195575,2021-04-16 17:21:39,Оборудование
195575,2021-04-16 17:21:48,Обращение в службу заботы о клиентах
195575,2021-04-16 17:22:55,Отключение услуги Автоплатёж
196887,2021-03-31 20:58:59,Предложение ТВ
196887,2021-03-31 20:59:11,Обращение в службу заботы о клиентах
196901,2021-03-25 21:00:17,Внутреннее сообщение
197532,2021-04-02 19:22:55,Отключение услуги Аренда ТВ-приставки
197532,2021-04-02 19:23:01,Оборудование
197532,2021-04-13 13:12:55,Обращение в службу заботы о клиентах
197532,2021-04-13 13:13:43,Обращение в службу заботы о клиентах
199150,2021-03-29 12:01:54,Обращение в службу заботы о клиентах
199150,2021-04-05 10:48:57,Предложение ТВ
199150,2021-04-05 10:49:14,Обращение в службу заботы о клиентах
199150,2021-04-05 12:46:23,Обращение в службу заботы о клиентах
199258,2021-03-19 16:22:33,Обращение в службу заботы о клиентах
199316,2021-04-10 14:44:16,Обращение в службу заботы о клиентах
199316,2021-04-20 14:42:07,Обращение в службу заботы о клиентах
199316,2021-04-20 14:42:12,Отключение услуги Аренда ТВ-приставки
199316,2021-04-20 14:42:15,Отключение услуги Аренда ТВ-приставки
199316,2021-04-20 14:42:16,Отключение услуги Аренда ТВ-приставки
199316,2021-04-20 14:42:20,Оборудование
199316,2021-04-20 14:42:30,Оборудование
199316,2021-04-20 14:42:36,Оборудование
199365,2021-04-23 10:48:31,Обращение в службу заботы о клиентах
199365,2021-04-26 14:02:59,Обращение в службу заботы о клиентах
199544,2021-03-30 18:38:09,Добавление в Обращались с номеров
199544,2021-03-30 18:49:00,Обращение в службу заботы о клиентах
199544,2021-03-30 20:36:12,Обращение в службу заботы о клиентах
199544,2021-03-31 19:04:16,Операция с mac-адресом
199807,2021-03-18 09:38:39,Активация ГП с IVR
199807,2021-03-23 12:02:01,Обращение в службу заботы о клиентах
199807,2021-03-23 12:20:47,Активация гарантированного платежа
199807,2021-03-23 12:21:05,Обращение в службу заботы о клиентах
199807,2021-03-23 13:10:53,Обращение в службу заботы о клиентах
199807,2021-03-23 13:13:58,Предложение ТВ
199807,2021-03-29 16:20:49,Состояние клиентского оборудования
199807,2021-04-01 13:27:57,Активация ГП с IVR
199807,2021-04-14 14:33:34,Включение интернета на 20 минут
200273,2021-03-03 09:40:51,Обращение в службу заботы о клиентах
200274,2021-03-03 23:21:01,Предложение IPTV
200274,2021-03-04 10:06:45,Обращение в службу заботы о клиентах
200274,2021-03-04 15:20:20,Включение услуги Аренда ТВ-приставки
200274,2021-03-04 15:20:20,Включение IPTV-пакета
200274,2021-03-04 15:20:20,Оборудование
200274,2021-03-04 15:21:56,Активация точки подключения на сутки
200274,2021-03-04 15:32:45,Обращение в службу заботы о клиентах
200274,2021-03-04 15:37:10,Состояние клиентского оборудования
201535,2021-04-15 14:56:32,Обращение в службу заботы о клиентах
201535,2021-04-19 11:08:31,Обращение в службу заботы о клиентах
201535,2021-04-22 14:44:56,Отключение услуги Аренда ТВ-приставки
201535,2021-04-22 14:44:58,Оборудование
201535,2021-04-22 14:45:07,Обращение в службу заботы о клиентах
202034,2021-03-04 02:31:55,Обращение в службу заботы о клиентах
202034,2021-03-04 02:31:59,Обращение в службу заботы о клиентах
202034,2021-03-04 08:57:09,Обращение в службу заботы о клиентах
202034,2021-03-04 09:00:26,Обращение в службу заботы о клиентах
202034,2021-03-04 18:01:06,Обращение в службу заботы о клиентах
202034,2021-03-06 20:50:19,Выключение IPTV-пакета
202034,2021-03-06 20:52:22,Обращение в службу заботы о клиентах
202034,2021-03-06 21:59:23,Обращение в службу заботы о клиентах
202034,2021-03-19 00:49:44,Обращение в службу заботы о клиентах
202034,2021-03-19 01:05:19,Обращение в службу заботы о клиентах
202034,2021-03-19 01:10:34,Обращение в службу заботы о клиентах
202034,2021-03-19 01:25:45,Обращение в службу заботы о клиентах
202034,2021-03-19 05:04:07,Обращение в службу заботы о клиентах
202790,2021-04-23 19:22:26,Предложение ТВ
202790,2021-04-23 19:22:26,Предложение тарифа
202790,2021-04-23 19:23:18,Внутреннее сообщение
202790,2021-04-24 17:20:32,Смена тарифа
202790,2021-04-24 17:22:12,Изменение данных клиента
202790,2021-04-24 17:22:14,Смена IP-адреса
202790,2021-04-24 17:22:39,Смена пароля
203815,2021-04-08 21:12:38,Обращение в службу заботы о клиентах
203815,2021-04-09 21:44:13,Операция с mac-адресом
204465,2021-03-11 10:35:35,Обращение в службу заботы о клиентах
204795,2021-03-11 12:38:37,Расторжение
205268,2021-03-05 18:11:08,Добавление в Обращались с номеров
205268,2021-03-05 18:14:39,Обращение в службу заботы о клиентах
205268,2021-03-05 18:15:22,Обращение в службу заботы о клиентах
205268,2021-03-05 18:20:19,Предложение IPTV
205268,2021-03-05 19:54:59,Обращение в службу заботы о клиентах
205268,2021-03-07 18:34:54,Обращение в службу заботы о клиентах
205268,2021-03-07 18:36:23,Активация гарантированного платежа
205268,2021-03-07 18:36:36,Обращение в службу заботы о клиентах
205268,2021-03-09 15:42:31,Обращение в службу заботы о клиентах
205268,2021-03-09 16:46:54,Обращение в службу заботы о клиентах
205268,2021-03-10 20:22:01,Активация ГП с IVR
206756,2021-03-27 11:44:03,Обращение в службу заботы о клиентах
206756,2021-04-20 18:29:41,Обращение в службу заботы о клиентах
206756,2021-04-23 13:23:45,Отключение услуги Аренда ТВ-приставки
206756,2021-04-23 13:23:50,Оборудование
206756,2021-04-23 13:24:03,Обращение в службу заботы о клиентах
206756,2021-04-23 17:20:07,Обращение в службу заботы о клиентах
207276,2021-04-20 19:56:03,Обращение в службу заботы о клиентах
207825,2021-03-16 19:47:17,Обращение в службу заботы о клиентах
207880,2021-03-01 08:55:54,Обращение в службу заботы о клиентах
208306,2021-03-31 21:25:27,Предложение ТВ
208306,2021-03-31 21:25:37,Обращение в службу заботы о клиентах
208306,2021-03-31 22:04:54,Добавление в Обращались с номеров
208306,2021-03-31 22:08:18,Обращение в службу заботы о клиентах
208306,2021-03-31 22:22:07,Обращение в службу заботы о клиентах
208306,2021-03-31 22:23:24,Обращение в службу заботы о клиентах
208415,2021-03-19 08:00:41,Внутреннее сообщение
208415,2021-03-28 13:24:16,Обращение в службу заботы о клиентах
208415,2021-03-28 14:10:40,Обращение в службу заботы о клиентах
208415,2021-03-28 14:13:38,Смена пароля
208415,2021-03-28 14:13:42,Обращение в службу заботы о клиентах
208415,2021-03-29 11:53:55,Закрепление сообщения
208415,2021-03-29 11:54:27,Изменение истории
208598,2021-03-19 16:45:09,Обращение в службу заботы о клиентах
208598,2021-03-22 10:12:55,Обращение в службу заботы о клиентах
209464,2021-04-04 15:05:27,Смена тарифа
209464,2021-04-04 15:05:31,Изменение данных клиента
209464,2021-04-04 15:05:34,Смена IP-адреса
209464,2021-04-04 15:06:27,Изменение истории
209464,2021-04-04 15:06:31,Изменение истории
209464,2021-04-04 15:06:34,Изменение истории
209464,2021-04-04 15:06:38,Изменение истории
209464,2021-04-04 15:08:09,Смена пароля
209464,2021-04-04 15:09:08,Смена схемы оплаты
209464,2021-04-04 15:13:04,Активация точки подключения на сутки
209464,2021-04-18 13:23:13,Обращение в службу заботы о клиентах
209464,2021-04-18 13:24:39,Смена пароля
209464,2021-04-18 13:26:00,Предложение ТВ
209464,2021-04-26 12:03:36,Добавление в Обращались с номеров
209464,2021-04-26 12:04:04,Обращение в службу заботы о клиентах
209464,2021-04-26 12:05:51,Смена пароля
209464,2021-04-26 12:06:07,Обращение в службу заботы о клиентах
210053,2021-03-02 10:10:50,Обращение в службу заботы о клиентах
210053,2021-03-02 15:49:39,Обращение в службу заботы о клиентах
210053,2021-03-02 16:20:28,Обращение в службу заботы о клиентах
210053,2021-03-02 17:51:21,Обращение в службу заботы о клиентах
210053,2021-03-02 18:24:27,Состояние клиентского оборудования
210053,2021-03-04 15:11:05,Обращение в службу заботы о клиентах
210053,2021-03-08 14:33:47,Удаление из Обращались с номеров
210053,2021-03-08 14:34:05,Обращение в службу заботы о клиентах
210053,2021-03-11 11:20:55,Обращение в службу заботы о клиентах
210053,2021-03-11 11:25:08,Обращение в службу заботы о клиентах
210053,2021-03-11 11:39:23,Обращение в службу заботы о клиентах
210053,2021-03-13 09:33:57,Обращение в службу заботы о клиентах
210053,2021-03-13 12:50:25,Состояние клиентского оборудования
210053,2021-03-13 16:43:27,Обращение в службу заботы о клиентах
210053,2021-03-15 16:19:29,Обращение в службу заботы о клиентах
210053,2021-03-15 17:28:51,Обращение в службу заботы о клиентах
210053,2021-03-15 20:12:40,Обращение в службу заботы о клиентах
210053,2021-03-16 13:36:35,Обращение в службу заботы о клиентах
212095,2021-04-16 20:07:46,Внутреннее сообщение
212095,2021-04-16 22:05:19,Обращение в службу заботы о клиентах
212095,2021-04-17 19:59:26,Изменение данных клиента
212095,2021-04-17 19:59:29,Смена IP-адреса
212095,2021-04-17 20:00:03,Смена пароля
212095,2021-04-20 14:01:51,Отключение услуги Аренда ТВ-приставки
212095,2021-04-20 14:01:57,Оборудование
212095,2021-04-23 09:51:45,Внутреннее сообщение
212968,2021-03-25 19:52:20,Предложение ТВ
212968,2021-03-25 19:53:02,Внутреннее сообщение
213463,2021-03-19 23:33:57,Обращение в службу заботы о клиентах
213463,2021-03-19 23:40:25,Обращение в службу заботы о клиентах
214545,2021-04-08 17:01:17,Обращение в службу заботы о клиентах
214545,2021-04-09 19:57:39,Изменение данных клиента
214545,2021-04-09 19:58:23,Смена пароля
214545,2021-04-09 19:59:06,Смена схемы оплаты
214545,2021-04-09 19:59:38,Активация точки подключения на сутки
214545,2021-04-09 20:14:25,Состояние клиентского оборудования
214720,2021-03-05 15:20:56,Внутреннее сообщение
215211,2021-03-21 13:49:07,Внутреннее сообщение
215211,2021-03-21 15:51:37,Отключение услуги Аренда ТВ-приставки
215211,2021-03-21 15:51:40,Оборудование
215211,2021-03-21 15:52:05,Отключение услуги Аренда ТВ-приставки
215211,2021-03-21 15:52:08,Оборудование
215345,2021-03-24 16:18:50,Добавление в Обращались с номеров
215345,2021-03-27 14:29:54,Обращение в службу заботы о клиентах
215556,2021-04-05 16:10:30,Обращение в службу заботы о клиентах
215556,2021-04-15 22:06:36,Обращение в службу заботы о клиентах
216025,2021-03-23 13:04:18,Обращение в службу заботы о клиентах
216025,2021-03-23 13:04:49,Отключение услуги Автоплатёж
216099,2021-04-02 18:59:58,Обращение в службу заботы о клиентах
216099,2021-04-02 20:14:30,Обращение в службу заботы о клиентах
216150,2021-03-14 20:38:48,Обращение в службу заботы о клиентах
216150,2021-03-14 20:38:51,Обращение в службу заботы о клиентах
216150,2021-03-14 21:08:48,Обращение в службу заботы о клиентах
216150,2021-03-14 23:21:44,Состояние клиентского оборудования
216208,2021-03-31 13:31:09,Отключение услуги Автоплатёж
216232,2021-03-28 17:02:57,Обращение в службу заботы о клиентах
216232,2021-03-28 19:11:02,Внутреннее сообщение
216232,2021-03-28 19:12:38,Предложение тарифа
216232,2021-03-29 18:32:11,Изменение данных клиента
216232,2021-03-29 18:32:46,Активация точки подключения на сутки
216232,2021-03-29 18:34:52,Смена тарифа
216232,2021-03-29 18:35:35,Активация точки подключения на сутки
216363,2021-03-17 11:43:56,Обращение в службу заботы о клиентах
216363,2021-03-19 10:44:00,Смена тарифа
216363,2021-03-19 10:45:17,Смена пароля
216363,2021-03-19 10:46:03,Возвращение клиента
216363,2021-03-19 10:46:03,Внутреннее сообщение
216363,2021-03-19 10:46:04,Активация точки подключения на сутки
216363,2021-03-19 10:46:57,Оборудование
216413,2021-03-17 19:01:45,Обращение в службу заботы о клиентах
216413,2021-03-18 21:56:11,Смена тарифа
216592,2021-03-01 12:31:18,Обращение в службу заботы о клиентах
216592,2021-03-01 12:35:22,Обращение в службу заботы о клиентах
216592,2021-04-03 15:46:27,Обращение в службу заботы о клиентах
216592,2021-04-03 15:47:52,Внутреннее сообщение
216592,2021-04-03 17:13:39,Обращение в службу заботы о клиентах
218136,2021-04-11 13:05:39,Смена схемы оплаты
218136,2021-04-11 13:07:13,Предложение ТВ
218136,2021-04-11 13:07:28,Включение интернета на 20 минут
218136,2021-04-11 13:07:47,Обращение в службу заботы о клиентах
219528,2021-03-05 15:49:56,Обращение в службу заботы о клиентах
219528,2021-03-27 18:34:13,Смена тарифа
219528,2021-03-27 18:35:04,Отключение услуги Аренда ТВ-приставки
219528,2021-03-27 18:49:11,Состояние клиентского оборудования
219528,2021-03-29 11:28:16,Обращение в службу заботы о клиентах
219528,2021-03-31 11:22:34,Обращение в службу заботы о клиентах
219528,2021-03-31 11:39:13,Отключение услуги Аренда ТВ-приставки
219528,2021-04-07 18:37:36,Смена пароля
219528,2021-04-07 18:40:22,Смена схемы оплаты
219528,2021-04-07 18:42:25,Обращение в службу заботы о клиентах
219528,2021-04-07 18:54:41,Обращение в службу заботы о клиентах
219528,2021-04-07 19:00:14,Включение интернета на 20 минут
219528,2021-04-07 19:05:34,Обращение в службу заботы о клиентах
219528,2021-04-07 19:11:34,Внесение
219528,2021-04-07 19:19:11,Обращение в службу заботы о клиентах
219528,2021-04-08 19:11:00,Изменение истории
219528,2021-04-11 14:00:36,Обращение в службу заботы о клиентах
219528,2021-04-11 14:55:55,Отключение услуги Аренда ТВ-приставки
219528,2021-04-11 14:56:14,Оборудование
219528,2021-04-11 14:57:10,Обращение в службу заботы о клиентах
219679,2021-04-12 10:26:50,Добавление в Обращались с номеров
219679,2021-04-12 10:28:42,Обращение в службу заботы о клиентах
220423,2021-03-02 10:27:18,Обращение в службу заботы о клиентах
220423,2021-04-01 19:17:44,Перенос денежных средств
220423,2021-04-01 19:18:05,Изменение истории
220423,2021-04-01 19:18:21,Продление действия тарифа
220508,2021-03-31 22:13:34,Реестр договоров
220561,2021-03-10 19:26:36,Обращение в службу заботы о клиентах
220561,2021-04-24 00:06:03,Обращение в службу заботы о клиентах
220641,2021-03-07 17:18:54,Предложение IPTV
220641,2021-03-07 17:19:10,Обращение в службу заботы о клиентах
220641,2021-03-07 17:19:19,Предложение автоплатежа
221259,2021-03-28 20:30:54,Добавление в Обращались с номеров
221259,2021-03-28 20:31:09,Активация гарантированного платежа
221259,2021-03-28 20:31:16,Обращение в службу заботы о клиентах
221259,2021-03-31 21:07:13,Активация гарантированного платежа
221259,2021-03-31 21:07:46,Обращение в службу заботы о клиентах
221259,2021-04-03 22:20:10,Активация гарантированного платежа
221259,2021-04-03 22:21:19,Обращение в службу заботы о клиентах
221259,2021-04-03 22:21:49,Предложение тарифа
221259,2021-04-16 11:50:06,Добавление в Обращались с номеров
221259,2021-04-16 11:51:25,Активация гарантированного платежа
221259,2021-04-16 11:59:09,Обращение в службу заботы о клиентах
221259,2021-04-25 16:07:07,Активация гарантированного платежа
221259,2021-04-25 16:07:13,Обращение в службу заботы о клиентах
221259,2021-04-28 12:05:35,Отключение услуги Аренда ТВ-приставки
221259,2021-04-28 12:05:45,Оборудование
221259,2021-04-28 12:06:25,Выключение IPTV-пакета
221259,2021-04-28 12:06:28,Выключение IPTV-пакета
221259,2021-04-28 12:19:55,Состояние клиентского оборудования
221528,2021-03-16 18:58:44,Перенос денежных средств
221531,2021-04-02 13:58:08,Изменение контактных телефонов
221531,2021-04-02 13:58:35,Обращение в службу заботы о клиентах
221531,2021-04-05 10:23:24,Изменение истории
221531,2021-04-05 10:23:32,Закрепление сообщения
221531,2021-04-05 10:23:50,Изменение истории
221531,2021-04-05 10:24:05,Изменение истории
222090,2021-03-26 11:15:23,Внутреннее сообщение
222090,2021-03-26 19:21:16,Изменение данных клиента
222090,2021-03-26 19:21:17,Смена IP-адреса
222090,2021-03-26 19:21:44,Смена пароля
222090,2021-03-26 19:22:45,Изменение данных клиента
222090,2021-03-26 19:23:29,Активация точки подключения на сутки
222090,2021-03-26 19:27:49,Изменение истории
222090,2021-03-26 19:27:55,Изменение истории
222090,2021-03-26 19:28:00,Изменение истории
222137,2021-03-09 21:11:58,Обращение в службу заботы о клиентах
222137,2021-04-04 15:24:12,Перенос денежных средств
222137,2021-04-04 19:30:21,Внутреннее сообщение
222137,2021-04-04 19:31:31,Предложение тарифа
222137,2021-04-04 19:32:29,Обращение в службу заботы о клиентах
222210,2021-04-19 20:00:04,Предложение тарифа
222210,2021-04-19 20:05:11,Обращение в службу заботы о клиентах
222217,2021-03-21 18:03:34,Обращение в службу заботы о клиентах
222374,2021-04-01 14:09:55,Отключение услуги Аренда ТВ-приставки
222374,2021-04-01 14:09:59,Оборудование
223004,2021-03-10 21:23:19,Обращение в службу заботы о клиентах
223041,2021-03-06 16:44:56,Обращение в службу заботы о клиентах
223041,2021-03-06 16:46:51,Смена тарифа
223041,2021-03-06 16:48:47,Внесение
223041,2021-03-06 16:51:09,Внутреннее сообщение
223041,2021-03-10 13:06:39,Расторжение
223041,2021-03-10 13:07:10,Обращение в службу заботы о клиентах
223041,2021-03-10 17:01:01,Изменение истории
223041,2021-03-15 10:09:17,Обращение в службу заботы о клиентах
223041,2021-03-15 10:17:48,Обращение в службу заботы о клиентах
223041,2021-04-05 16:25:56,Отключение услуги Автоплатёж
223041,2021-04-05 16:26:03,Обращение в службу заботы о клиентах
223041,2021-04-05 16:52:49,Внутреннее сообщение
223041,2021-04-05 16:53:15,Смена тарифа
223041,2021-04-06 21:10:26,Активация гарантированного платежа
223041,2021-04-06 21:10:40,Обращение в службу заботы о клиентах
223041,2021-04-06 21:10:45,Предложение автоплатежа
223041,2021-04-08 09:55:26,Обращение в службу заботы о клиентах
223041,2021-04-08 10:44:34,Отключение услуги Аренда ТВ-приставки
223041,2021-04-08 10:44:42,Оборудование
223041,2021-04-08 10:53:25,Состояние клиентского оборудования
223201,2021-04-12 14:00:24,Добавление в Обращались с номеров
223566,2021-03-15 11:27:30,Обращение в службу заботы о клиентах
223566,2021-03-15 11:27:34,Отключение услуги Аренда ТВ-приставки
223566,2021-03-15 11:27:39,Оборудование
223566,2021-03-15 11:27:59,Смена следующего тарифа
223566,2021-03-23 16:16:37,Внесение
223566,2021-03-23 16:16:45,Обращение в службу заботы о клиентах
223566,2021-03-23 20:20:29,Обращение в службу заботы о клиентах
223566,2021-03-24 16:21:02,Изменение истории
224444,2021-03-26 20:40:05,Обращение в службу заботы о клиентах
224444,2021-03-26 21:16:02,Обращение в службу заботы о клиентах
224444,2021-04-01 13:36:39,Предложение ТВ
224444,2021-04-01 13:38:23,Обращение в службу заботы о клиентах
224877,2021-04-25 19:29:40,Отключение услуги Аренда ТВ-приставки
224877,2021-04-25 19:29:46,Оборудование
224904,2021-03-27 17:16:14,Внутреннее сообщение
224904,2021-03-27 20:32:35,Изменение данных клиента
224904,2021-03-27 20:32:38,Смена IP-адреса
224904,2021-03-27 20:33:26,Смена пароля
224904,2021-03-27 20:36:58,Смена тарифа
224904,2021-03-27 20:37:34,Оборудование
224904,2021-03-27 20:38:03,Включение услуги Аренда ТВ-приставки
224904,2021-03-27 20:38:03,Включение IPTV-пакета
224904,2021-03-27 20:38:03,Оборудование
224954,2021-03-31 20:08:26,Предложение ТВ
224954,2021-03-31 20:11:55,Обращение в службу заботы о клиентах
224974,2021-04-20 12:11:46,Обращение в службу заботы о клиентах
225013,2021-04-13 12:34:19,Обращение в службу заботы о клиентах
225013,2021-04-13 12:39:29,Отключение услуги Аренда ТВ-приставки
225013,2021-04-22 11:39:27,Оборудование
225384,2021-03-24 14:34:49,Добавление в Обращались с номеров
225384,2021-03-24 14:35:17,Обращение в службу заботы о клиентах
239498,2021-03-19 16:29:23,Добавление в Обращались с номеров
239498,2021-03-19 16:29:49,Обращение в службу заботы о клиентах
239498,2021-03-19 16:30:46,Предложение IPTV
239498,2021-03-20 16:50:17,Смена пароля
239498,2021-03-20 16:53:58,Обращение в службу заботы о клиентах
239528,2021-03-19 17:52:35,Внутреннее сообщение
239528,2021-03-23 14:45:19,Обращение в службу заботы о клиентах
239528,2021-03-23 15:12:06,Обращение в службу заботы о клиентах
239733,2021-03-23 09:28:32,Смена тарифа
239733,2021-04-09 10:17:44,Внутреннее сообщение
239733,2021-04-09 10:17:54,Внутреннее сообщение
239733,2021-04-09 10:18:14,Смена тарифа
239733,2021-04-09 10:18:47,Изменение истории
239898,2021-03-30 14:00:35,Перенос денежных средств
239898,2021-03-30 14:00:47,Перенос денежных средств
239898,2021-03-30 14:00:54,Перенос денежных средств
239981,2021-03-28 09:06:44,Обращение в службу заботы о клиентах
239981,2021-04-02 11:04:22,Отключение услуги Аренда ТВ-приставки
239981,2021-04-02 11:05:16,Оборудование
239981,2021-04-02 11:05:28,Обращение в службу заботы о клиентах
240098,2021-03-04 08:02:39,Обращение в службу заботы о клиентах
240098,2021-03-04 15:41:18,Обращение в службу заботы о клиентах
240098,2021-03-04 15:55:42,Обращение в службу заботы о клиентах
240098,2021-03-04 16:01:12,Обращение в службу заботы о клиентах
240098,2021-03-29 12:16:15,Отключение услуги Аренда ТВ-приставки
240098,2021-03-29 12:16:28,Оборудование
240098,2021-03-29 12:16:57,Обращение в службу заботы о клиентах
240281,2021-03-02 15:32:33,Обращение в службу заботы о клиентах
240281,2021-03-03 10:52:49,Изменение истории
240281,2021-03-03 10:53:15,Изменение истории
240281,2021-03-03 10:53:32,Закрепление сообщения
240285,2021-03-05 22:33:44,Обращение в службу заботы о клиентах
240436,2021-03-20 12:06:28,Обращение в службу заботы о клиентах
240833,2021-04-13 16:05:57,Добавление в Обращались с номеров
240833,2021-04-13 16:07:48,Обращение в службу заботы о клиентах
240833,2021-04-23 12:56:57,Обращение в службу заботы о клиентах
240833,2021-04-23 15:34:14,Отключение услуги Аренда ТВ-приставки
240833,2021-04-23 15:34:37,Оборудование
240833,2021-04-23 15:45:34,Изменение истории
240833,2021-04-23 15:49:03,Обращение в службу заботы о клиентах
240833,2021-04-23 15:54:12,Закрепление сообщения
241317,2021-03-07 04:04:27,Активация гарантированного платежа
241317,2021-03-07 04:04:57,Обращение в службу заботы о клиентах
241317,2021-03-10 06:51:30,Активация гарантированного платежа
241317,2021-03-10 06:51:57,Обращение в службу заботы о клиентах
241317,2021-04-17 00:34:41,Предложение автоплатежа
241317,2021-04-17 00:53:07,Активация гарантированного платежа
241317,2021-04-20 12:41:38,Активация гарантированного платежа
241317,2021-04-20 12:41:53,Обращение в службу заботы о клиентах
241317,2021-04-20 12:43:44,Предложение ТВ-пакета
241317,2021-04-21 12:20:38,Отключение услуги Аренда ТВ-приставки
241317,2021-04-21 12:20:45,Оборудование
241353,2021-03-09 21:11:00,Добавление в Обращались с номеров
241353,2021-03-09 21:16:57,Обращение в службу заботы о клиентах
241353,2021-03-09 21:17:04,Обращение в службу заботы о клиентах
241353,2021-03-10 14:49:30,Обращение в службу заботы о клиентах
241353,2021-03-11 16:41:05,Внутреннее сообщение
241353,2021-03-25 16:05:43,Отключение услуги Аренда ТВ-приставки
241353,2021-03-25 16:06:03,Оборудование
241353,2021-03-29 10:16:36,Закрепление сообщения
241353,2021-03-29 10:18:54,Закрепление сообщения
241353,2021-03-29 10:19:09,Изменение истории
266800,2021-04-29 12:47:14,Обращение в службу заботы о клиентах
266910,2021-03-12 14:47:11,Обращение в службу заботы о клиентах
266910,2021-03-13 15:48:19,Обращение в службу заботы о клиентах
267636,2021-04-09 23:57:28,Предложение ТВ
267636,2021-04-10 00:02:28,Обращение в службу заботы о клиентах
268002,2021-03-07 14:53:10,Обращение в службу заботы о клиентах
268002,2021-03-07 15:00:11,Внутреннее сообщение
268002,2021-03-07 15:08:37,Удаление из Обращались с номеров
268002,2021-03-07 15:08:38,Удаление из Обращались с номеров
268002,2021-03-07 15:09:39,Изменение контактных телефонов
268002,2021-03-07 15:09:44,Удаление телефона из записи
268002,2021-03-07 15:10:51,Обращение в службу заботы о клиентах
268002,2021-03-07 21:08:18,Изменение данных клиента
268002,2021-03-07 21:08:21,Смена IP-адреса
268002,2021-03-07 21:08:55,Смена пароля
268002,2021-03-07 21:10:17,Отключение услуги Аренда ТВ-приставки
268002,2021-03-07 21:10:24,Оборудование
268002,2021-03-07 21:11:20,Смена схемы оплаты
268002,2021-03-07 21:11:35,Активация точки подключения на сутки
268002,2021-03-14 00:27:43,Обращение в службу заботы о клиентах
268002,2021-03-14 00:37:22,Обращение в службу заботы о клиентах
268002,2021-04-14 07:48:51,Добавление в Обращались с номеров
268002,2021-04-14 07:49:08,Активация гарантированного платежа
268002,2021-04-14 07:49:38,Предложение тарифа
268002,2021-04-14 07:49:48,Обращение в службу заботы о клиентах
268066,2021-04-12 18:31:44,Предложение тарифа
268409,2021-04-13 19:13:50,Обращение в службу заботы о клиентах
268409,2021-04-13 19:23:05,Включение интернета на 20 минут
268409,2021-04-13 19:36:15,Предложение ТВ
268409,2021-04-20 11:28:52,Обращение в службу заботы о клиентах
268917,2021-03-12 18:19:15,Обращение в службу заботы о клиентах
268917,2021-03-22 16:21:50,Внесение
268917,2021-03-22 16:22:28,Обращение в службу заботы о клиентах
268917,2021-03-22 16:22:40,Внутреннее сообщение
268917,2021-04-06 16:21:01,Изменение истории
269405,2021-03-09 18:49:12,Операция с mac-адресом
269562,2021-03-28 18:10:36,Добавление в Обращались с номеров
269562,2021-03-28 18:13:26,Предложение автоплатежа
269562,2021-03-28 18:16:44,Обращение в службу заботы о клиентах
269562,2021-03-28 18:17:42,Удаление из Обращались с номеров
269562,2021-03-28 18:17:42,Изменение контактных телефонов
269637,2021-03-07 14:59:42,Изменение данных клиента
269637,2021-03-07 14:59:44,Смена IP-адреса
269637,2021-03-07 15:01:43,Смена пароля
269859,2021-04-07 18:45:58,Смена схемы оплаты
269859,2021-04-07 18:46:17,Обращение в службу заботы о клиентах
270023,2021-03-24 15:46:24,Внутреннее сообщение
270023,2021-03-24 15:47:46,Предложение тарифа
270023,2021-03-25 16:27:25,Изменение данных клиента
270023,2021-03-25 16:27:27,Смена IP-адреса
270023,2021-03-25 16:27:45,Смена пароля
270023,2021-03-25 16:32:48,Смена тарифа
270023,2021-04-12 15:18:34,Добавление в Обращались с номеров
270023,2021-04-12 15:21:53,Внутреннее сообщение
270023,2021-04-12 15:22:31,Обращение в службу заботы о клиентах
270119,2021-04-06 16:22:44,Обращение в службу заботы о клиентах
270119,2021-04-07 20:58:03,Состояние клиентского оборудования
270247,2021-03-21 13:07:04,Добавление в Обращались с номеров
270247,2021-03-21 13:14:20,Обращение в службу заботы о клиентах
270247,2021-03-25 11:27:16,Состояние клиентского оборудования
270247,2021-04-22 11:09:51,Предложение ТВ
270247,2021-04-22 11:10:15,Обращение в службу заботы о клиентах
270247,2021-04-22 18:31:00,Состояние клиентского оборудования
270553,2021-04-15 15:17:30,Обращение в службу заботы о клиентах
270553,2021-04-15 15:32:11,Обращение в службу заботы о клиентах
270553,2021-04-16 21:24:04,Обращение в службу заботы о клиентах
270654,2021-03-03 14:24:15,Активация гарантированного платежа
270654,2021-03-03 14:24:20,Обращение в службу заботы о клиентах
270893,2021-04-10 02:21:54,Смена схемы оплаты
270893,2021-04-10 02:22:22,Предложение ТВ
270923,2021-03-12 22:25:27,Добавление в Обращались с номеров
270923,2021-03-12 22:26:18,Обращение в службу заботы о клиентах
270923,2021-03-12 22:27:39,Смена пароля
270923,2021-03-12 22:35:40,Операция с mac-адресом
270923,2021-03-12 22:40:24,Предложение IPTV
270923,2021-03-12 22:40:35,Обращение в службу заботы о клиентах
270975,2021-04-24 18:29:59,Обращение в службу заботы о клиентах
271005,2021-03-08 18:59:16,Обращение в службу заботы о клиентах
271005,2021-03-08 19:00:53,Выключение IPTV-пакета
271005,2021-03-08 19:01:45,Обращение в службу заботы о клиентах
271049,2021-04-28 10:31:49,Внутреннее сообщение
271082,2021-03-05 10:53:02,Предложение IPTV
271082,2021-03-05 10:54:24,Внутреннее сообщение
271082,2021-03-05 14:49:30,Изменение данных клиента
271082,2021-03-05 14:49:32,Смена IP-адреса
271082,2021-03-05 14:52:12,Активация точки подключения на сутки
271082,2021-04-20 11:59:55,Закрепление сообщения
271082,2021-04-20 12:00:20,Реестр договоров
271241,2021-03-03 17:24:24,Внутреннее сообщение
271241,2021-03-04 18:37:09,Изменение данных клиента
271241,2021-03-04 18:37:11,Смена IP-адреса
271241,2021-03-04 18:38:03,Операция с mac-адресом
271241,2021-03-04 18:45:46,Активация точки подключения на сутки
271819,2021-03-28 15:26:02,Обращение в службу заботы о клиентах
271819,2021-03-28 20:47:10,Состояние клиентского оборудования
271819,2021-03-31 19:33:31,Обращение в службу заботы о клиентах
271819,2021-04-20 14:34:33,Внутреннее сообщение
271819,2021-04-20 14:34:54,Обращение в службу заботы о клиентах
271819,2021-04-23 14:42:25,Обращение в службу заботы о клиентах
271822,2021-03-07 10:18:22,Обращение в службу заботы о клиентах
271822,2021-03-15 09:05:35,Обращение в службу заботы о клиентах
271822,2021-03-15 11:04:18,Обращение в службу заботы о клиентах
271822,2021-03-17 12:49:47,Отключение услуги Аренда ТВ-приставки
271822,2021-03-17 12:49:55,Оборудование
271822,2021-03-17 12:50:12,Обращение в службу заботы о клиентах
271952,2021-03-22 20:16:30,Предложение IPTV
271952,2021-03-22 20:18:20,Внутреннее сообщение
272061,2021-03-12 20:09:50,Предложение IPTV
272061,2021-03-12 20:10:06,Обращение в службу заботы о клиентах
272312,2021-03-01 22:49:04,Изменение истории
272312,2021-03-31 01:03:20,Обращение в службу заботы о клиентах
272352,2021-03-14 10:22:28,Отключение услуги Автоплатёж
272352,2021-03-14 10:54:07,Обращение в службу заботы о клиентах
272617,2021-03-05 16:33:12,Обращение в службу заботы о клиентах
272617,2021-03-05 20:48:39,Операция с mac-адресом
272617,2021-03-05 20:50:13,Оборудование
272617,2021-03-05 21:44:00,Оборудование
272617,2021-03-05 22:37:44,Состояние клиентского оборудования
272802,2021-04-02 17:12:08,Отключение услуги Автоплатёж
273246,2021-03-26 18:57:40,Перенос денежных средств
273246,2021-03-26 18:58:48,Предложение ТВ
273246,2021-03-26 19:05:11,Обращение в службу заботы о клиентах
273246,2021-03-30 14:31:12,Обращение в службу заботы о клиентах
273246,2021-04-01 15:20:40,Обращение в службу заботы о клиентах
273292,2021-03-17 19:40:47,Операция с mac-адресом
273485,2021-04-14 13:04:33,Смена тарифа
273485,2021-04-14 13:04:39,Смена схемы оплаты
273485,2021-04-14 13:05:41,Внутреннее сообщение
273485,2021-04-26 17:16:44,Закрепление сообщения
273528,2021-04-07 12:42:05,Обращение в службу заботы о клиентах
273538,2021-04-23 00:48:20,Предложение ТВ
273538,2021-04-23 00:48:49,Обращение в службу заботы о клиентах
273680,2021-03-12 15:09:50,Предложение IPTV
273680,2021-03-12 15:26:31,Обращение в службу заботы о клиентах
273680,2021-03-24 11:32:40,Операция с mac-адресом
273695,2021-03-02 15:20:56,Обращение в службу заботы о клиентах
273695,2021-03-02 20:45:38,Обращение в службу заботы о клиентах
273695,2021-03-02 21:33:10,Отмена гарантированного платежа
273695,2021-03-02 21:33:15,Активация гарантированного платежа
273695,2021-03-02 21:47:56,Обращение в службу заботы о клиентах
273695,2021-03-03 19:16:13,Обращение в службу заботы о клиентах
273695,2021-03-04 13:13:13,Добавление в Обращались с номеров
273695,2021-03-04 13:15:37,Обращение в службу заботы о клиентах
273695,2021-03-04 14:40:53,Состояние клиентского оборудования
273695,2021-03-06 17:44:41,Добавление в Обращались с номеров
273695,2021-03-06 17:45:39,Обращение в службу заботы о клиентах
273695,2021-03-06 17:46:14,Внутреннее сообщение
273695,2021-03-07 15:05:17,Обращение в службу заботы о клиентах
273695,2021-03-07 18:03:22,Отключение услуги Аренда ТВ-приставки
273695,2021-03-07 18:06:45,Операция с mac-адресом
273695,2021-03-07 18:07:09,Включение услуги Аренда ТВ-приставки
273695,2021-03-07 18:07:09,Включение IPTV-пакета
273695,2021-03-07 18:07:09,Оборудование
273695,2021-03-07 18:09:02,Внесение
273695,2021-03-07 18:09:22,Изменение истории
273695,2021-03-07 18:09:25,Изменение истории
273695,2021-03-07 18:16:19,Состояние клиентского оборудования
273695,2021-03-07 18:19:00,Изменение контактных телефонов
273695,2021-03-12 10:32:59,Манипуляции с оборудованием
273695,2021-03-12 10:33:06,Манипуляции с оборудованием
273695,2021-03-16 16:54:09,Внутреннее сообщение
273695,2021-03-16 18:11:01,Изменение истории
273695,2021-04-13 15:28:41,Обращение в службу заботы о клиентах
273695,2021-04-28 13:49:18,Обращение в службу заботы о клиентах
273849,2021-03-03 12:48:13,Обращение в службу заботы о клиентах
273849,2021-03-03 14:36:38,Предложение ТВ-пакета
273849,2021-03-03 14:36:53,Обращение в службу заботы о клиентах
273849,2021-03-09 16:45:23,Обращение в службу заботы о клиентах
273849,2021-04-03 20:04:12,Активация ГП с IVR
274601,2021-04-20 10:47:54,Смена тарифа
274601,2021-04-20 10:48:13,Предложение ТВ
274601,2021-04-20 10:48:32,Обращение в службу заботы о клиентах
274601,2021-04-20 10:54:35,Обращение в службу заботы о клиентах
274710,2021-04-20 18:31:11,Добавление в Обращались с номеров
274710,2021-04-20 18:32:46,Внутреннее сообщение
274710,2021-04-20 19:46:08,Изменение данных клиента
274710,2021-04-20 19:46:09,Смена IP-адреса
274710,2021-04-20 19:46:27,Смена пароля
274782,2021-04-15 11:10:36,Реестр договоров
274782,2021-04-17 11:23:59,Обращение в службу заботы о клиентах
274782,2021-04-19 10:35:15,Обращение в службу заботы о клиентах
274782,2021-04-19 10:59:25,Обращение в службу заботы о клиентах
274782,2021-04-22 13:04:30,Отключение услуги Аренда ТВ-приставки
274782,2021-04-22 13:04:35,Оборудование
274782,2021-04-22 13:04:49,Обращение в службу заботы о клиентах
274782,2021-04-22 13:04:56,Отключение услуги Автоплатёж
274786,2021-04-15 11:10:59,Реестр договоров
274786,2021-04-25 20:23:42,Обращение в службу заботы о клиентах
274786,2021-04-26 10:20:08,Обращение в службу заботы о клиентах
274786,2021-04-28 19:26:41,Обращение в службу заботы о клиентах
274786,2021-04-28 19:28:51,Обращение в службу заботы о клиентах
274786,2021-04-29 10:15:39,Обращение в службу заботы о клиентах
274918,2021-04-15 13:06:10,Реестр договоров
275109,2021-03-01 12:23:20,Активация гарантированного платежа
275109,2021-03-01 12:23:28,Обращение в службу заботы о клиентах
275109,2021-04-15 21:25:20,Реестр договоров
275285,2021-03-15 09:53:54,Добавление в Обращались с номеров
275285,2021-03-15 09:54:05,Обращение в службу заботы о клиентах
275285,2021-03-15 11:26:59,Обращение в службу заботы о клиентах
275285,2021-03-15 12:03:10,Обращение в службу заботы о клиентах
275285,2021-03-17 14:38:07,Состояние клиентского оборудования
275285,2021-04-15 22:35:58,Реестр договоров
275308,2021-04-16 11:48:47,Реестр договоров
275409,2021-04-10 17:29:10,Обращение в службу заботы о клиентах
275409,2021-04-11 13:52:45,Добавление в Обращались с номеров
275409,2021-04-11 14:06:36,Обращение в службу заботы о клиентах
275409,2021-04-12 16:08:22,Обращение в службу заботы о клиентах
275409,2021-04-16 12:16:18,Реестр договоров
275628,2021-04-19 11:59:39,Реестр договоров
275684,2021-03-06 13:43:23,Внутреннее сообщение
275684,2021-03-06 13:44:04,Обращение в службу заботы о клиентах
275684,2021-03-06 15:00:11,Изменение данных клиента
275684,2021-03-06 15:00:14,Смена IP-адреса
275684,2021-03-06 15:00:57,Активация точки подключения на сутки
275684,2021-03-06 15:01:35,Смена пароля
275684,2021-03-06 15:33:48,Оборудование
275684,2021-04-19 12:05:07,Реестр договоров
275744,2021-04-19 12:46:03,Реестр договоров
276114,2021-03-06 12:30:51,Обращение в службу заботы о клиентах
276114,2021-03-06 20:30:05,Обращение в службу заботы о клиентах
276114,2021-03-27 01:44:02,Включена 10% скидка
276114,2021-03-27 01:45:14,Предложение автоплатежа
276114,2021-03-27 01:45:29,Обращение в службу заботы о клиентах
276114,2021-03-27 09:36:38,Обращение в службу заботы о клиентах
276141,2021-04-13 10:30:40,Операция с mac-адресом
276158,2021-04-27 16:55:41,Обращение в службу заботы о клиентах
276304,2021-04-12 14:28:23,Операция с mac-адресом
276325,2021-03-07 15:21:54,Выключение IPTV-пакета
276325,2021-03-07 15:21:57,Выключение IPTV-пакета
276325,2021-03-07 15:21:58,Выключение IPTV-пакета
276325,2021-03-07 15:28:57,Обращение в службу заботы о клиентах
276325,2021-04-25 20:23:41,Обращение в службу заботы о клиентах
276350,2021-03-10 12:07:26,Добавление в Обращались с номеров
276350,2021-03-10 12:10:11,Обращение в службу заботы о клиентах
276350,2021-03-24 14:08:38,Обращение в службу заботы о клиентах
276350,2021-03-24 14:36:58,Обращение в службу заботы о клиентах
276350,2021-03-27 19:12:44,Смена схемы оплаты
276350,2021-03-27 19:13:23,Обращение в службу заботы о клиентах
276350,2021-04-11 12:03:17,Обращение в службу заботы о клиентах
276350,2021-04-15 15:11:55,Отключение услуги Аренда ТВ-приставки
276350,2021-04-15 15:11:58,Оборудование
277024,2021-03-01 00:07:51,Обращение в службу заботы о клиентах
277024,2021-04-01 21:20:31,Активация ГП с IVR
277024,2021-04-10 01:15:46,Предложение автоплатежа
277024,2021-04-10 01:15:56,Активация гарантированного платежа
277024,2021-04-10 01:16:16,Обращение в службу заботы о клиентах
277024,2021-04-13 19:39:49,Активация ГП с IVR
277024,2021-04-25 16:02:44,Обращение в службу заботы о клиентах
277024,2021-04-25 16:03:08,Внутреннее сообщение
277024,2021-04-26 12:18:05,Обращение в службу заботы о клиентах
277475,2021-04-11 14:15:52,Смена схемы оплаты
277475,2021-04-11 14:22:06,Обращение в службу заботы о клиентах
277475,2021-04-22 15:53:34,Обращение в службу заботы о клиентах
277475,2021-04-23 11:07:58,Внутреннее сообщение
277685,2021-04-13 12:52:30,Отключение услуги Аренда ТВ-приставки
277685,2021-04-13 12:52:36,Оборудование
277685,2021-04-13 12:52:48,Обращение в службу заботы о клиентах
278130,2021-03-22 16:39:42,Обращение в службу заботы о клиентах
278130,2021-03-27 00:33:04,Внесение
278130,2021-03-27 00:33:50,Внутреннее сообщение
278130,2021-03-27 13:04:37,Обращение в службу заботы о клиентах
278130,2021-03-29 18:01:02,Изменение истории
278130,2021-03-30 12:14:23,Закрепление сообщения
278130,2021-04-27 18:12:11,Обращение в службу заботы о клиентах
278323,2021-03-26 21:26:37,Обращение в службу заботы о клиентах
278337,2021-04-20 15:36:32,Отключение услуги Аренда ТВ-приставки
278337,2021-04-20 15:36:35,Оборудование
278350,2021-03-05 19:10:55,Смена пароля
278350,2021-03-05 19:12:37,Обращение в службу заботы о клиентах
278350,2021-03-05 19:15:07,Добавление в Обращались с номеров
278350,2021-03-05 19:15:51,Обращение в службу заботы о клиентах
278350,2021-03-07 19:49:40,Смена пароля
278350,2021-03-07 19:49:49,Обращение в службу заботы о клиентах
278350,2021-03-10 14:55:18,Внутреннее сообщение
278424,2021-03-03 15:35:19,Оборудование
278424,2021-03-03 15:35:40,Обращение в службу заботы о клиентах
278424,2021-03-04 15:43:09,Смена тарифа
278424,2021-03-04 15:43:33,Обращение в службу заботы о клиентах
278683,2021-04-07 11:52:28,Обращение в службу заботы о клиентах
278683,2021-04-14 19:44:33,Обращение в службу заботы о клиентах
278683,2021-04-15 12:35:47,Отключение услуги Аренда ТВ-приставки
278683,2021-04-15 12:35:50,Оборудование
278683,2021-04-15 12:36:02,Обращение в службу заботы о клиентах
278688,2021-03-01 14:52:30,Добавление в Обращались с номеров
278688,2021-03-01 14:56:56,Обращение в службу заботы о клиентах
278688,2021-04-06 20:12:04,Обращение в службу заботы о клиентах
278688,2021-04-06 21:11:10,Обращение в службу заботы о клиентах
278688,2021-04-07 13:55:17,Состояние клиентского оборудования
278945,2021-04-01 11:33:23,Обращение в службу заботы о клиентах
278957,2021-03-31 08:40:07,Добавление в Обращались с номеров
278957,2021-03-31 11:19:23,Отключение услуги Аренда ТВ-приставки
278957,2021-03-31 11:19:27,Оборудование
278957,2021-03-31 11:19:38,Обращение в службу заботы о клиентах
278975,2021-03-23 09:04:24,Добавление в Обращались с номеров
278975,2021-03-23 09:08:11,Обращение в службу заботы о клиентах
278975,2021-03-23 16:57:02,Добавление в Обращались с номеров
279133,2021-04-28 15:42:36,Добавление в Обращались с номеров
279133,2021-04-28 15:48:13,Обращение в службу заботы о клиентах
279296,2021-03-10 21:09:04,Добавление в Обращались с номеров
279296,2021-03-10 21:12:10,Обращение в службу заботы о клиентах
279296,2021-03-14 18:52:47,Обращение в службу заботы о клиентах
279296,2021-03-14 18:53:29,Включение интернета на 20 минут
279296,2021-04-05 12:48:47,Обращение в службу заботы о клиентах
279323,2021-03-17 19:47:59,Добавление в Обращались с номеров
279323,2021-03-17 19:51:23,Обращение в службу заботы о клиентах
279323,2021-03-27 20:17:24,Обращение в службу заботы о клиентах
279323,2021-03-28 08:10:29,Обращение в службу заботы о клиентах
279323,2021-03-28 11:05:39,Смена схемы оплаты
279323,2021-03-28 11:09:03,Состояние клиентского оборудования
279323,2021-04-07 09:22:18,Активация гарантированного платежа
279323,2021-04-07 09:25:16,Обращение в службу заботы о клиентах
279323,2021-04-07 10:42:03,Обращение в службу заботы о клиентах
279323,2021-04-07 10:54:11,Внесение
279323,2021-04-07 10:59:55,Изменение истории
279323,2021-04-07 11:07:02,Обращение в службу заботы о клиентах
279323,2021-04-07 11:16:07,Операция с mac-адресом
279323,2021-04-07 11:22:25,Отключение услуги Аренда ТВ-приставки
279323,2021-04-07 11:22:59,Оборудование
279323,2021-04-07 11:36:50,Состояние клиентского оборудования
279420,2021-03-26 19:55:40,Добавление в Обращались с номеров
279420,2021-03-26 20:03:04,Обращение в службу заботы о клиентах
279420,2021-03-31 16:21:29,Обращение в службу заботы о клиентах
279420,2021-04-12 08:21:12,Обращение в службу заботы о клиентах
279654,2021-03-08 15:20:45,Обращение в службу заботы о клиентах
279654,2021-03-09 01:59:21,Обращение в службу заботы о клиентах
279654,2021-03-14 07:52:59,Обращение в службу заботы о клиентах
279654,2021-03-31 19:40:30,Обращение в службу заботы о клиентах
279654,2021-04-05 17:42:07,Обращение в службу заботы о клиентах
279654,2021-04-06 11:04:13,Обращение в службу заботы о клиентах
279963,2021-03-01 16:05:51,Блокировка лицевого счета
279963,2021-03-01 16:05:52,Состояние клиентского оборудования
279963,2021-03-02 00:05:01,Включение блокировки лицевого счета
279963,2021-03-06 14:40:24,Обращение в службу заботы о клиентах
279971,2021-03-01 17:16:21,Состояние клиентского оборудования
279971,2021-03-01 17:16:21,Смена тарифа
279971,2021-03-01 17:16:21,Внутреннее сообщение
279971,2021-03-01 17:17:07,Операция с mac-адресом
279971,2021-03-13 14:24:43,Уведомления: подключение
279971,2021-03-13 14:26:47,Уведомления: подтверждение
279971,2021-03-16 12:48:57,Обращение в службу заботы о клиентах
279971,2021-03-16 15:45:58,Обращение в службу заботы о клиентах
279971,2021-03-16 15:47:37,Обращение в службу заботы о клиентах
279980,2021-03-01 19:30:43,Состояние клиентского оборудования
279980,2021-03-01 19:30:43,Смена тарифа
279980,2021-03-01 19:30:43,Внутреннее сообщение
279980,2021-03-25 18:04:17,Оборудование
279980,2021-03-31 14:32:28,Манипуляции с оборудованием
280010,2021-03-02 14:59:01,Состояние клиентского оборудования
280010,2021-03-02 15:23:55,Обращение в службу заботы о клиентах
280010,2021-03-02 16:05:46,Включение услуги Аренда ТВ-приставки
280010,2021-03-02 16:05:46,Включение IPTV-пакета
280010,2021-03-02 16:05:46,Оборудование
280010,2021-03-02 16:06:11,Оборудование
280010,2021-03-02 16:10:02,Изменение истории
280010,2021-03-22 20:28:04,Обращение в службу заботы о клиентах
280049,2021-03-02 21:53:10,Состояние клиентского оборудования
280049,2021-03-02 21:53:10,Смена тарифа
280049,2021-03-02 21:53:10,Внутреннее сообщение
280049,2021-03-02 21:57:11,Чек лист выполненных работ при регистрации
280049,2021-03-02 21:57:30,Оборудование
280087,2021-03-03 18:46:49,Состояние клиентского оборудования
280087,2021-03-03 18:46:49,Смена тарифа
280087,2021-03-03 18:46:49,Внутреннее сообщение
280089,2021-03-03 19:01:11,Состояние клиентского оборудования
280089,2021-03-03 19:03:59,Оборудование
280089,2021-03-03 19:18:19,Включение услуги Аренда ТВ-приставки
280089,2021-03-03 19:18:19,Включение IPTV-пакета
280089,2021-03-03 19:18:19,Оборудование
280089,2021-03-03 19:30:07,Активация точки подключения на сутки
280089,2021-03-30 20:52:32,Внесение
280089,2021-03-30 20:52:39,Обращение в службу заботы о клиентах
280089,2021-03-31 21:01:00,Изменение истории
280136,2021-03-04 17:01:07,Состояние клиентского оборудования
280149,2021-03-04 19:00:33,Состояние клиентского оборудования
280149,2021-03-04 19:01:30,Оборудование
280158,2021-03-04 20:47:07,Состояние клиентского оборудования
280158,2021-03-04 20:47:08,Смена тарифа
280158,2021-03-04 20:47:08,Внутреннее сообщение
280158,2021-03-04 20:48:10,Операция с mac-адресом
280158,2021-03-04 20:59:21,Чек лист выполненных работ при регистрации
280158,2021-03-04 21:00:49,Оборудование
280158,2021-03-04 21:09:11,Блокировка
280248,2021-03-06 16:36:05,Состояние клиентского оборудования
280248,2021-03-06 16:36:06,Смена тарифа
280248,2021-03-06 16:36:06,Внутреннее сообщение
280248,2021-03-06 16:48:53,Оборудование
280248,2021-03-06 16:49:07,Включение услуги Аренда ТВ-приставки
280248,2021-03-06 16:49:07,Включение IPTV-пакета
280248,2021-03-06 16:49:07,Оборудование
280248,2021-03-29 09:06:55,Обращение в службу заботы о клиентах
280251,2021-03-06 17:04:14,Состояние клиентского оборудования
280251,2021-03-06 17:05:01,Операция с mac-адресом
280251,2021-03-06 17:06:42,Включение услуги Аренда ТВ-приставки
280251,2021-03-06 17:06:43,Включение IPTV-пакета
280251,2021-03-06 17:06:43,Оборудование
280251,2021-03-06 17:07:10,Оборудование
280251,2021-03-12 11:05:56,Обращение в службу заботы о клиентах
280251,2021-03-18 09:58:42,Оборудование
280251,2021-03-18 09:58:57,Обращение в службу заботы о клиентах
280251,2021-03-18 09:59:12,Изменение истории
280299,2021-03-07 19:37:18,Состояние клиентского оборудования
280299,2021-03-07 19:42:58,Активация точки подключения на сутки
280330,2021-03-08 20:39:01,Состояние клиентского оборудования
280330,2021-03-08 20:39:02,Смена тарифа
280330,2021-03-08 20:39:02,Внутреннее сообщение
280330,2021-03-08 20:40:33,Оборудование
280330,2021-03-08 20:41:04,Включение услуги Аренда ТВ-приставки
280330,2021-03-08 20:41:04,Включение IPTV-пакета
280330,2021-03-08 20:41:04,Оборудование
280330,2021-03-08 20:54:36,Изменение данных клиента
280330,2021-04-08 19:49:29,Обращение в службу заботы о клиентах
280330,2021-04-14 05:43:15,Предложение автоплатежа
280330,2021-04-14 05:43:35,Обращение в службу заботы о клиентах
280411,2021-03-10 18:15:39,Состояние клиентского оборудования
280467,2021-03-11 18:57:10,Состояние клиентского оборудования
280467,2021-03-11 18:58:15,Операция с mac-адресом
280467,2021-03-11 19:06:22,Включение услуги Аренда ТВ-приставки
280467,2021-03-11 19:06:22,Включение IPTV-пакета
280467,2021-03-11 19:06:22,Оборудование
280467,2021-03-11 19:10:05,Изменение данных клиента
280488,2021-03-12 12:18:59,Состояние клиентского оборудования
280488,2021-03-12 12:18:59,Смена тарифа
280488,2021-03-12 12:18:59,Внутреннее сообщение
280488,2021-03-12 12:55:37,Блокировка
280529,2021-03-13 11:13:56,Блокировка лицевого счета
280529,2021-03-13 11:13:57,Состояние клиентского оборудования
280529,2021-03-13 11:13:57,Смена тарифа
280529,2021-03-13 11:13:57,Внутреннее сообщение
280529,2021-03-14 00:05:01,Включение блокировки лицевого счета
280588,2021-03-14 17:31:13,Состояние клиентского оборудования
280612,2021-03-15 15:56:38,Состояние клиентского оборудования
280612,2021-03-15 15:56:38,Смена тарифа
280612,2021-03-15 15:56:38,Внутреннее сообщение
280612,2021-03-15 15:57:50,Операция с mac-адресом
280612,2021-03-15 15:58:11,Изменение данных клиента
280612,2021-03-15 15:59:19,Включение услуги Аренда ТВ-приставки
280612,2021-03-15 15:59:19,Включение IPTV-пакета
280612,2021-03-15 15:59:19,Оборудование
280612,2021-03-21 08:06:27,Обращение в службу заботы о клиентах
280612,2021-03-21 15:11:37,Состояние клиентского оборудования
280625,2021-03-15 18:27:16,Состояние клиентского оборудования
280625,2021-03-15 18:27:16,Смена тарифа
280625,2021-03-15 18:27:16,Внутреннее сообщение
280625,2021-03-15 18:40:14,Блокировка
280627,2021-03-15 18:52:03,Состояние клиентского оборудования
280627,2021-03-15 18:52:03,Смена тарифа
280627,2021-03-15 18:52:03,Внутреннее сообщение
280627,2021-03-15 18:56:31,Оборудование
280639,2021-03-15 21:04:44,Состояние клиентского оборудования
280639,2021-03-15 21:04:44,Смена тарифа
280639,2021-03-15 21:04:44,Внутреннее сообщение
280639,2021-03-15 21:06:46,Включение IPTV-пакета
280639,2021-03-15 21:07:55,Выключение IPTV-пакета
280639,2021-03-15 21:08:03,Включение IPTV-пакета
280739,2021-03-17 16:39:11,Состояние клиентского оборудования
280739,2021-03-17 16:41:34,Манипуляции с оборудованием
280739,2021-03-17 16:41:38,Включение услуги Аренда ТВ-приставки
280739,2021-03-17 16:41:38,Включение IPTV-пакета
280739,2021-03-17 16:49:17,Внутреннее сообщение
280739,2021-03-17 17:02:41,Внутреннее сообщение
280739,2021-04-18 11:21:11,Предложение автоплатежа
280739,2021-04-18 11:23:43,Обращение в службу заботы о клиентах
280760,2021-03-17 21:51:52,Состояние клиентского оборудования
280760,2021-03-17 21:51:53,Смена тарифа
280760,2021-03-17 21:51:53,Внутреннее сообщение
280760,2021-03-17 21:56:15,Оборудование
280760,2021-03-17 22:14:48,Смена тарифа
280760,2021-03-17 22:15:27,Оборудование
280762,2021-03-18 09:30:23,Состояние клиентского оборудования
280762,2021-03-18 09:30:23,Смена тарифа
280762,2021-03-18 09:30:23,Внутреннее сообщение
280762,2021-03-18 09:31:36,Оборудование
280779,2021-03-18 14:26:45,Блокировка лицевого счета
280779,2021-03-18 14:26:45,Состояние клиентского оборудования
280779,2021-03-19 00:05:01,Включение блокировки лицевого счета
280796,2021-03-18 17:35:19,Состояние клиентского оборудования
280796,2021-03-18 17:35:52,Операция с mac-адресом
280802,2021-03-18 18:46:34,Состояние клиентского оборудования
280802,2021-03-18 18:47:59,Операция с mac-адресом
280802,2021-03-18 18:49:24,Активация точки подключения на сутки
280802,2021-03-18 19:01:37,Операция с mac-адресом
280802,2021-03-18 19:07:18,Операция с mac-адресом
280802,2021-03-18 19:14:17,Операция с mac-адресом
280802,2021-03-18 19:19:46,Оборудование
280802,2021-03-19 17:00:30,Обращение в службу заботы о клиентах
280833,2021-03-19 13:01:27,Состояние клиентского оборудования
280833,2021-03-19 13:01:28,Смена тарифа
280833,2021-03-19 13:01:28,Внутреннее сообщение
280833,2021-03-19 13:06:01,Включение услуги Аренда ТВ-приставки
280833,2021-03-19 13:06:01,Включение IPTV-пакета
280833,2021-03-19 13:06:01,Оборудование
280833,2021-04-20 21:26:17,Обращение в службу заботы о клиентах
280833,2021-04-20 21:26:34,Активация гарантированного платежа
280894,2021-03-20 16:54:50,Состояние клиентского оборудования
280894,2021-03-20 16:56:22,Изменение истории
280894,2021-03-20 16:56:22,Смена тарифа
280894,2021-03-20 16:56:56,Оборудование
280894,2021-03-20 16:57:19,Включение услуги Аренда ТВ-приставки
280894,2021-03-20 16:57:19,Включение IPTV-пакета
280894,2021-03-20 16:57:19,Оборудование
280894,2021-03-20 16:57:48,Активация точки подключения на сутки
280932,2021-03-21 19:15:50,Состояние клиентского оборудования
280932,2021-03-21 19:15:50,Смена тарифа
280932,2021-03-21 19:15:50,Внутреннее сообщение
280932,2021-03-21 19:21:49,Оборудование
280981,2021-03-22 22:12:56,Состояние клиентского оборудования
280981,2021-03-22 22:12:57,Смена тарифа
280981,2021-03-22 22:12:57,Внутреннее сообщение
280987,2021-03-23 10:24:00,Состояние клиентского оборудования
280987,2021-03-23 10:24:23,Операция с mac-адресом
281008,2021-03-23 13:09:24,Состояние клиентского оборудования
281008,2021-03-23 13:09:25,Внутреннее сообщение
281008,2021-03-23 13:10:20,Операция с mac-адресом
281008,2021-03-23 13:24:32,Оборудование
281008,2021-03-23 13:34:12,Блокировка
281008,2021-03-31 22:28:35,Добавление в Обращались с номеров
281008,2021-03-31 22:31:59,Разблокировка
281008,2021-03-31 22:35:09,Обращение в службу заботы о клиентах
281011,2021-03-23 14:03:33,Состояние клиентского оборудования
281011,2021-03-23 14:03:33,Смена тарифа
281011,2021-03-23 14:03:33,Внутреннее сообщение
281011,2021-03-23 14:05:27,Включение услуги Аренда ТВ-приставки
281011,2021-03-23 14:05:27,Включение IPTV-пакета
281011,2021-03-23 14:05:27,Оборудование
281011,2021-03-23 14:30:28,Оборудование
281011,2021-04-01 10:53:31,Обращение в службу заботы о клиентах
281011,2021-04-11 12:19:12,Обращение в службу заботы о клиентах
281011,2021-04-12 11:27:23,Обращение в службу заботы о клиентах
281011,2021-04-12 11:27:27,Отключение услуги Аренда ТВ-приставки
281011,2021-04-12 11:27:34,Оборудование
281085,2021-03-24 21:14:18,Состояние клиентского оборудования
281085,2021-03-24 21:14:18,Смена тарифа
281085,2021-03-24 21:14:18,Внутреннее сообщение
281085,2021-03-24 21:25:14,Смена пароля
281085,2021-03-28 23:12:28,Смена пароля
281085,2021-04-01 19:59:59,Обращение в службу заботы о клиентах
281114,2021-03-25 16:32:28,Состояние клиентского оборудования
281114,2021-03-25 16:33:24,Изменение истории
281114,2021-03-25 16:33:24,Смена тарифа
281166,2021-03-26 17:22:32,Состояние клиентского оборудования
281166,2021-03-26 17:22:33,Смена тарифа
281166,2021-03-26 17:22:33,Внутреннее сообщение
281166,2021-03-26 17:22:45,Оборудование
281166,2021-03-26 17:28:19,Включение Бесплатной аренды
281166,2021-03-26 17:28:20,Включение услуги Аренда ТВ-приставки
281166,2021-03-26 17:28:20,Включение IPTV-пакета
281166,2021-03-26 17:28:20,Оборудование
281193,2021-03-27 14:27:13,Блокировка лицевого счета
281193,2021-03-27 14:27:13,Состояние клиентского оборудования
281193,2021-03-27 14:27:13,Смена тарифа
281193,2021-03-27 14:27:13,Внутреннее сообщение
281193,2021-03-28 00:05:01,Включение блокировки лицевого счета
281193,2021-04-25 13:17:07,Обращение в службу заботы о клиентах
281193,2021-04-26 11:31:00,Обращение в службу заботы о клиентах
281204,2021-03-27 17:10:38,Состояние клиентского оборудования
281204,2021-03-27 17:10:38,Смена тарифа
281204,2021-03-27 17:10:38,Внутреннее сообщение
281204,2021-03-31 11:11:57,Добавление в Обращались с номеров
281216,2021-03-27 22:14:59,Состояние клиентского оборудования
281216,2021-03-27 22:23:01,Включение IPTV-пакета
281216,2021-03-27 22:23:06,Включение IPTV-пакета
281216,2021-03-27 22:23:36,Включение IPTV-пакета
281216,2021-03-27 22:26:18,Изменение истории
281216,2021-03-27 22:26:22,Изменение истории
281216,2021-03-27 22:27:48,Включение услуги Аренда ТВ-приставки
281216,2021-03-27 22:27:48,Оборудование
281216,2021-03-27 22:28:12,Оборудование
281216,2021-03-28 08:44:43,Обращение в службу заботы о клиентах
281216,2021-03-28 14:06:24,Замена оборудования
281216,2021-03-28 14:06:24,Отключение услуги Аренда ТВ-приставки
281216,2021-03-28 14:14:33,Состояние клиентского оборудования
281216,2021-04-23 10:35:54,Обращение в службу заботы о клиентах
281216,2021-04-23 10:36:10,Отключение услуги Аренда ТВ-приставки
281216,2021-04-23 10:36:13,Оборудование
281246,2021-03-28 20:05:52,Состояние клиентского оборудования
281246,2021-04-04 09:18:04,Обращение в службу заботы о клиентах
281246,2021-04-11 10:42:15,Обращение в службу заботы о клиентах
281246,2021-04-12 16:32:37,Обращение в службу заботы о клиентах
281246,2021-04-14 16:49:28,Обращение в службу заботы о клиентах
281260,2021-03-29 13:10:10,Состояние клиентского оборудования
281260,2021-03-29 13:11:02,Операция с mac-адресом
281260,2021-03-29 13:23:26,Чек лист выполненных работ при регистрации
281264,2021-03-29 13:45:26,Состояние клиентского оборудования
281264,2021-03-29 13:45:27,Смена тарифа
281264,2021-03-29 13:45:27,Внутреннее сообщение
281264,2021-03-30 14:51:36,Обращение в службу заботы о клиентах
281264,2021-03-30 15:06:27,Обращение в службу заботы о клиентах
281264,2021-03-30 15:23:55,Обращение в службу заботы о клиентах
281264,2021-03-30 15:58:03,Операция с mac-адресом
281264,2021-03-30 16:26:36,Включение услуги Аренда ТВ-приставки
281264,2021-03-30 16:26:36,Включение IPTV-пакета
281264,2021-03-30 16:26:36,Оборудование
281264,2021-03-30 16:26:37,Включение услуги Аренда ТВ-приставки
281264,2021-03-30 16:26:37,Оборудование
281264,2021-03-30 16:26:39,Состояние клиентского оборудования
281264,2021-03-31 10:28:26,Обращение в службу заботы о клиентах
281264,2021-03-31 12:09:15,Обращение в службу заботы о клиентах
281318,2021-03-30 16:13:07,Состояние клиентского оборудования
281318,2021-03-30 16:14:39,Операция с mac-адресом
281318,2021-03-30 16:21:11,Включение услуги Аренда ТВ-приставки
281318,2021-03-30 16:21:11,Включение IPTV-пакета
281318,2021-03-30 16:21:11,Оборудование
281318,2021-03-30 16:35:36,Оборудование
281318,2021-03-30 16:35:37,Отключение услуги Аренда ТВ-приставки
281318,2021-03-30 16:35:37,Оборудование
281551,2021-04-03 19:52:42,Блокировка лицевого счета
281551,2021-04-03 19:52:42,Состояние клиентского оборудования
281551,2021-04-03 20:05:18,Смена пароля
281551,2021-04-03 20:44:10,Активация точки подключения на сутки
281551,2021-04-04 00:05:01,Включение блокировки лицевого счета
7812,2021-04-11 16:57:56,Смена схемы оплаты
7812,2021-04-11 16:59:22,Обращение в службу заботы о клиентах
7812,2021-04-11 17:04:53,Обращение в службу заботы о клиентах
7812,2021-04-11 17:07:10,Предложение тарифа
7812,2021-04-13 16:51:23,Смена схемы оплаты
7812,2021-04-13 16:51:49,Обращение в службу заботы о клиентах
10473,2021-03-06 17:20:56,Смена тарифа
14426,2021-04-03 08:00:40,Внутреннее сообщение
27945,2021-04-11 10:44:03,Обращение в службу заботы о клиентах
27945,2021-04-11 10:44:36,Обращение в службу заботы о клиентах
27945,2021-04-11 10:46:13,Предложение ТВ
30405,2021-03-26 16:23:57,Закрепление сообщения
30463,2021-04-20 16:27:01,Оборудование
30463,2021-04-20 16:28:04,Включение услуги Аренда ТВ-приставки
30463,2021-04-20 16:28:04,Включение IPTV-пакета
30463,2021-04-20 16:28:04,Оборудование
30463,2021-04-20 17:16:26,Состояние клиентского оборудования
30463,2021-04-28 15:31:31,Включение интернета на 20 минут
30463,2021-04-28 15:31:44,Обращение в службу заботы о клиентах
30463,2021-04-28 15:50:32,Обращение в службу заботы о клиентах
14065,2021-04-12 15:30:30,Обращение в службу заботы о клиентах
14065,2021-04-14 16:02:03,Обращение в службу заботы о клиентах
14065,2021-04-15 13:06:16,Изменение данных клиента
14065,2021-04-15 13:06:29,Активация точки подключения на сутки
14065,2021-04-15 13:07:21,Операция с mac-адресом
14065,2021-04-15 13:13:42,Оборудование
14065,2021-04-15 13:36:41,Включение IPTV-пакета
14065,2021-04-15 13:55:05,Оборудование
14065,2021-04-15 14:12:35,Состояние клиентского оборудования
14065,2021-04-16 11:19:02,Обращение в службу заботы о клиентах
14065,2021-04-16 11:29:48,Предложение тарифа
14065,2021-04-16 11:29:59,Обращение в службу заботы о клиентах
14065,2021-04-17 15:45:58,Включение интернета на 20 минут
14065,2021-04-17 15:49:47,Обращение в службу заботы о клиентах
14065,2021-04-17 15:52:12,Обращение в службу заботы о клиентах
14065,2021-04-17 18:20:42,Обращение в службу заботы о клиентах
31019,2021-04-27 20:26:33,Обращение в службу заботы о клиентах
8668,2021-04-22 14:57:05,Перенос денежных средств
29388,2021-03-16 16:38:48,Оборудование
29388,2021-03-16 16:41:12,Оборудование
29388,2021-03-16 16:41:48,Изменение контактных телефонов
29388,2021-03-16 16:42:06,Оборудование
29388,2021-03-16 16:42:34,Изменение контактных телефонов
29388,2021-03-16 16:43:22,Оборудование
29268,2021-03-02 14:46:32,Предложение IPTV
29268,2021-03-02 14:50:38,Обращение в службу заботы о клиентах
29268,2021-03-02 17:55:25,Операция с mac-адресом
29268,2021-03-02 18:20:36,Оборудование
29268,2021-03-02 18:24:19,Состояние клиентского оборудования
29268,2021-04-20 20:43:15,Обращение в службу заботы о клиентах
29268,2021-04-20 20:54:32,Внутреннее сообщение
28778,2021-03-06 07:25:33,Обращение в службу заботы о клиентах
28778,2021-04-25 09:25:41,Предложение ТВ
28778,2021-04-25 09:26:21,Обращение в службу заботы о клиентах
9944,2021-04-26 16:52:20,Смена тарифа
9944,2021-04-26 16:53:06,Изменение истории
11758,2021-04-05 15:17:18,Обращение в службу заботы о клиентах
11758,2021-04-19 17:06:49,Предложение тарифа
11758,2021-04-19 17:07:09,Смена тарифа
11758,2021-04-19 17:07:41,Обращение в службу заботы о клиентах
13782,2021-04-17 15:10:55,Обращение в службу заботы о клиентах
13782,2021-04-17 15:12:54,Обращение в службу заботы о клиентах
13782,2021-04-17 15:12:59,Предложение ТВ
31485,2021-03-19 17:22:22,Добавление в Обращались с номеров
31485,2021-03-19 17:25:44,Обращение в службу заботы о клиентах
31485,2021-04-06 18:07:32,Обращение в службу заботы о клиентах
9777,2021-03-18 16:03:02,Состояние клиентского оборудования
9777,2021-04-01 10:51:15,Включение Бесплатной аренды
9777,2021-04-01 10:51:15,Включение услуги Аренда ТВ-приставки
9777,2021-04-01 10:51:15,Включение IPTV-пакета
9777,2021-04-01 10:51:16,Оборудование
9777,2021-04-01 10:53:35,Отключение услуги Аренда ТВ-приставки
9777,2021-04-01 10:53:40,Оборудование
9777,2021-04-01 16:18:38,Внутреннее сообщение
9777,2021-03-01 10:27:01,Операция с mac-адресом
9777,2021-03-01 10:27:26,Операция с mac-адресом
9777,2021-03-01 10:27:43,Операция с mac-адресом
9777,2021-03-01 13:30:52,Добавление IP-адреса
9777,2021-03-01 13:32:22,Операция с mac-адресом
9777,2021-03-02 11:05:26,Операция с mac-адресом
9777,2021-03-02 11:05:40,Операция с mac-адресом
9777,2021-03-02 14:53:41,Смена IP-адреса
9777,2021-03-04 10:26:34,Операция с mac-адресом
9777,2021-03-05 16:02:43,Операция с mac-адресом
9777,2021-03-05 16:24:20,Операция с mac-адресом
9777,2021-03-10 10:31:41,Операция с mac-адресом
9777,2021-03-11 13:27:50,Операция с mac-адресом
9777,2021-03-11 15:25:49,Добавление IP-адреса
9777,2021-03-11 15:27:11,Операция с mac-адресом
9777,2021-03-11 16:10:26,Добавление IP-адреса
9777,2021-03-11 16:19:34,Операция с mac-адресом
9777,2021-03-11 16:38:02,Смена тарифа
9777,2021-03-15 09:14:49,Операция с mac-адресом
9777,2021-03-15 11:11:44,Операция с mac-адресом
9777,2021-03-15 12:31:07,Добавление IP-адреса
9777,2021-03-15 12:31:46,Операция с mac-адресом
9777,2021-03-15 15:38:55,Операция с mac-адресом
9777,2021-03-15 16:23:17,Добавление IP-адреса
9777,2021-03-15 16:41:22,Операция с mac-адресом
9777,2021-03-15 18:26:41,Добавление IP-адреса
9777,2021-03-15 18:29:17,Операция с mac-адресом
9777,2021-03-16 11:22:48,Добавление IP-адреса
9777,2021-03-16 11:25:07,Операция с mac-адресом
9777,2021-03-18 11:05:25,Добавление IP-адреса
9777,2021-03-18 11:13:11,Удаление ip-адреса
9777,2021-03-18 12:00:49,Добавление IP-адреса
9777,2021-03-18 12:02:32,Операция с mac-адресом
9777,2021-03-18 14:06:25,Добавление IP-адреса
9777,2021-03-18 14:06:44,Добавление IP-адреса
9777,2021-03-18 14:06:58,Добавление IP-адреса
9777,2021-03-18 14:07:10,Добавление IP-адреса
9777,2021-03-18 14:07:24,Добавление IP-адреса
9777,2021-03-18 14:07:37,Добавление IP-адреса
9777,2021-03-18 14:07:48,Добавление IP-адреса
9777,2021-03-22 09:32:08,Смена тарифа
9777,2021-03-22 15:25:24,Операция с mac-адресом
9777,2021-03-22 16:30:08,Добавление IP-адреса
9777,2021-03-22 16:30:16,Добавление IP-адреса
9777,2021-03-22 16:47:53,Операция с mac-адресом
9777,2021-03-22 16:51:01,Операция с mac-адресом
9777,2021-03-22 17:07:34,Операция с mac-адресом
9777,2021-03-22 17:07:43,Операция с mac-адресом
9777,2021-03-24 10:14:53,Операция с mac-адресом
9777,2021-03-25 13:11:27,Добавление IP-адреса
9777,2021-03-25 13:12:24,Операция с mac-адресом
9777,2021-03-29 16:12:03,Добавление IP-адреса
9777,2021-03-29 16:18:22,Операция с mac-адресом
9777,2021-04-02 15:13:12,Операция с mac-адресом
9777,2021-04-05 15:59:04,Операция с mac-адресом
9777,2021-04-06 16:48:23,Добавление IP-адреса
9777,2021-04-06 16:49:05,Добавление IP-адреса
9777,2021-04-06 16:50:46,Операция с mac-адресом
9777,2021-04-06 16:51:41,Операция с mac-адресом
9777,2021-04-08 12:39:35,Операция с mac-адресом
9777,2021-04-08 14:39:17,Операция с mac-адресом
9777,2021-04-08 15:43:03,Добавление IP-адреса
9777,2021-04-08 15:43:23,Операция с mac-адресом
9777,2021-04-08 15:44:21,Операция с mac-адресом
9777,2021-04-12 16:40:33,Операция с mac-адресом
9777,2021-04-12 16:45:01,Операция с mac-адресом
9777,2021-04-14 09:41:12,Операция с mac-адресом
9777,2021-04-16 17:37:45,Операция с mac-адресом
9777,2021-04-17 15:56:31,Операция с mac-адресом
9777,2021-04-17 16:14:00,Операция с mac-адресом
9777,2021-04-19 11:48:33,Операция с mac-адресом
9777,2021-04-20 09:54:37,Операция с mac-адресом
9777,2021-04-20 09:57:36,Операция с mac-адресом
9777,2021-04-20 09:58:52,Операция с mac-адресом
9777,2021-04-20 14:39:55,Операция с mac-адресом
9777,2021-04-20 15:22:36,Операция с mac-адресом
9777,2021-04-20 16:23:51,Добавление IP-адреса
9777,2021-04-20 17:40:31,Операция с mac-адресом
9777,2021-04-21 11:26:51,Добавление IP-адреса
9777,2021-04-21 11:27:29,Добавление IP-адреса
9777,2021-04-21 11:27:49,Операция с mac-адресом
9777,2021-04-21 11:28:00,Операция с mac-адресом
9777,2021-04-22 11:17:05,Удаление ip-адреса
9777,2021-04-22 16:17:03,Добавление IP-адреса
9777,2021-04-22 16:17:49,Операция с mac-адресом
9777,2021-04-22 16:20:27,Операция с mac-адресом
9777,2021-04-22 17:22:05,Операция с mac-адресом
9777,2021-04-22 17:22:40,Операция с mac-адресом
9777,2021-04-23 11:06:56,Добавление IP-адреса
9777,2021-04-23 11:07:21,Добавление IP-адреса
9777,2021-04-23 11:07:29,Добавление IP-адреса
9777,2021-04-23 11:07:36,Добавление IP-адреса
9777,2021-04-23 11:07:43,Добавление IP-адреса
9777,2021-04-23 11:07:50,Добавление IP-адреса
9777,2021-04-23 11:07:57,Добавление IP-адреса
9777,2021-04-23 11:11:55,Операция с mac-адресом
9777,2021-04-23 11:13:55,Операция с mac-адресом
9777,2021-04-23 11:14:30,Операция с mac-адресом
9777,2021-04-23 11:15:02,Операция с mac-адресом
9777,2021-04-23 11:15:54,Операция с mac-адресом
9777,2021-04-23 11:16:20,Операция с mac-адресом
9777,2021-04-23 11:17:06,Операция с mac-адресом
9777,2021-04-23 11:22:52,Операция с mac-адресом
9777,2021-04-23 11:23:50,Операция с mac-адресом
9777,2021-04-23 15:28:30,Смена IP-адреса
9777,2021-04-23 16:12:21,Операция с mac-адресом
9777,2021-04-26 13:37:21,Добавление IP-адреса
9777,2021-04-26 13:37:37,Операция с mac-адресом
9777,2021-04-27 12:52:50,Операция с mac-адресом
9777,2021-04-27 14:49:37,Операция с mac-адресом
9777,2021-04-29 15:47:12,Включение IPTV-пакета
9777,2021-04-29 15:47:16,Включение IPTV-пакета
9777,2021-04-29 15:47:19,Включение IPTV-пакета
9777,2021-04-29 15:47:20,Включение IPTV-пакета
9777,2021-04-29 15:47:33,Включение IPTV-пакета
9777,2021-04-29 15:47:35,Включение IPTV-пакета
9777,2021-04-29 15:47:40,Включение IPTV-пакета
9777,2021-04-29 15:47:43,Включение IPTV-пакета
9777,2021-04-29 15:47:55,Включение IPTV-пакета
9777,2021-04-29 15:48:19,Изменение истории
9777,2021-04-29 15:48:28,Изменение истории
9777,2021-04-29 15:48:37,Изменение истории
9777,2021-04-29 15:48:46,Изменение истории
9777,2021-04-29 15:48:54,Изменение истории
9777,2021-04-29 15:49:04,Изменение истории
9777,2021-03-03 16:33:02,Добавление IP-адреса
9777,2021-03-16 10:35:13,Добавление IP-адреса
9777,2021-04-22 11:19:19,Добавление IP-адреса
9777,2021-04-22 11:19:55,Изменение истории
9777,2021-04-22 11:20:02,Изменение истории
31655,2021-04-28 12:59:28,Обращение в службу заботы о клиентах
31808,2021-04-15 16:44:16,Смена пароля
31808,2021-04-16 08:51:51,Смена пароля
31830,2021-04-02 18:20:39,Предложение тарифа
31830,2021-04-02 18:21:08,Обращение в службу заботы о клиентах
31830,2021-04-04 21:34:29,Обращение в службу заботы о клиентах
31830,2021-04-04 21:43:16,Обращение в службу заботы о клиентах
31940,2021-04-28 13:39:31,Добавление в Обращались с номеров
31940,2021-04-28 13:42:36,Предложение ТВ-пакета
31940,2021-04-28 13:42:50,Обращение в службу заботы о клиентах
31940,2021-04-28 13:42:58,Обращение в службу заботы о клиентах
31940,2021-04-28 14:09:31,Включена 10% скидка
31940,2021-04-28 14:09:32,Смена тарифа
31940,2021-04-28 14:09:40,Выключение IPTV-пакета
31940,2021-04-28 14:11:21,Обращение в службу заботы о клиентах
31940,2021-04-28 14:15:27,Закрепление сообщения
32171,2021-03-26 14:05:52,Изменение истории
32171,2021-03-26 14:06:01,Закрепление сообщения
32171,2021-03-26 14:06:02,Закрепление сообщения
32171,2021-03-26 19:14:55,Смена пароля
32171,2021-03-26 19:21:07,Смена IP-адреса
32171,2021-03-26 19:21:07,Смена тарифа
32171,2021-03-26 19:21:07,Внутреннее сообщение
32171,2021-03-26 19:32:35,Активация точки подключения на сутки
32171,2021-03-26 19:32:40,Активация точки подключения на сутки
32171,2021-03-26 19:37:19,Изменение истории
32171,2021-03-26 19:38:31,Оборудование
32171,2021-03-26 19:38:53,Включение услуги Аренда ТВ-приставки
32171,2021-03-26 19:38:53,Оборудование
32171,2021-03-26 19:39:00,Изменение данных клиента
32171,2021-03-26 19:39:00,Возвращение клиента
32171,2021-03-26 19:42:45,Изменение истории
32171,2021-03-26 19:43:21,Смена следующего тарифа
32171,2021-03-29 11:16:28,Обращение в службу заботы о клиентах
32171,2021-03-29 11:25:40,Изменение контактных телефонов
8322,2021-04-22 09:25:03,Обращение в службу заботы о клиентах
32859,2021-03-20 11:18:51,Включение интернета на 20 минут
32859,2021-03-20 11:19:15,Обращение в службу заботы о клиентах
32859,2021-03-23 20:16:10,Активация ГП с IVR
28558,2021-03-24 13:42:53,Обращение в службу заботы о клиентах
28558,2021-03-24 13:45:27,Обращение в службу заботы о клиентах
28558,2021-03-24 13:54:00,Добавление в Обращались с номеров
28558,2021-03-24 13:55:20,Обращение в службу заботы о клиентах
28558,2021-03-24 14:36:34,Добавление в Обращались с номеров
28558,2021-03-24 14:40:32,Обращение в службу заботы о клиентах
28558,2021-03-25 20:03:37,Обращение в службу заботы о клиентах
28558,2021-03-29 20:38:07,Обращение в службу заботы о клиентах
28558,2021-03-30 09:53:13,Обращение в службу заботы о клиентах
28558,2021-03-30 11:41:45,Операция с mac-адресом
28558,2021-03-30 11:52:15,Смена тарифа
28558,2021-03-30 12:01:30,Состояние клиентского оборудования
14481,2021-03-20 10:28:00,Обращение в службу заботы о клиентах
29510,2021-04-12 16:40:05,Обращение в службу заботы о клиентах
33956,2021-03-05 21:43:00,Обращение в службу заботы о клиентах
33985,2021-03-29 13:41:12,Добавление в Обращались с номеров
33985,2021-03-29 13:43:41,Обращение в службу заботы о клиентах
33985,2021-03-29 13:43:43,Предложение автоплатежа
32309,2021-03-16 09:07:14,Обращение в службу заботы о клиентах
12375,2021-03-16 13:30:12,Смена тарифа
13729,2021-04-20 10:23:22,Добавление в Обращались с номеров
13729,2021-04-20 10:28:51,Внутреннее сообщение
13729,2021-04-20 14:33:31,Изменение данных клиента
13729,2021-04-20 14:34:07,Изменение данных клиента
13729,2021-04-20 14:34:09,Смена IP-адреса
13729,2021-04-20 14:34:22,Смена тарифа
13729,2021-04-20 14:34:38,Оборудование
13729,2021-04-20 14:35:09,Операция с mac-адресом
13729,2021-04-20 14:37:32,Оборудование
13729,2021-04-20 14:38:14,Активация точки подключения на сутки
28917,2021-03-22 21:37:04,Обращение в службу заботы о клиентах
12524,2021-03-10 13:08:55,Обращение в службу заботы о клиентах
35285,2021-03-04 14:55:46,Смена схемы оплаты
35285,2021-03-04 14:56:50,Смена схемы оплаты
35503,2021-04-17 20:16:29,Обращение в службу заботы о клиентах
35503,2021-04-18 11:42:04,Внесение
35136,2021-03-10 16:50:01,Изменение контактных телефонов
35136,2021-03-10 19:09:03,Операция с mac-адресом
35136,2021-03-10 19:09:55,Оборудование
35136,2021-03-10 19:13:41,Состояние клиентского оборудования
35136,2021-03-21 16:41:42,Операция с mac-адресом
35136,2021-03-21 16:49:25,Оборудование
35136,2021-03-21 18:12:16,Состояние клиентского оборудования
36221,2021-04-24 14:36:52,Предложение тарифа
36221,2021-04-24 14:40:04,Смена тарифа
36221,2021-04-24 14:41:40,Обращение в службу заботы о клиентах
36221,2021-04-27 19:03:01,Обращение в службу заботы о клиентах
30419,2021-03-05 16:51:18,Смена тарифа
30419,2021-03-05 16:51:23,Включена 20% скидка
30419,2021-03-05 16:51:37,Изменение истории
30419,2021-03-05 16:51:55,Без границ бесплатно. Включение
30419,2021-03-24 15:57:09,Обращение в службу заботы о клиентах
30419,2021-03-24 15:58:27,Обращение в службу заботы о клиентах
36463,2021-04-17 13:33:12,Смена тарифа
36463,2021-04-17 13:34:25,Обращение в службу заботы о клиентах
36645,2021-03-19 20:57:32,Обращение в службу заботы о клиентах
14696,2021-03-19 15:35:29,Предложение IPTV
14696,2021-03-19 15:36:33,Обращение в службу заботы о клиентах
13067,2021-03-20 16:20:05,Обращение в службу заботы о клиентах
13067,2021-03-24 21:50:30,Обращение в службу заботы о клиентах
13067,2021-03-27 09:48:46,Обращение в службу заботы о клиентах
13067,2021-03-27 09:53:43,Обращение в службу заботы о клиентах
13067,2021-03-29 19:35:56,Операция с mac-адресом
13067,2021-03-29 19:38:16,Оборудование
13067,2021-03-29 19:44:59,Состояние клиентского оборудования
13067,2021-04-02 20:34:59,Предложение расширенной гарантии на ТВ приставку
13067,2021-04-02 20:35:22,Обращение в службу заботы о клиентах
13067,2021-04-09 17:50:45,Обращение в службу заботы о клиентах
28515,2021-03-25 17:31:39,Изменение контактных телефонов
28515,2021-04-01 10:48:32,Удаление телефона из записи
28515,2021-04-01 22:10:50,Предложение тарифа
28515,2021-04-01 22:14:50,Предложение ТВ
28515,2021-04-01 22:16:06,Обращение в службу заботы о клиентах
10352,2021-03-24 12:16:33,Обращение в службу заботы о клиентах
28837,2021-04-12 18:41:12,Смена пароля
28837,2021-04-12 18:43:52,Предложение тарифа
12024,2021-03-16 11:38:34,Предложение IPTV
12024,2021-03-16 11:39:04,Обращение в службу заботы о клиентах
35065,2021-03-20 11:52:18,Обращение в службу заботы о клиентах
31487,2021-04-08 18:03:23,Обращение в службу заботы о клиентах
12003,2021-03-01 17:24:44,Обращение в службу заботы о клиентах
38755,2021-04-08 13:19:09,Обращение в службу заботы о клиентах
38755,2021-04-17 01:48:16,Предложение тарифа
38755,2021-04-17 01:48:35,Обращение в службу заботы о клиентах
38768,2021-03-24 14:03:30,Добавление в Обращались с номеров
38768,2021-03-24 14:09:30,Предложение ТВ
38768,2021-03-24 14:10:56,Обращение в службу заботы о клиентах
38768,2021-03-24 14:40:00,Обращение в службу заботы о клиентах
38768,2021-03-24 15:25:29,Смена тарифа
38768,2021-03-24 16:16:18,Состояние клиентского оборудования
29678,2021-03-06 13:45:30,Обращение в службу заботы о клиентах
38836,2021-03-05 16:35:04,Обращение в службу заботы о клиентах
38971,2021-03-02 16:35:52,Изменение данных клиента
38971,2021-03-02 16:35:53,Смена IP-адреса
38971,2021-03-02 16:36:39,Смена пароля
9269,2021-03-10 19:03:01,Обращение в службу заботы о клиентах
9269,2021-03-23 08:53:06,Обращение в службу заботы о клиентах
9269,2021-03-23 12:05:35,Обращение в службу заботы о клиентах
9269,2021-03-23 12:05:52,Предложение тарифа
9269,2021-04-24 09:50:52,Обращение в службу заботы о клиентах
28512,2021-03-04 21:46:51,Активация ГП с IVR
30535,2021-03-28 22:25:51,Обращение в службу заботы о клиентах
30535,2021-04-26 00:02:35,Обращение в службу заботы о клиентах
36572,2021-03-02 16:13:27,Обращение в службу заботы о клиентах
36572,2021-03-22 18:32:12,Операция с mac-адресом
36572,2021-03-22 18:38:53,Оборудование
36572,2021-03-22 18:52:38,Состояние клиентского оборудования
36572,2021-03-23 09:42:11,Манипуляции с оборудованием
36572,2021-03-26 08:55:45,Манипуляции с оборудованием
38823,2021-03-29 19:25:26,Реестр договоров
27977,2021-04-01 20:01:59,Обращение в службу заботы о клиентах
36096,2021-03-12 19:03:53,Внутреннее сообщение
36096,2021-03-13 17:21:08,Изменение данных клиента
36096,2021-03-13 17:21:10,Смена IP-адреса
36096,2021-03-13 17:22:20,Смена пароля
36140,2021-04-02 08:43:41,Включение интернета на 20 минут
36140,2021-04-02 08:45:38,Обращение в службу заботы о клиентах
36140,2021-04-02 08:50:26,Предложение тарифа
36140,2021-04-02 08:50:35,Обращение в службу заботы о клиентах
12072,2021-03-28 22:04:00,Включение интернета на 20 минут
12072,2021-03-28 22:04:31,Обращение в службу заботы о клиентах
12072,2021-03-28 22:05:52,Предложение ТВ
7967,2021-03-13 12:12:06,Обращение в службу заботы о клиентах
36685,2021-03-17 16:09:47,Отключение услуги Аренда ТВ-приставки
36685,2021-03-17 16:09:50,Оборудование
32031,2021-04-05 10:47:21,Обращение в службу заботы о клиентах
32031,2021-04-05 10:57:15,Включена 20% скидка
32031,2021-04-05 10:57:17,Смена тарифа
32031,2021-04-05 10:57:28,Изменение истории
34539,2021-04-18 13:37:00,Внутреннее сообщение
34539,2021-04-27 10:34:29,Обращение в службу заботы о клиентах
9415,2021-03-08 12:10:19,Предложение IPTV
9415,2021-03-08 12:10:39,Обращение в службу заботы о клиентах
9415,2021-03-11 20:07:24,Обращение в службу заботы о клиентах
9415,2021-03-11 20:14:43,Смена пароля
9415,2021-03-11 20:15:07,Обращение в службу заботы о клиентах
14839,2021-04-04 12:53:33,Смена пароля
14839,2021-04-04 12:54:20,Обращение в службу заботы о клиентах
14839,2021-04-04 12:54:22,Предложение ТВ
27888,2021-03-20 11:16:20,Обращение в службу заботы о клиентах
27888,2021-03-20 13:59:40,Обращение в службу заботы о клиентах
30994,2021-03-09 20:48:17,Обращение в службу заботы о клиентах
30994,2021-04-12 19:07:18,Предложение тарифа
30994,2021-04-12 19:07:29,Обращение в службу заботы о клиентах
7820,2021-03-10 14:45:38,Обращение в службу заботы о клиентах
7820,2021-03-10 14:46:45,Предложение IPTV
7820,2021-03-10 16:20:49,Состояние клиентского оборудования
11591,2021-04-12 17:22:11,Обращение в службу заботы о клиентах
11591,2021-04-13 18:15:33,Обращение в службу заботы о клиентах
11591,2021-04-13 19:35:47,Обращение в службу заботы о клиентах
11591,2021-04-13 21:33:32,Обращение в службу заботы о клиентах
40254,2021-04-13 22:05:13,Реестр договоров
11687,2021-04-24 10:30:55,Смена пароля
37422,2021-03-28 18:38:25,Выключение IPTV-пакета
37422,2021-03-28 18:40:03,Предложение тарифа
37422,2021-03-28 18:44:51,Обращение в службу заботы о клиентах
37422,2021-03-29 11:51:12,Без границ бесплатно. Отключение
37422,2021-03-29 11:51:12,Смена тарифа
37422,2021-03-29 11:51:31,Смена схемы оплаты
37422,2021-03-29 14:25:54,Добавление в Обращались с номеров
37422,2021-03-29 14:28:16,Отключение услуги Автоплатёж
37422,2021-03-29 14:33:20,Обращение в службу заботы о клиентах
37422,2021-03-29 15:18:13,Обращение в службу заботы о клиентах
37422,2021-03-29 15:20:35,Обращение в службу заботы о клиентах
37422,2021-03-30 15:26:54,Изменение истории
37422,2021-03-30 15:53:53,Продление действия тарифа
37422,2021-04-01 10:26:46,Активация гарантированного платежа
37422,2021-04-01 10:27:47,Обращение в службу заботы о клиентах
9062,2021-04-06 14:27:49,Обращение в службу заботы о клиентах
40276,2021-04-28 11:28:42,Внутреннее сообщение
8188,2021-03-26 19:01:00,Смена пароля
8188,2021-03-30 20:25:15,Смена пароля
8188,2021-04-03 08:58:05,Смена пароля
10916,2021-03-24 21:53:07,Обращение в службу заботы о клиентах
40439,2021-04-13 18:48:34,Изменение данных клиента
40439,2021-04-13 18:49:47,Изменение данных клиента
40439,2021-04-13 18:49:49,Смена IP-адреса
40439,2021-04-13 18:49:49,Смена тарифа
40439,2021-04-13 18:49:49,Внутреннее сообщение
40439,2021-04-13 18:50:09,Операция с mac-адресом
40439,2021-04-13 18:52:11,Изменение истории
40439,2021-04-13 18:52:13,Изменение истории
40439,2021-04-13 18:52:16,Изменение истории
40439,2021-04-13 18:52:17,Включение услуги Аренда ТВ-приставки
40439,2021-04-13 18:52:17,Включение IPTV-пакета
40439,2021-04-13 18:52:17,Оборудование
40439,2021-04-13 18:52:18,Изменение истории
40439,2021-04-13 18:52:24,Изменение истории
40439,2021-04-13 18:52:33,Изменение истории
40439,2021-04-13 19:01:51,Смена следующего тарифа
40439,2021-04-13 19:06:54,Смена пароля
40439,2021-04-13 19:07:25,Уведомления: подключение
40439,2021-04-13 19:09:15,Уведомления: подтверждение
40439,2021-04-17 16:45:53,Обращение в службу заботы о клиентах
40439,2021-04-26 17:55:50,Обращение в службу заботы о клиентах
32575,2021-04-11 11:22:21,Предложение тарифа
32575,2021-04-11 11:22:32,Обращение в службу заботы о клиентах
9703,2021-04-28 22:06:30,Обращение в службу заботы о клиентах
9703,2021-04-28 22:18:48,Предложение тарифа
37363,2021-03-01 12:53:04,Обращение в службу заботы о клиентах
10481,2021-04-18 19:16:00,Обращение в службу заботы о клиентах
10481,2021-04-19 19:30:03,Операция с mac-адресом
10481,2021-04-19 19:33:06,Оборудование
10481,2021-04-19 19:51:41,Состояние клиентского оборудования
14171,2021-03-21 15:12:18,Обращение в службу заботы о клиентах
14171,2021-03-29 12:21:29,Обращение в службу заботы о клиентах
41062,2021-03-27 18:02:59,Обращение в службу заботы о клиентах
41062,2021-03-27 18:05:48,Обращение в службу заботы о клиентах
30618,2021-03-30 23:11:48,Реестр договоров
28463,2021-03-15 09:21:27,Активация ГП с IVR
31344,2021-03-18 11:15:31,Внутреннее сообщение
31344,2021-03-18 11:16:07,Внутреннее сообщение
31456,2021-03-31 00:28:32,Реестр договоров
34299,2021-04-19 13:47:42,Обращение в службу заботы о клиентах
42282,2021-04-07 22:47:32,Реестр договоров
36736,2021-03-24 11:02:30,Обращение в службу заботы о клиентах
36736,2021-03-24 11:07:23,Предложение ТВ
36736,2021-03-24 19:24:39,Добавление в Обращались с номеров
36736,2021-03-24 19:25:22,Активация гарантированного платежа
36736,2021-03-24 19:25:48,Обращение в службу заботы о клиентах
34260,2021-04-22 17:15:29,Обращение в службу заботы о клиентах
34260,2021-04-23 16:21:53,Состояние клиентского оборудования
30472,2021-03-18 12:15:52,Предложение ТВ-пакета
30472,2021-03-18 12:18:16,Обращение в службу заботы о клиентах
14308,2021-04-10 12:58:58,Добавление в Обращались с номеров
14308,2021-04-10 13:03:06,Предложение ТВ
14308,2021-04-10 13:03:50,Обращение в службу заботы о клиентах
14308,2021-04-10 13:03:56,Изменение контактных телефонов
10826,2021-03-27 17:18:27,Перенос денежных средств
7977,2021-03-30 16:03:39,Перенос денежных средств
8755,2021-04-01 18:26:06,Предложение тарифа
8755,2021-04-01 18:28:34,Обращение в службу заботы о клиентах
8755,2021-04-12 13:29:55,Обращение в службу заботы о клиентах
8755,2021-04-12 13:31:21,Предложение ТВ-пакета
8755,2021-04-12 18:01:39,Активация точки подключения на сутки
8755,2021-04-12 18:02:19,Состояние клиентского оборудования
33670,2021-03-20 13:49:46,Добавление в Обращались с номеров
33670,2021-03-20 13:50:05,Обращение в службу заботы о клиентах
33670,2021-03-20 13:50:38,Смена пароля
33670,2021-03-20 13:52:18,Предложение IPTV
12087,2021-03-16 14:33:21,Обращение в службу заботы о клиентах
12087,2021-03-17 18:09:24,Состояние клиентского оборудования
12087,2021-03-30 19:35:48,Обращение в службу заботы о клиентах
12087,2021-04-27 10:15:43,Обращение в службу заботы о клиентах
40581,2021-04-15 14:53:57,Включена 10% скидка
40581,2021-04-15 14:56:27,Смена схемы оплаты
12079,2021-03-30 17:26:27,Обращение в службу заботы о клиентах
12079,2021-04-08 19:40:34,Предложение тарифа
12079,2021-04-08 19:41:11,Обращение в службу заботы о клиентах
10212,2021-03-14 13:39:54,Обращение в службу заботы о клиентах
10212,2021-03-14 13:51:44,Обращение в службу заботы о клиентах
11875,2021-03-07 14:10:39,Уведомления: подключение
11875,2021-03-07 14:13:33,Уведомления: подключение
11875,2021-03-07 14:16:21,Уведомления: подтверждение
11875,2021-03-09 04:00:05,Уведомления: отключение
11875,2021-03-09 21:15:11,Смена пароля
11875,2021-03-09 21:23:35,Обращение в службу заботы о клиентах
11875,2021-03-09 21:23:46,Предложение IPTV
12687,2021-03-30 17:07:53,Смена тарифа
12687,2021-03-30 17:07:58,Включена 20% скидка
12687,2021-03-30 17:08:20,Изменение истории
12687,2021-04-13 18:47:51,Уведомления: подключение
12687,2021-04-13 18:48:50,Уведомления: подтверждение
9411,2021-04-08 16:20:35,Включена 20% скидка
9411,2021-04-08 16:20:36,Смена тарифа
9411,2021-04-08 16:20:49,Изменение истории
9411,2021-04-12 16:34:33,Обращение в службу заботы о клиентах
40945,2021-03-10 19:28:06,Обращение в службу заботы о клиентах
39798,2021-03-21 09:35:43,Обращение в службу заботы о клиентах
39798,2021-03-21 09:35:49,Предложение IPTV
7996,2021-03-01 16:00:58,Обращение в службу заботы о клиентах
13795,2021-04-06 12:59:36,Обращение в службу заботы о клиентах
13795,2021-04-06 13:06:44,Обращение в службу заботы о клиентах
13795,2021-04-06 13:30:28,Обращение в службу заботы о клиентах
13795,2021-04-06 13:40:30,Обращение в службу заботы о клиентах
13795,2021-04-09 15:58:19,Обращение в службу заботы о клиентах
8272,2021-03-11 20:57:34,Активация ГП с IVR
8272,2021-04-02 20:43:16,Добавление в Обращались с номеров
8272,2021-04-02 20:45:11,Активация гарантированного платежа
8272,2021-04-02 20:45:33,Обращение в службу заботы о клиентах
8272,2021-04-10 13:27:20,Обращение в службу заботы о клиентах
8272,2021-04-10 15:20:24,Обращение в службу заботы о клиентах
8272,2021-04-23 21:44:45,Активация ГП с IVR
8272,2021-04-25 19:22:26,Изменение контактных телефонов
8272,2021-04-25 19:23:01,Предложение ТВ-пакета
8272,2021-04-25 19:23:17,Обращение в службу заботы о клиентах
40007,2021-03-19 12:17:32,Обращение в службу заботы о клиентах
40007,2021-03-28 10:27:35,Обращение в службу заботы о клиентах
42705,2021-04-20 16:10:54,Обращение в службу заботы о клиентах
42705,2021-04-20 19:21:52,Обращение в службу заботы о клиентах
42705,2021-04-20 19:22:15,Предложение ТВ
14901,2021-03-31 19:39:23,Добавление в Обращались с номеров
14901,2021-03-31 19:42:02,Внутреннее сообщение
14901,2021-03-31 19:44:57,Обращение в службу заботы о клиентах
14901,2021-04-01 15:51:30,Изменение данных клиента
14901,2021-04-01 15:58:48,Смена IP-адреса
14901,2021-04-01 16:00:28,Изменение истории
14901,2021-04-01 16:01:19,Обращение в службу заботы о клиентах
14901,2021-04-01 17:48:42,Смена IP-адреса
14901,2021-04-01 17:59:24,Смена схемы оплаты
14901,2021-04-01 18:00:15,Операция с mac-адресом
14901,2021-04-01 18:16:09,Предложение тарифа
14901,2021-04-01 18:16:45,Обращение в службу заботы о клиентах
42710,2021-04-05 16:24:41,Включение интернета на 20 минут
42710,2021-04-05 16:24:50,Обращение в службу заботы о клиентах
42710,2021-04-06 08:53:47,Обращение в службу заботы о клиентах
42710,2021-04-06 08:53:49,Предложение ТВ
42723,2021-03-11 01:22:21,Обращение в службу заботы о клиентах
40697,2021-03-01 14:09:06,Обращение в службу заботы о клиентах
40697,2021-03-04 16:52:45,Обращение в службу заботы о клиентах
40697,2021-03-04 16:54:41,Предложение ТВ-пакета
40697,2021-03-04 18:02:42,Обращение в службу заботы о клиентах
40697,2021-03-04 18:11:06,Обращение в службу заботы о клиентах
40697,2021-03-06 13:39:42,Обращение в службу заботы о клиентах
40697,2021-03-06 15:18:43,Состояние клиентского оборудования
40697,2021-04-06 19:59:09,Предложение тарифа
40697,2021-04-06 19:59:48,Обращение в службу заботы о клиентах
31851,2021-04-02 19:49:59,Обращение в службу заботы о клиентах
13188,2021-04-11 20:15:36,Обращение в службу заботы о клиентах
13188,2021-04-11 20:29:39,Смена пароля
13188,2021-04-11 20:33:18,Предложение ТВ
13188,2021-04-11 20:33:32,Обращение в службу заботы о клиентах
13188,2021-04-11 20:35:55,Обращение в службу заботы о клиентах
13188,2021-04-12 10:06:15,Обращение в службу заботы о клиентах
13188,2021-04-12 10:23:30,Обращение в службу заботы о клиентах
13188,2021-04-12 12:11:34,Операция с mac-адресом
13188,2021-04-12 13:06:43,Состояние клиентского оборудования
13188,2021-04-14 09:21:30,Включение интернета на 20 минут
13188,2021-04-14 09:26:17,Обращение в службу заботы о клиентах
42679,2021-04-26 13:15:08,Предложение ТВ
42679,2021-04-26 13:15:50,Обращение в службу заботы о клиентах
42760,2021-04-28 19:04:47,Обращение в службу заботы о клиентах
42760,2021-04-29 11:37:10,Отключение услуги Аренда ТВ-приставки
42760,2021-04-29 11:37:23,Оборудование
42760,2021-04-29 12:04:24,Состояние клиентского оборудования
12288,2021-04-08 08:51:36,Обращение в службу заботы о клиентах
12288,2021-04-08 09:03:48,Предложение ТВ
8177,2021-03-09 22:09:43,Смена тарифа
8177,2021-03-09 22:10:30,Обращение в службу заботы о клиентах
33162,2021-03-26 19:43:56,Внутреннее сообщение
7884,2021-04-19 17:20:39,Внутреннее сообщение
7884,2021-04-21 12:02:09,Изменение данных клиента
7884,2021-04-21 12:02:10,Смена IP-адреса
7884,2021-04-21 12:02:11,Смена тарифа
7884,2021-04-21 12:02:11,Внутреннее сообщение
7884,2021-04-21 12:02:57,Смена пароля
7884,2021-04-21 12:03:56,Смена пароля
8081,2021-03-06 16:34:47,Предложение IPTV
8081,2021-03-06 16:35:01,Обращение в службу заботы о клиентах
42777,2021-03-21 15:57:51,Обращение в службу заботы о клиентах
42777,2021-04-05 13:25:54,Обращение в службу заботы о клиентах
42777,2021-04-05 17:47:50,Оборудование
42777,2021-04-05 17:47:58,Обращение в службу заботы о клиентах
42777,2021-04-05 19:22:15,Операция с mac-адресом
42777,2021-04-05 19:23:29,Предложение тарифа
42777,2021-04-05 19:24:10,Обращение в службу заботы о клиентах
42777,2021-04-05 19:42:33,Операция с mac-адресом
42777,2021-04-05 19:44:24,Обращение в службу заботы о клиентах
31020,2021-03-24 23:42:29,Реестр договоров
11880,2021-04-07 12:28:08,Внутреннее сообщение
9733,2021-03-15 12:25:36,Перенос денежных средств
9733,2021-03-15 13:24:46,Обращение в службу заботы о клиентах
8968,2021-03-26 19:05:58,Обращение в службу заботы о клиентах
31812,2021-03-01 13:41:40,Включение интернета на 20 минут
31812,2021-03-01 13:42:09,Обращение в службу заботы о клиентах
31812,2021-03-21 18:53:03,Обращение в службу заботы о клиентах
14568,2021-04-05 14:59:51,Удаление из Обращались с номеров
14568,2021-04-06 14:22:07,Включена 30% скидка
14568,2021-04-06 14:22:08,Смена тарифа
14568,2021-04-06 14:22:21,Изменение истории
14568,2021-04-06 14:22:32,Без границ бесплатно. Включение
14568,2021-04-10 13:26:29,Добавление в Обращались с номеров
14568,2021-04-10 13:28:12,Обращение в службу заботы о клиентах
11110,2021-03-27 10:51:48,Обращение в службу заботы о клиентах
11110,2021-03-27 17:30:21,Обращение в службу заботы о клиентах
10722,2021-03-18 20:15:20,Предложение IPTV
10722,2021-03-18 20:15:32,Обращение в службу заботы о клиентах
10722,2021-04-06 07:09:18,Обращение в службу заботы о клиентах
67279,2021-03-30 16:39:11,Состояние клиентского оборудования
8343,2021-03-25 11:45:29,Обращение в службу заботы о клиентах
8343,2021-03-25 11:57:12,Обращение в службу заботы о клиентах
8343,2021-03-25 12:35:30,Обращение в службу заботы о клиентах
8343,2021-03-27 14:56:36,Смена пароля
8343,2021-03-27 14:57:35,Обращение в службу заботы о клиентах
8343,2021-03-27 14:57:43,Предложение ТВ
28150,2021-03-03 19:17:16,Смена пароля
28150,2021-03-03 19:17:52,Обращение в службу заботы о клиентах
8639,2021-03-11 18:32:00,Обращение в службу заботы о клиентах
8639,2021-03-11 21:04:39,Состояние клиентского оборудования
8639,2021-03-19 15:51:04,Обращение в службу заботы о клиентах
8639,2021-03-19 17:57:19,Смена пароля
8639,2021-03-19 18:52:25,Активация точки подключения на сутки
8639,2021-03-19 18:52:36,Состояние клиентского оборудования
8639,2021-03-24 10:50:32,Смена пароля
8639,2021-03-24 13:50:28,Смена пароля
8639,2021-04-16 16:39:34,Предложение тарифа
8639,2021-04-16 16:39:47,Обращение в службу заботы о клиентах
8639,2021-04-16 16:54:54,Включена 10% скидка
8639,2021-04-16 16:54:54,Отключение скидки 10%
8639,2021-04-16 16:54:54,Смена тарифа
8639,2021-04-16 16:55:03,Включена 10% скидка
8639,2021-04-16 16:55:34,Изменение истории
8639,2021-04-16 16:55:56,Обращение в службу заботы о клиентах
8639,2021-04-19 07:58:28,Обращение в службу заботы о клиентах
8639,2021-04-23 10:03:33,Обращение в службу заботы о клиентах
42863,2021-03-05 22:10:31,Обращение в службу заботы о клиентах
8694,2021-04-14 23:18:51,Реестр договоров
32720,2021-03-02 19:11:11,Активация гарантированного платежа
32720,2021-03-02 19:11:20,Обращение в службу заботы о клиентах
32720,2021-03-07 13:02:04,Активация ГП с IVR
32720,2021-03-16 11:34:08,Обращение в службу заботы о клиентах
32720,2021-03-18 21:07:53,Активация гарантированного платежа
32720,2021-03-18 21:08:07,Обращение в службу заботы о клиентах
32720,2021-03-22 21:45:18,Активация ГП с IVR
32720,2021-03-25 21:57:21,Обращение в службу заботы о клиентах
32720,2021-03-27 10:51:06,Активация ГП с IVR
32720,2021-03-29 19:51:47,Обращение в службу заботы о клиентах
32720,2021-04-01 12:23:21,Активация гарантированного платежа
32720,2021-04-01 12:23:43,Обращение в службу заботы о клиентах
32720,2021-04-01 15:57:38,Предложение тарифа
32720,2021-04-01 15:57:56,Смена тарифа
32720,2021-04-01 15:58:55,Обращение в службу заботы о клиентах
32720,2021-04-05 20:16:01,Активация гарантированного платежа
32720,2021-04-05 20:16:26,Предложение ТВ-пакета
32720,2021-04-05 20:16:33,Обращение в службу заботы о клиентах
32720,2021-04-10 15:32:34,Активация ГП с IVR
32720,2021-04-13 15:50:34,Обращение в службу заботы о клиентах
32720,2021-04-18 11:04:52,Обращение в службу заботы о клиентах
32720,2021-04-22 20:30:42,Обращение в службу заботы о клиентах
32720,2021-04-23 22:05:40,Активация ГП с IVR
32720,2021-04-27 22:15:12,Активация гарантированного платежа
32720,2021-04-27 22:15:16,Обращение в службу заботы о клиентах
32393,2021-04-10 14:59:53,Обращение в службу заботы о клиентах
32393,2021-04-10 14:59:55,Предложение ТВ
32393,2021-04-10 19:29:18,Состояние клиентского оборудования
13725,2021-03-08 16:37:19,Предложение ТВ-пакета
13725,2021-03-08 16:37:51,Обращение в службу заботы о клиентах
42944,2021-03-25 22:19:06,Добавление в Обращались с номеров
42944,2021-03-25 22:28:45,Обращение в службу заботы о клиентах
42944,2021-03-26 15:51:43,Состояние клиентского оборудования
42944,2021-03-26 15:52:44,Активация точки подключения на сутки
9393,2021-03-05 21:50:39,Включение IPTV-пакета
9393,2021-03-05 21:52:05,Обращение в службу заботы о клиентах
9393,2021-04-12 13:21:37,Реестр договоров
11210,2021-03-25 16:08:41,Обращение в службу заботы о клиентах
11210,2021-04-09 17:05:46,Активация точки подключения на сутки
11210,2021-04-09 17:06:05,Смена тарифа
11210,2021-04-09 20:24:48,Состояние клиентского оборудования
11210,2021-04-11 00:00:29,Окончание рассрочки за подключение
28238,2021-03-22 16:59:01,Изменение контактных телефонов
41476,2021-03-09 09:55:26,Обращение в службу заботы о клиентах
41476,2021-03-09 13:16:40,Состояние клиентского оборудования
28310,2021-03-06 17:29:10,Обращение в службу заботы о клиентах
10243,2021-03-05 22:17:46,Обращение в службу заботы о клиентах
10243,2021-04-04 13:04:35,Обращение в службу заботы о клиентах
12015,2021-03-16 10:18:25,Внутреннее сообщение
42991,2021-03-30 17:07:37,Добавление в Обращались с номеров
42991,2021-03-30 17:12:16,Обращение в службу заботы о клиентах
43005,2021-03-30 17:42:03,Реестр договоров
8921,2021-03-16 11:24:08,Перенос денежных средств
31203,2021-03-16 16:51:11,Изменение контактных телефонов
10887,2021-03-12 15:40:08,Обращение в службу заботы о клиентах
10887,2021-03-19 15:43:31,Обращение в службу заботы о клиентах
39099,2021-04-25 10:48:22,Предложение тарифа
39099,2021-04-25 10:48:32,Обращение в службу заботы о клиентах
39099,2021-04-26 10:44:04,Включение услуги Аренда ТВ-приставки
39099,2021-04-26 10:44:05,Оборудование
39099,2021-04-26 10:44:10,Обращение в службу заботы о клиентах
43029,2021-03-02 20:27:59,Активация ГП с IVR
43029,2021-03-11 16:51:08,Активация ГП с IVR
43029,2021-03-18 21:49:15,Активация ГП с IVR
43029,2021-03-31 22:14:47,Активация ГП с IVR
43032,2021-03-13 16:35:55,Обращение в службу заботы о клиентах
28044,2021-04-10 08:42:09,Обращение в службу заботы о клиентах
28044,2021-04-10 08:42:13,Предложение ТВ-пакета
28044,2021-04-10 08:43:48,Включение IPTV-пакета
28044,2021-04-10 08:51:12,Включение интернета на 20 минут
43033,2021-03-08 15:10:16,Обращение в службу заботы о клиентах
43033,2021-03-19 08:40:19,Изменение контактных телефонов
43038,2021-03-17 15:33:49,Обращение в службу заботы о клиентах
43038,2021-03-17 15:39:13,Обращение в службу заботы о клиентах
43038,2021-03-17 16:07:49,Смена тарифа
7805,2021-04-07 12:57:35,Обращение в службу заботы о клиентах
7805,2021-04-07 13:18:45,Обращение в службу заботы о клиентах
30555,2021-03-08 14:26:31,Добавление в Обращались с номеров
30555,2021-03-08 14:27:33,Обращение в службу заботы о клиентах
13832,2021-03-07 23:57:07,Активация гарантированного платежа
13832,2021-03-07 23:58:43,Предложение IPTV
13832,2021-03-07 23:58:51,Обращение в службу заботы о клиентах
13832,2021-03-14 19:21:37,Обращение в службу заботы о клиентах
13005,2021-04-03 18:14:53,Обращение в службу заботы о клиентах
13005,2021-04-04 18:24:24,Обращение в службу заботы о клиентах
13005,2021-04-04 18:25:37,Предложение тарифа
41373,2021-03-17 20:22:56,Изменение данных клиента
41373,2021-03-17 20:22:58,Смена IP-адреса
41373,2021-03-17 20:22:58,Смена тарифа
41373,2021-03-17 20:22:58,Внутреннее сообщение
41373,2021-03-17 20:24:05,Смена пароля
39170,2021-04-18 10:43:57,Обращение в службу заботы о клиентах
39170,2021-04-18 10:46:01,Предложение ТВ
39170,2021-04-18 10:46:05,Обращение в службу заботы о клиентах
42438,2021-03-25 17:59:10,Изменение контактных телефонов
42144,2021-03-25 14:50:46,Обращение в службу заботы о клиентах
42144,2021-04-16 18:20:42,Обращение в службу заботы о клиентах
42144,2021-04-17 11:13:58,Обращение в службу заботы о клиентах
42144,2021-04-17 11:14:37,Предложение ТВ
35823,2021-04-09 17:51:21,Предложение ТВ
35823,2021-04-09 18:01:16,Обращение в службу заботы о клиентах
35823,2021-04-09 21:42:19,Смена пароля
35823,2021-04-09 21:42:35,Смена пароля
35823,2021-04-09 21:48:38,Оборудование
35823,2021-04-09 21:54:42,Активация точки подключения на сутки
35823,2021-04-09 21:59:28,Состояние клиентского оборудования
35823,2021-04-20 19:31:05,Предложение тарифа
35823,2021-04-20 19:31:13,Обращение в службу заботы о клиентах
8567,2021-03-01 18:36:55,Смена тарифа
8567,2021-03-01 18:38:32,Изменение данных клиента
8567,2021-03-01 18:38:35,Смена IP-адреса
8567,2021-03-01 18:39:14,Операция с mac-адресом
8567,2021-03-01 18:40:03,Смена тарифа
9763,2021-03-27 11:01:43,Обращение в службу заботы о клиентах
9763,2021-03-29 16:01:07,Включена 30% скидка
9763,2021-03-29 16:01:07,Смена тарифа
9763,2021-03-29 16:01:43,Изменение истории
41335,2021-03-03 16:10:41,Обращение в службу заботы о клиентах
42547,2021-03-03 15:31:41,Обращение в службу заботы о клиентах
42547,2021-04-10 20:51:11,Обращение в службу заботы о клиентах
41563,2021-04-15 12:42:24,Обращение в службу заботы о клиентах
41563,2021-04-15 12:42:27,Предложение тарифа
39579,2021-03-03 21:30:28,Включена 10% скидка
39579,2021-03-03 21:30:56,Предложение IPTV
39579,2021-03-03 21:32:04,Обращение в службу заботы о клиентах
39579,2021-04-07 10:42:42,Обращение в службу заботы о клиентах
39579,2021-04-17 23:55:41,Обращение в службу заботы о клиентах
41449,2021-03-27 21:02:03,Предложение ТВ
41449,2021-03-27 21:03:01,Обращение в службу заботы о клиентах
42139,2021-04-16 16:54:14,Выключение IPTV-пакета
42139,2021-04-16 16:56:45,Отключение услуги Аренда ТВ-приставки
42139,2021-04-16 17:02:55,Состояние клиентского оборудования
42139,2021-04-27 16:39:14,Обращение в службу заботы о клиентах
12040,2021-03-07 19:49:08,Добавление в Обращались с номеров
12040,2021-03-07 19:53:45,Смена пароля
12040,2021-03-07 19:55:44,Обращение в службу заботы о клиентах
12040,2021-03-07 21:36:38,Обращение в службу заботы о клиентах
12040,2021-03-07 21:48:36,Смена пароля
12040,2021-03-07 21:52:58,Операция с mac-адресом
12040,2021-03-07 22:36:23,Смена пароля
12040,2021-03-07 22:38:43,Предложение IPTV
28354,2021-04-02 13:08:13,Внесение
41905,2021-03-01 11:05:54,Обращение в службу заботы о клиентах
12011,2021-03-25 14:00:40,Обращение в службу заботы о клиентах
8303,2021-03-21 19:52:32,Обращение в службу заботы о клиентах
42631,2021-03-27 15:38:59,Возвращение клиента
42631,2021-03-27 15:39:59,Смена схемы оплаты
42631,2021-03-27 15:40:41,Смена тарифа
42631,2021-03-27 15:41:01,Смена тарифа
42631,2021-03-27 15:42:18,Операция с mac-адресом
42631,2021-03-27 15:58:51,Внесение
42631,2021-03-27 16:13:46,Оборудование
42631,2021-03-27 16:14:10,Включение услуги Аренда ТВ-приставки
42631,2021-03-27 16:14:10,Включение IPTV-пакета
42631,2021-03-27 16:14:10,Оборудование
42631,2021-03-27 16:34:06,Смена пароля
13224,2021-04-09 23:02:46,Обращение в службу заботы о клиентах
8525,2021-04-07 14:16:14,Предложение ТВ
8525,2021-04-07 14:16:38,Обращение в службу заботы о клиентах
8525,2021-04-07 14:25:32,Обращение в службу заботы о клиентах
8525,2021-04-12 13:27:59,Включение услуги Аренда ТВ-приставки
8525,2021-04-12 13:27:59,Включение IPTV-пакета
8525,2021-04-12 13:27:59,Оборудование
8525,2021-04-12 15:11:05,Состояние клиентского оборудования
33458,2021-04-23 20:58:28,Обращение в службу заботы о клиентах
33458,2021-04-23 21:01:53,Предложение тарифа
41821,2021-03-14 18:47:03,Обращение в службу заботы о клиентах
8569,2021-04-15 15:37:06,Отключение скидки 20%
8569,2021-04-15 15:37:06,Включена 30% скидка
8569,2021-04-15 15:37:07,Без границ бесплатно. Отключение
8569,2021-04-15 15:37:07,Смена тарифа
8569,2021-04-15 15:38:10,Включена 30% скидка
8569,2021-04-15 15:38:31,Изменение истории
43088,2021-03-24 18:02:14,Обращение в службу заботы о клиентах
43088,2021-03-24 18:23:52,Обращение в службу заботы о клиентах
43098,2021-03-01 12:01:22,Изменение контактных телефонов
43101,2021-03-18 12:08:38,Предложение ТВ-пакета
43101,2021-03-18 12:09:04,Обращение в службу заботы о клиентах
41445,2021-03-04 14:19:07,Обращение в службу заботы о клиентах
29356,2021-03-08 19:18:20,Активация автоматического гарантированного платежа
29356,2021-03-08 19:18:31,Обращение в службу заботы о клиентах
9446,2021-03-09 18:44:03,Обращение в службу заботы о клиентах
9446,2021-03-14 18:35:54,Обращение в службу заботы о клиентах
9446,2021-03-18 09:45:24,Обращение в службу заботы о клиентах
43119,2021-03-02 22:55:48,Внутреннее сообщение
43119,2021-03-30 17:55:24,Обращение в службу заботы о клиентах
43119,2021-04-01 16:40:34,Отключение услуги Аренда ТВ-приставки
43119,2021-04-01 16:40:42,Оборудование
43119,2021-04-01 16:40:53,Обращение в службу заботы о клиентах
43119,2021-04-04 18:20:23,Смена тарифа
43119,2021-04-04 18:20:27,Предложение тарифа
43119,2021-04-04 18:22:21,Обращение в службу заботы о клиентах
8680,2021-04-16 14:26:31,Обращение в службу заботы о клиентах
8680,2021-04-16 14:27:33,Предложение ТВ-пакета
43122,2021-04-01 16:24:14,Обращение в службу заботы о клиентах
43122,2021-04-13 22:29:19,Закрепление сообщения
43122,2021-04-13 22:29:56,Реестр договоров
33721,2021-04-29 13:49:34,Обращение в службу заботы о клиентах
43127,2021-04-09 20:52:57,Возвращение клиента
43127,2021-04-09 20:53:27,Активация точки подключения на сутки
43127,2021-04-09 20:56:14,Смена тарифа
43127,2021-04-09 20:58:16,Активация точки подключения на сутки
12230,2021-04-06 19:38:59,Добавление в Обращались с номеров
12230,2021-04-06 19:40:26,Обращение в службу заботы о клиентах
42087,2021-03-27 01:28:28,Смена пароля
42087,2021-03-27 01:28:49,Обращение в службу заботы о клиентах
42087,2021-03-27 01:33:35,Внутреннее сообщение
31061,2021-03-02 14:02:01,Обращение в службу заботы о клиентах
9179,2021-03-19 18:18:58,Обращение в службу заботы о клиентах
9179,2021-04-12 19:09:01,Обращение в службу заботы о клиентах
28277,2021-03-13 10:54:08,Уведомления: подключение
28277,2021-03-15 04:00:03,Уведомления: отключение
28277,2021-03-18 10:39:47,Обращение в службу заботы о клиентах
28277,2021-03-24 21:48:59,Обращение в службу заботы о клиентах
28277,2021-03-24 21:51:29,Обращение в службу заботы о клиентах
28277,2021-04-06 19:22:53,Обращение в службу заботы о клиентах
43156,2021-03-20 20:26:41,Обращение в службу заботы о клиентах
43156,2021-04-14 10:38:04,Добавление в Обращались с номеров
43156,2021-04-14 10:39:21,Обращение в службу заботы о клиентах
29843,2021-03-24 23:21:24,Реестр договоров
43159,2021-04-02 12:49:25,Удаление из Обращались с номеров
43159,2021-04-02 12:50:04,Удаление телефона из записи
32028,2021-03-28 18:39:04,Обращение в службу заботы о клиентах
32028,2021-03-28 18:39:24,Смена пароля
11301,2021-04-08 10:53:51,Включена 30% скидка
11301,2021-04-08 10:53:52,Смена тарифа
11301,2021-04-08 10:54:04,Изменение истории
11301,2021-04-08 20:00:00,Предложение ТВ
11301,2021-04-08 20:00:34,Обращение в службу заботы о клиентах
43182,2021-03-28 16:23:18,Предложение автоплатежа
43182,2021-03-28 16:25:04,Обращение в службу заботы о клиентах
43182,2021-03-30 13:10:09,Обращение в службу заботы о клиентах
43182,2021-04-01 14:36:52,Обращение в службу заботы о клиентах
43182,2021-04-10 13:52:14,Обращение в службу заботы о клиентах
43182,2021-04-10 14:01:23,Обращение в службу заботы о клиентах
43182,2021-04-10 14:03:26,Обращение в службу заботы о клиентах
29542,2021-04-01 14:49:59,Смена пароля
29542,2021-04-01 14:50:09,Обращение в службу заботы о клиентах
9715,2021-03-13 20:18:56,Предложение IPTV
9715,2021-03-13 20:19:17,Обращение в службу заботы о клиентах
12893,2021-03-20 22:12:43,Внутреннее сообщение
11032,2021-03-25 11:58:24,Обращение в службу заботы о клиентах
40652,2021-03-04 19:14:13,Уведомления: подключение
40652,2021-03-04 19:16:36,Уведомления: подтверждение
40652,2021-04-22 17:29:27,Внутреннее сообщение
40652,2021-04-23 14:52:26,Изменение данных клиента
40652,2021-04-23 14:52:27,Смена IP-адреса
40652,2021-04-23 14:54:22,Операция с mac-адресом
9513,2021-03-10 14:10:19,Обращение в службу заботы о клиентах
9513,2021-03-28 12:19:20,Состояние клиентского оборудования
9513,2021-04-05 11:40:23,Без границ бесплатно. Включение
43222,2021-03-24 16:31:08,Обращение в службу заботы о клиентах
35160,2021-04-08 19:03:29,Смена пароля
35160,2021-04-08 19:13:16,Обращение в службу заботы о клиентах
35160,2021-04-08 19:14:32,Предложение ТВ-пакета
30184,2021-04-05 14:32:15,Смена тарифа
30184,2021-04-05 14:38:29,Обращение в службу заботы о клиентах
30184,2021-04-05 15:59:34,Смена пароля
30184,2021-04-05 16:02:40,Оборудование
30184,2021-04-05 16:10:28,Состояние клиентского оборудования
30184,2021-04-06 12:10:37,Предложение ТВ
30184,2021-04-06 12:13:40,Обращение в службу заботы о клиентах
30184,2021-04-06 13:40:34,Состояние клиентского оборудования
9647,2021-04-20 09:52:20,Предложение тарифа
9647,2021-04-20 09:52:45,Смена тарифа
9647,2021-04-20 09:53:20,Обращение в службу заботы о клиентах
36938,2021-04-06 07:08:20,Обращение в службу заботы о клиентах
8057,2021-03-25 15:09:11,Обращение в службу заботы о клиентах
29574,2021-03-10 12:13:53,Обращение в службу заботы о клиентах
29574,2021-03-10 13:51:32,Состояние клиентского оборудования
29574,2021-03-12 01:56:59,Включение интернета на 20 минут
29574,2021-03-12 01:57:14,Обращение в службу заботы о клиентах
29574,2021-03-12 02:02:16,Обращение в службу заботы о клиентах
28760,2021-04-20 11:56:24,Реестр договоров
28760,2021-04-27 14:45:18,Отключение скидки 10%
28760,2021-04-27 14:45:18,Включена 30% скидка
28760,2021-04-27 14:45:19,Смена тарифа
30197,2021-04-11 20:00:32,Обращение в службу заботы о клиентах
30197,2021-04-11 20:01:39,Обращение в службу заботы о клиентах
30197,2021-04-11 20:05:38,Обращение в службу заботы о клиентах
30197,2021-04-12 11:53:29,Обращение в службу заботы о клиентах
30197,2021-04-12 11:58:09,Обращение в службу заботы о клиентах
30197,2021-04-12 12:00:11,Обращение в службу заботы о клиентах
30197,2021-04-12 12:00:58,Обращение в службу заботы о клиентах
30197,2021-04-12 12:03:26,Обращение в службу заботы о клиентах
30197,2021-04-12 12:04:24,Обращение в службу заботы о клиентах
30197,2021-04-12 12:05:53,Обращение в службу заботы о клиентах
30197,2021-04-12 12:08:15,Обращение в службу заботы о клиентах
30197,2021-04-12 12:13:35,Обращение в службу заботы о клиентах
30197,2021-04-26 11:02:16,Обращение в службу заботы о клиентах
30197,2021-04-26 11:06:58,Обращение в службу заботы о клиентах
10301,2021-04-20 16:07:09,Обращение в службу заботы о клиентах
10301,2021-04-20 16:07:37,Предложение ТВ
10301,2021-04-20 16:27:47,Обращение в службу заботы о клиентах
10301,2021-04-20 16:32:15,Обращение в службу заботы о клиентах
10301,2021-04-20 16:33:19,Обращение в службу заботы о клиентах
10301,2021-04-20 16:37:26,Смена пароля
10301,2021-04-20 16:37:49,Обращение в службу заботы о клиентах
29587,2021-04-05 15:37:36,Смена тарифа
29587,2021-04-05 15:38:22,Предложение ТВ
29587,2021-04-05 15:38:32,Обращение в службу заботы о клиентах
8796,2021-03-18 19:12:54,Предложение IPTV
8796,2021-03-18 19:13:51,Обращение в службу заботы о клиентах
8796,2021-03-19 21:46:59,Обращение в службу заботы о клиентах
8796,2021-03-19 21:47:22,Внутреннее сообщение
8796,2021-03-20 14:08:27,Обращение в службу заботы о клиентах
37792,2021-03-22 16:34:44,Удаление из Обращались с номеров
10082,2021-03-04 16:05:24,Обращение в службу заботы о клиентах
10082,2021-03-08 17:15:33,Изменение контактных телефонов
28715,2021-03-10 21:29:52,Активация ГП с IVR
28715,2021-04-14 18:32:27,Активация ГП с IVR
43263,2021-03-07 12:15:16,Изменение истории
43263,2021-03-07 12:15:23,Изменение истории
43263,2021-03-07 12:15:29,Изменение истории
43263,2021-03-11 15:09:45,Внутреннее сообщение
43263,2021-04-12 13:23:48,Обращение в службу заботы о клиентах
43263,2021-04-12 13:43:34,Обращение в службу заботы о клиентах
43263,2021-04-12 13:43:45,Смена пароля
43263,2021-04-12 13:46:06,Предложение тарифа
43263,2021-04-12 14:14:41,Уведомления: подключение
43263,2021-04-12 14:21:49,Уведомления: подключение
43263,2021-04-12 14:29:06,Уведомления: отключение
43263,2021-04-12 14:29:28,Уведомления: отключение
43263,2021-04-12 14:29:52,Уведомления: подключение
43263,2021-04-12 14:30:07,Уведомления: подтверждение
11088,2021-04-06 06:56:30,Уведомления: подключение
11088,2021-04-06 07:01:59,Уведомления: подтверждение
43281,2021-03-17 12:37:50,Обращение в службу заботы о клиентах
43281,2021-03-17 14:29:36,Обращение в службу заботы о клиентах
43281,2021-03-18 13:07:12,Отключение услуги Аренда ТВ-приставки
43281,2021-03-18 13:07:14,Оборудование
43281,2021-03-18 13:07:28,Обращение в службу заботы о клиентах
43290,2021-03-31 13:56:33,Добавление в Обращались с номеров
43290,2021-03-31 13:57:01,Обращение в службу заботы о клиентах
14306,2021-03-31 17:21:21,Смена пароля
14306,2021-03-31 17:38:26,Обращение в службу заботы о клиентах
14306,2021-03-31 18:58:25,Предложение ТВ
8003,2021-03-04 10:24:25,Включена 10% скидка
8003,2021-03-04 10:24:46,Обращение в службу заботы о клиентах
43299,2021-04-23 02:30:33,Обращение в службу заботы о клиентах
43299,2021-04-24 11:48:45,Предложение тарифа
30532,2021-03-03 15:27:53,Обращение в службу заботы о клиентах
30532,2021-03-13 12:50:58,Отключение услуги Аренда ТВ-приставки
30532,2021-03-13 12:51:06,Оборудование
30532,2021-03-13 12:51:46,Включение услуги Аренда ТВ-приставки
30532,2021-03-13 12:51:46,Включение IPTV-пакета
30532,2021-03-13 12:51:46,Оборудование
28620,2021-04-27 21:54:50,Обращение в службу заботы о клиентах
28620,2021-04-28 13:57:58,Обращение в службу заботы о клиентах
28620,2021-04-28 18:37:45,Включение Бесплатной аренды
28620,2021-04-28 18:37:45,Включение услуги Аренда ТВ-приставки
28620,2021-04-28 18:37:45,Включение IPTV-пакета
28620,2021-04-28 18:37:45,Оборудование
28620,2021-04-28 19:04:21,Состояние клиентского оборудования
36722,2021-04-26 12:55:57,Внутреннее сообщение
9670,2021-03-17 15:06:04,Обращение в службу заботы о клиентах
9670,2021-03-18 16:16:03,Обращение в службу заботы о клиентах
9670,2021-03-18 16:20:54,Смена тарифа
9670,2021-03-18 16:21:09,Изменение истории
14321,2021-03-16 13:26:19,Обращение в службу заботы о клиентах
14321,2021-04-20 19:51:12,Обращение в службу заботы о клиентах
10217,2021-03-03 11:35:36,Без границ бесплатно. Отключение
10217,2021-03-03 11:35:36,Смена тарифа
10217,2021-03-03 11:37:31,Предложение IPTV
10217,2021-03-03 11:38:25,Обращение в службу заботы о клиентах
43358,2021-03-25 17:10:11,Обращение в службу заботы о клиентах
8496,2021-03-29 22:05:03,Обращение в службу заботы о клиентах
8496,2021-03-29 22:06:41,Обращение в службу заботы о клиентах
43376,2021-03-31 00:22:53,Реестр договоров
10459,2021-03-06 19:03:15,Обращение в службу заботы о клиентах
10459,2021-03-06 19:03:44,Предложение IPTV
34674,2021-04-05 22:58:03,Внутреннее сообщение
40332,2021-04-09 20:48:04,Предложение тарифа
40332,2021-04-09 20:48:29,Обращение в службу заботы о клиентах
40332,2021-04-09 23:07:23,Состояние клиентского оборудования
31300,2021-03-16 19:57:56,Добавление в Обращались с номеров
31300,2021-03-16 19:58:26,Смена пароля
31300,2021-03-16 19:58:53,Обращение в службу заботы о клиентах
31300,2021-03-27 19:02:51,Включение интернета на 20 минут
31300,2021-03-27 19:03:22,Обращение в службу заботы о клиентах
11047,2021-04-25 17:34:17,Добавление в Обращались с номеров
11047,2021-04-25 17:34:27,Обращение в службу заботы о клиентах
11047,2021-04-25 17:34:45,Смена пароля
11047,2021-04-25 17:35:38,Предложение ТВ
43424,2021-04-13 21:21:02,Активация ГП с IVR
43424,2021-04-20 21:58:44,Активация ГП с IVR
30196,2021-04-29 14:08:45,Обращение в службу заботы о клиентах
15005,2021-03-17 20:23:25,Включение интернета на 20 минут
15005,2021-03-17 20:23:50,Обращение в службу заботы о клиентах
15005,2021-04-17 20:38:26,Включение интернета на 20 минут
15005,2021-04-17 20:39:16,Предложение тарифа
15005,2021-04-17 20:39:33,Обращение в службу заботы о клиентах
10922,2021-03-28 20:22:42,Обращение в службу заботы о клиентах
11179,2021-04-26 14:02:55,Предложение ТВ
11179,2021-04-26 14:03:20,Обращение в службу заботы о клиентах
9439,2021-04-08 10:37:29,Смена тарифа
9439,2021-04-08 10:37:44,Изменение истории
8079,2021-03-30 11:19:17,Внутреннее сообщение
8079,2021-03-30 11:20:08,Закрепление сообщения
8079,2021-04-14 09:37:10,Изменение истории
8079,2021-04-14 09:37:17,Изменение истории
29509,2021-03-03 02:12:32,Уведомления: подключение
29509,2021-03-03 02:12:52,Уведомления: подтверждение
43454,2021-03-24 14:49:57,Добавление в Обращались с номеров
43454,2021-03-24 14:50:29,Обращение в службу заботы о клиентах
10670,2021-03-30 19:20:18,Обращение в службу заботы о клиентах
10670,2021-04-15 09:02:09,Предложение ТВ
10670,2021-04-15 09:02:42,Обращение в службу заботы о клиентах
10670,2021-04-15 12:26:13,Состояние клиентского оборудования
10670,2021-04-15 12:32:30,Обращение в службу заботы о клиентах
10670,2021-04-21 00:26:51,Обращение в службу заботы о клиентах
10928,2021-04-23 14:30:17,Предложение тарифа
10928,2021-04-23 14:31:14,Обращение в службу заботы о клиентах
35666,2021-03-17 17:48:48,Обращение в службу заботы о клиентах
35666,2021-03-30 12:45:01,Реестр договоров
10996,2021-03-21 13:00:42,Смена пароля
10996,2021-03-21 13:01:53,Обращение в службу заботы о клиентах
14256,2021-03-15 20:17:24,Обращение в службу заботы о клиентах
14256,2021-03-16 08:58:01,Обращение в службу заботы о клиентах
31017,2021-04-29 10:10:08,Обращение в службу заботы о клиентах
40195,2021-03-09 13:04:51,Обращение в службу заботы о клиентах
13062,2021-04-28 17:59:58,Добавление в Обращались с номеров
13062,2021-04-28 18:00:14,Обращение в службу заботы о клиентах
9057,2021-03-08 19:52:38,Смена пароля
9057,2021-03-08 19:56:24,Обращение в службу заботы о клиентах
9057,2021-03-08 20:59:04,Обращение в службу заботы о клиентах
9057,2021-03-08 21:00:50,Смена тарифа
43491,2021-03-10 23:24:26,Добавление в Обращались с номеров
43491,2021-03-10 23:24:37,Обращение в службу заботы о клиентах
43491,2021-04-09 08:49:42,Обращение в службу заботы о клиентах
43491,2021-04-09 08:50:41,Обращение в службу заботы о клиентах
43491,2021-04-09 08:53:02,Предложение тарифа
43502,2021-04-07 17:52:19,Внесение
43502,2021-04-07 17:55:11,Обращение в службу заботы о клиентах
43502,2021-04-10 17:51:01,Изменение истории
43502,2021-04-11 13:50:51,Предложение ТВ
43503,2021-03-08 14:55:06,Обращение в службу заботы о клиентах
43503,2021-04-05 19:14:18,Предложение тарифа
43503,2021-04-05 19:14:34,Предложение ТВ-пакета
43503,2021-04-05 19:15:53,Обращение в службу заботы о клиентах
43511,2021-03-15 17:42:54,Обращение в службу заботы о клиентах
43511,2021-03-16 17:18:49,Операция с mac-адресом
43511,2021-03-16 17:39:30,Состояние клиентского оборудования
9908,2021-04-10 20:03:19,Обращение в службу заботы о клиентах
9908,2021-04-10 20:06:21,Обращение в службу заботы о клиентах
43532,2021-03-27 12:17:50,Обращение в службу заботы о клиентах
43532,2021-03-29 11:34:26,Обращение в службу заботы о клиентах
8691,2021-03-15 15:15:54,Обращение в службу заботы о клиентах
8691,2021-03-21 14:36:18,Смена пароля
8691,2021-03-21 14:37:25,Обращение в службу заботы о клиентах
11895,2021-04-28 17:42:55,Обращение в службу заботы о клиентах
32294,2021-03-01 11:56:19,Предложение доп.гарантии на роутер
32294,2021-03-01 11:56:27,Обращение в службу заботы о клиентах
32294,2021-03-01 14:51:38,Состояние клиентского оборудования
43581,2021-03-13 11:15:32,Обращение в службу заботы о клиентах
43581,2021-03-28 14:18:20,Обращение в службу заботы о клиентах
43581,2021-04-19 16:05:43,Обращение в службу заботы о клиентах
43581,2021-04-23 14:28:34,Обращение в службу заботы о клиентах
12661,2021-03-10 15:43:14,Обращение в службу заботы о клиентах
12661,2021-04-24 14:20:39,Смена пароля
35035,2021-04-22 11:28:49,Обращение в службу заботы о клиентах
35035,2021-04-22 15:47:51,Состояние клиентского оборудования
35035,2021-04-23 15:30:46,Состояние клиентского оборудования
35711,2021-04-12 15:28:54,Предложение тарифа
35711,2021-04-12 15:29:36,Предложение доп.гарантии на роутер
35711,2021-04-12 15:30:09,Обращение в службу заботы о клиентах
34289,2021-03-25 17:04:14,Реестр договоров
41307,2021-04-01 11:27:10,Обращение в службу заботы о клиентах
41307,2021-04-13 17:26:41,Обращение в службу заботы о клиентах
41307,2021-04-16 10:26:51,Предложение тарифа
41307,2021-04-16 15:08:33,Включение Бесплатной аренды
41307,2021-04-16 15:08:33,Включение услуги Аренда ТВ-приставки
41307,2021-04-16 15:08:33,Включение IPTV-пакета
41307,2021-04-16 15:08:33,Оборудование
41307,2021-04-16 18:20:01,Состояние клиентского оборудования
41307,2021-04-27 18:21:49,Обращение в службу заботы о клиентах
14656,2021-03-13 20:50:58,Обращение в службу заботы о клиентах
36424,2021-03-26 10:21:28,Реестр договоров
43621,2021-03-06 13:25:46,Обращение в службу заботы о клиентах
43621,2021-03-10 23:50:07,Обращение в службу заботы о клиентах
43621,2021-03-28 18:01:11,Обращение в службу заботы о клиентах
43621,2021-03-28 18:20:20,Обращение в службу заботы о клиентах
43621,2021-03-28 18:51:26,Обращение в службу заботы о клиентах
43621,2021-03-31 16:41:05,Обращение в службу заботы о клиентах
43621,2021-04-10 22:11:58,Обращение в службу заботы о клиентах
43621,2021-04-12 15:50:29,Обращение в службу заботы о клиентах
43621,2021-04-12 16:27:33,Обращение в службу заботы о клиентах
43621,2021-04-12 16:36:36,Обращение в службу заботы о клиентах
43621,2021-04-12 16:49:02,Обращение в службу заботы о клиентах
43621,2021-04-12 16:56:38,Обращение в службу заботы о клиентах
43621,2021-04-13 18:15:03,Обращение в службу заботы о клиентах
43621,2021-04-13 18:33:38,Обращение в службу заботы о клиентах
43621,2021-04-14 12:52:13,Состояние клиентского оборудования
43621,2021-04-14 12:53:38,Внесение
43621,2021-04-16 15:57:20,Обращение в службу заботы о клиентах
43621,2021-04-19 13:01:01,Изменение истории
43621,2021-04-19 18:41:30,Обращение в службу заботы о клиентах
43621,2021-04-19 19:41:35,Обращение в службу заботы о клиентах
43621,2021-04-19 19:59:35,Обращение в службу заботы о клиентах
43621,2021-04-19 20:08:06,Обращение в службу заботы о клиентах
43621,2021-04-19 20:13:25,Обращение в службу заботы о клиентах
43621,2021-04-19 22:01:15,Состояние клиентского оборудования
43621,2021-04-20 08:27:00,Обращение в службу заботы о клиентах
43621,2021-04-20 14:30:54,Обращение в службу заботы о клиентах
43621,2021-04-20 14:34:06,Обращение в службу заботы о клиентах
43621,2021-04-21 14:36:08,Обращение в службу заботы о клиентах
43621,2021-04-24 20:30:45,Обращение в службу заботы о клиентах
43621,2021-04-26 17:47:20,Обращение в службу заботы о клиентах
43621,2021-04-27 18:58:22,Обращение в службу заботы о клиентах
43631,2021-03-13 12:27:06,Обращение в службу заботы о клиентах
43631,2021-04-16 16:49:49,Обращение в службу заботы о клиентах
9478,2021-04-10 05:35:41,Предложение ТВ
9478,2021-04-10 05:38:05,Обращение в службу заботы о клиентах
9478,2021-04-11 13:20:28,Обращение в службу заботы о клиентах
9478,2021-04-27 17:02:04,Обращение в службу заботы о клиентах
36422,2021-03-05 08:10:14,Обращение в службу заботы о клиентах
31763,2021-03-13 18:25:58,Смена пароля
31763,2021-03-13 18:27:07,Предложение IPTV
28607,2021-03-19 21:58:20,Обращение в службу заботы о клиентах
9972,2021-04-12 21:35:35,Предложение тарифа
9972,2021-04-12 21:35:45,Предложение роутера
9972,2021-04-12 21:35:54,Обращение в службу заботы о клиентах
14531,2021-04-14 00:57:03,Включение интернета на 20 минут
14531,2021-04-14 01:17:02,Внесение
14531,2021-04-14 01:17:48,Предложение тарифа
14531,2021-04-14 13:01:01,Изменение истории
14820,2021-03-06 14:35:19,Обращение в службу заботы о клиентах
8250,2021-03-25 14:01:58,Оборудование
8250,2021-03-25 14:42:01,Состояние клиентского оборудования
8250,2021-03-26 17:04:07,Обращение в службу заботы о клиентах
8250,2021-04-08 19:17:46,Добавление в Обращались с номеров
8250,2021-04-08 19:18:27,Обращение в службу заботы о клиентах
8250,2021-04-08 19:19:34,Предложение ТВ-пакета
8250,2021-04-08 19:26:04,Предложение тарифа
8250,2021-04-26 18:28:44,Обращение в службу заботы о клиентах
8595,2021-04-08 19:05:29,Обращение в службу заботы о клиентах
12833,2021-03-18 18:59:41,Обращение в службу заботы о клиентах
12833,2021-03-21 19:01:38,Обращение в службу заботы о клиентах
12833,2021-03-21 19:03:46,Предложение IPTV
8652,2021-03-11 13:26:47,Изменение контактных телефонов
8203,2021-03-17 01:34:33,Предложение IPTV
30902,2021-03-25 16:23:59,Удаление телефона из записи
30902,2021-03-25 16:30:06,Изменение данных клиента
30902,2021-03-31 23:06:21,Реестр договоров
36368,2021-03-14 13:49:41,Активация ГП с IVR
36368,2021-04-17 19:34:37,Активация ГП с IVR
13334,2021-03-15 16:41:45,Добавление в Обращались с номеров
13334,2021-03-15 16:43:26,Предложение IPTV
13334,2021-03-15 16:44:28,Внутреннее сообщение
13334,2021-03-17 19:55:30,Изменение данных клиента
13334,2021-03-17 19:56:01,Смена пароля
13334,2021-03-17 19:57:38,Изменение данных клиента
13334,2021-03-17 19:57:40,Смена IP-адреса
13334,2021-03-17 20:00:25,Смена тарифа
13334,2021-03-17 20:03:18,Активация точки подключения на сутки
43722,2021-03-21 13:25:30,Обращение в службу заботы о клиентах
43732,2021-03-06 16:54:23,Обращение в службу заботы о клиентах
43732,2021-03-07 16:48:36,Обращение в службу заботы о клиентах
43732,2021-03-07 16:49:17,Обращение в службу заботы о клиентах
14758,2021-03-16 10:45:24,Удаление из Обращались с номеров
14758,2021-03-16 10:45:25,Изменение контактных телефонов
14758,2021-03-16 10:45:34,Обращение в службу заботы о клиентах
42745,2021-03-01 11:58:25,Обращение в службу заботы о клиентах
42745,2021-04-02 09:34:07,Предложение ТВ
42745,2021-04-02 09:34:16,Обращение в службу заботы о клиентах
42745,2021-04-15 12:02:22,Обращение в службу заботы о клиентах
31106,2021-04-01 13:59:06,Смена пароля
31106,2021-04-01 14:53:38,Предложение тарифа
31106,2021-04-01 14:56:54,Обращение в службу заботы о клиентах
31106,2021-04-02 09:47:55,Обращение в службу заботы о клиентах
10189,2021-03-01 14:17:30,Обращение в службу заботы о клиентах
10189,2021-03-01 14:17:33,Отключение услуги Аренда ТВ-приставки
10189,2021-03-01 14:17:38,Оборудование
10189,2021-03-01 14:52:29,Изменение истории
10189,2021-03-01 14:52:36,Изменение истории
10189,2021-03-01 14:53:23,Изменение истории
10189,2021-03-01 14:53:31,Изменение истории
43783,2021-04-15 19:06:57,Обращение в службу заботы о клиентах
43783,2021-04-16 13:24:47,Обращение в службу заботы о клиентах
43783,2021-04-16 13:47:54,Обращение в службу заботы о клиентах
43783,2021-04-16 13:50:59,Предложение тарифа
34181,2021-03-31 16:54:07,Обращение в службу заботы о клиентах
34181,2021-03-31 16:58:33,Изменение истории
34181,2021-04-21 17:36:00,Обращение в службу заботы о клиентах
34181,2021-04-21 17:50:06,Обращение в службу заботы о клиентах
34181,2021-04-23 15:55:10,Обращение в службу заботы о клиентах
34181,2021-04-23 17:14:09,Предложение ТВ-пакета
34181,2021-04-23 17:15:17,Обращение в службу заботы о клиентах
34181,2021-04-23 17:33:07,Обращение в службу заботы о клиентах
34181,2021-04-28 18:28:59,Обращение в службу заботы о клиентах
43794,2021-03-19 18:08:00,Внутреннее сообщение
36237,2021-03-07 20:07:51,Обращение в службу заботы о клиентах
36237,2021-03-07 20:08:18,Смена пароля
36237,2021-03-07 20:09:56,Предложение IPTV
43848,2021-03-24 17:13:52,Обращение в службу заботы о клиентах
8237,2021-03-25 14:39:52,Смена тарифа
8237,2021-04-01 12:46:21,Продление действия тарифа
8237,2021-04-01 12:47:27,Продление действия тарифа
8237,2021-04-01 15:06:20,Продление действия тарифа
8237,2021-04-01 15:07:50,Продление действия тарифа
8237,2021-04-01 15:08:36,Продление действия тарифа
8237,2021-04-01 15:11:30,Продление действия тарифа
8237,2021-04-02 15:09:34,Изменение истории
8237,2021-04-02 15:10:57,Продление действия тарифа
43857,2021-03-16 09:10:02,Обращение в службу заботы о клиентах
13821,2021-04-05 16:46:54,Добавление в Обращались с номеров
13821,2021-04-05 16:52:06,Предложение ТВ
13821,2021-04-05 16:52:23,Обращение в службу заботы о клиентах
9253,2021-04-14 19:31:39,Предложение ТВ
9253,2021-04-14 19:31:58,Обращение в службу заботы о клиентах
43878,2021-04-05 19:28:34,Изменение контактных телефонов
43878,2021-04-05 19:29:17,Обращение в службу заботы о клиентах
43878,2021-04-05 19:41:19,Обращение в службу заботы о клиентах
30334,2021-03-21 16:55:00,Обращение в службу заботы о клиентах
30334,2021-03-21 17:26:53,Обращение в службу заботы о клиентах
30334,2021-03-21 18:31:24,Состояние клиентского оборудования
10869,2021-04-02 11:58:05,Включена 10% скидка
10869,2021-04-02 11:58:08,Смена тарифа
10869,2021-04-02 11:58:22,Изменение истории
10869,2021-04-02 11:58:28,Без границ бесплатно. Включение
40839,2021-03-17 15:48:57,Обращение в службу заботы о клиентах
40839,2021-03-17 21:03:55,Состояние клиентского оборудования
8408,2021-03-02 16:52:41,Изменение контактных телефонов
8408,2021-03-02 16:52:53,Изменение контактных телефонов
8408,2021-03-02 16:53:42,Удаление телефона из записи
8408,2021-03-31 16:04:29,Изменение контактных телефонов
8408,2021-04-18 09:05:51,Предложение ТВ
8408,2021-04-18 09:06:22,Обращение в службу заботы о клиентах
12338,2021-03-25 11:20:57,Реестр договоров
10844,2021-03-01 11:30:55,Смена тарифа
10844,2021-03-01 11:31:31,Обращение в службу заботы о клиентах
10844,2021-03-01 11:31:33,Предложение IPTV
30666,2021-04-03 12:46:18,Обращение в службу заботы о клиентах
30666,2021-04-03 13:08:41,Состояние клиентского оборудования
30666,2021-04-28 20:54:40,Добавление в Обращались с номеров
30666,2021-04-28 20:55:53,Предложение тарифа
30666,2021-04-28 20:56:13,Обращение в службу заботы о клиентах
43957,2021-04-21 13:46:25,Удаление из Обращались с номеров
43957,2021-04-21 13:46:26,Изменение контактных телефонов
43964,2021-03-09 09:59:43,Обращение в службу заботы о клиентах
43964,2021-03-09 10:23:32,Обращение в службу заботы о клиентах
43964,2021-03-09 13:28:05,Оборудование
43964,2021-03-09 13:44:08,Состояние клиентского оборудования
43964,2021-03-25 20:48:28,Обращение в службу заботы о клиентах
43964,2021-03-25 20:53:54,Включена 10% скидка
43964,2021-03-26 16:45:59,Обращение в службу заботы о клиентах
43969,2021-04-29 15:51:32,Обращение в службу заботы о клиентах
43973,2021-04-29 18:05:53,Добавление в Обращались с номеров
43973,2021-04-29 18:07:34,Обращение в службу заботы о клиентах
43979,2021-03-02 14:28:16,Обращение в службу заботы о клиентах
43979,2021-03-02 14:30:17,Обращение в службу заботы о клиентах
43979,2021-03-02 14:53:06,Отключение скидки 20%
43979,2021-03-02 14:53:06,Смена тарифа
43979,2021-04-09 13:46:33,Обращение в службу заботы о клиентах
43979,2021-04-09 17:32:06,Предложение ТВ-пакета
43979,2021-04-09 17:33:01,Обращение в службу заботы о клиентах
29923,2021-03-28 16:55:14,Обращение в службу заботы о клиентах
11936,2021-03-06 16:10:02,Обращение в службу заботы о клиентах
11936,2021-03-09 22:35:14,Обращение в службу заботы о клиентах
11936,2021-03-10 21:09:22,Обращение в службу заботы о клиентах
11936,2021-03-26 22:16:17,Обращение в службу заботы о клиентах
11936,2021-04-08 22:41:48,Обращение в службу заботы о клиентах
11936,2021-04-19 21:37:33,Обращение в службу заботы о клиентах
44007,2021-03-18 15:19:59,Обращение в службу заботы о клиентах
44007,2021-04-01 12:23:11,Обращение в службу заботы о клиентах
41579,2021-03-19 17:47:33,Предложение IPTV
41579,2021-03-19 17:47:49,Обращение в службу заботы о клиентах
41579,2021-03-19 18:33:32,Обращение в службу заботы о клиентах
41579,2021-03-19 20:01:25,Обращение в службу заботы о клиентах
39933,2021-04-15 11:48:56,Предложение тарифа
39933,2021-04-15 11:49:31,Обращение в службу заботы о клиентах
44047,2021-03-11 13:13:36,Предложение IPTV
44047,2021-03-15 09:27:04,Обращение в службу заботы о клиентах
44047,2021-03-15 10:43:39,Обращение в службу заботы о клиентах
44047,2021-03-15 11:29:31,Обращение в службу заботы о клиентах
44047,2021-03-15 11:30:35,Обращение в службу заботы о клиентах
44047,2021-03-15 11:30:47,Смена пароля
12873,2021-04-04 21:47:19,Обращение в службу заботы о клиентах
12873,2021-04-07 13:42:22,Обращение в службу заботы о клиентах
44068,2021-04-05 10:57:37,Изменение контактных телефонов
44068,2021-04-05 11:03:06,Изменение контактных телефонов
44068,2021-04-06 16:23:18,Состояние клиентского оборудования
44078,2021-03-20 13:12:48,Обращение в службу заботы о клиентах
44078,2021-03-20 13:14:53,Предложение расширенной гарантии на ТВ приставку
44081,2021-03-09 10:22:21,Обращение в службу заботы о клиентах
44083,2021-03-30 23:20:31,Реестр договоров
10207,2021-04-25 10:56:47,Обращение в службу заботы о клиентах
10207,2021-04-25 20:57:12,Обращение в службу заботы о клиентах
8929,2021-03-24 21:51:54,Обращение в службу заботы о клиентах
8929,2021-04-06 19:07:24,Обращение в службу заботы о клиентах
8929,2021-04-16 10:32:22,Обращение в службу заботы о клиентах
8929,2021-04-16 11:35:34,Состояние клиентского оборудования
35678,2021-03-07 19:19:52,Обращение в службу заботы о клиентах
42207,2021-04-15 21:40:40,Обращение в службу заботы о клиентах
44124,2021-04-01 21:04:35,Смена пароля
44124,2021-04-01 21:06:57,Смена тарифа
44124,2021-04-01 21:07:41,Обращение в службу заботы о клиентах
44133,2021-03-27 12:13:11,Предложение тарифа
44133,2021-03-27 12:15:08,Выключение IPTV-пакета
44133,2021-03-27 12:16:03,Обращение в службу заботы о клиентах
44133,2021-04-27 17:51:49,Добавление в Обращались с номеров
44133,2021-04-27 17:57:57,Обращение в службу заботы о клиентах
44133,2021-04-27 17:59:35,Перенос денежных средств
44133,2021-04-27 17:59:46,Обращение в службу заботы о клиентах
31088,2021-03-23 19:33:26,Добавление в Обращались с номеров
31088,2021-03-23 19:33:57,Обращение в службу заботы о клиентах
31088,2021-03-23 19:37:27,Выключение IPTV-пакета
31088,2021-03-23 19:37:27,Включение IPTV-пакета
31088,2021-03-23 19:37:55,Предложение тарифа
31088,2021-03-28 17:11:52,Обращение в службу заботы о клиентах
41263,2021-04-20 19:58:26,Обращение в службу заботы о клиентах
41263,2021-04-20 20:02:24,Предложение ТВ
41263,2021-04-21 13:27:52,Операция с mac-адресом
41263,2021-04-21 13:46:04,Обращение в службу заботы о клиентах
41263,2021-04-21 13:46:57,Смена пароля
12266,2021-03-29 14:00:46,Внутреннее сообщение
12266,2021-04-01 21:08:12,Обращение в службу заботы о клиентах
44166,2021-04-25 15:49:00,Обращение в службу заботы о клиентах
44166,2021-04-25 16:05:21,Предложение тарифа
44166,2021-04-26 23:44:16,Состояние клиентского оборудования
28497,2021-03-20 12:12:59,Изменение контактных телефонов
28497,2021-03-20 12:13:16,Обращение в службу заботы о клиентах
28497,2021-03-20 12:14:50,Удаление телефона из записи
28497,2021-04-13 17:49:10,Предложение ТВ
42287,2021-03-12 16:31:50,Предложение IPTV
42287,2021-03-12 16:31:56,Обращение в службу заботы о клиентах
28762,2021-03-16 13:16:11,Добавление в Обращались с номеров
28762,2021-03-16 13:22:07,Обращение в службу заботы о клиентах
28762,2021-03-16 13:30:07,Обращение в службу заботы о клиентах
28762,2021-03-16 13:32:36,Смена тарифа
28762,2021-03-16 14:31:02,Состояние клиентского оборудования
11865,2021-03-12 16:46:35,Смена тарифа
11865,2021-03-12 16:52:39,Предложение IPTV
11865,2021-03-12 16:54:42,Обращение в службу заботы о клиентах
11865,2021-04-24 13:53:46,Изменение контактных телефонов
11865,2021-04-24 13:54:32,Обращение в службу заботы о клиентах
11865,2021-04-27 15:03:17,Обращение в службу заботы о клиентах
28726,2021-03-10 19:00:27,Обращение в службу заботы о клиентах
44193,2021-04-15 21:44:08,Обращение в службу заботы о клиентах
44193,2021-04-18 20:46:31,Обращение в службу заботы о клиентах
44193,2021-04-19 20:59:07,Состояние клиентского оборудования
31397,2021-03-15 05:32:14,Обращение в службу заботы о клиентах
31397,2021-03-18 10:35:30,Обращение в службу заботы о клиентах
31397,2021-04-06 19:12:25,Обращение в службу заботы о клиентах
11051,2021-04-21 21:54:52,Предложение тарифа
11051,2021-04-21 21:55:20,Обращение в службу заботы о клиентах
7919,2021-03-22 21:38:59,Обращение в службу заботы о клиентах
7919,2021-03-23 16:57:29,Состояние клиентского оборудования
11500,2021-03-09 20:24:55,Смена тарифа
11500,2021-04-22 19:13:16,Обращение в службу заботы о клиентах
8353,2021-04-22 08:39:49,Смена схемы оплаты
8353,2021-04-22 08:40:07,Обращение в службу заботы о клиентах
8353,2021-04-22 08:41:33,Предложение ТВ
42077,2021-03-21 14:41:14,Перенос денежных средств
37944,2021-03-03 12:36:03,Включение интернета на 20 минут
37944,2021-03-03 12:37:37,Обращение в службу заботы о клиентах
37944,2021-03-03 12:51:32,Обращение в службу заботы о клиентах
37944,2021-03-03 12:51:33,Внесение
37944,2021-03-03 12:51:51,Внутреннее сообщение
37944,2021-03-04 21:01:01,Изменение истории
37944,2021-04-14 16:48:17,Обращение в службу заботы о клиентах
37944,2021-04-18 14:31:27,Обращение в службу заботы о клиентах
37944,2021-04-19 15:26:41,Обращение в службу заботы о клиентах
37944,2021-04-21 03:12:39,Обращение в службу заботы о клиентах
37944,2021-04-29 08:45:54,Обращение в службу заботы о клиентах
37944,2021-04-29 08:50:35,Обращение в службу заботы о клиентах
37944,2021-04-29 10:20:48,Операция с mac-адресом
37944,2021-04-29 11:04:57,Состояние клиентского оборудования
10380,2021-04-19 12:38:04,Смена пароля
11785,2021-03-15 17:09:06,Обращение в службу заботы о клиентах
11785,2021-03-15 17:11:33,Смена тарифа
11785,2021-04-14 18:01:11,Смена пароля
11785,2021-04-14 18:02:43,Обращение в службу заботы о клиентах
44276,2021-03-30 23:39:35,Реестр договоров
9559,2021-03-26 19:27:32,Предложение ТВ
9559,2021-03-29 11:07:04,Включена 10% скидка
9559,2021-03-29 11:07:04,Смена тарифа
9559,2021-03-29 11:07:22,Изменение истории
8560,2021-04-15 07:54:43,Обращение в службу заботы о клиентах
8560,2021-04-15 07:57:48,Предложение тарифа
44277,2021-03-19 20:44:30,Обращение в службу заботы о клиентах
44277,2021-03-19 20:54:26,Обращение в службу заботы о клиентах
11885,2021-03-07 00:21:06,Внесение
11885,2021-03-09 00:21:00,Изменение истории
11885,2021-03-09 19:33:13,Обращение в службу заботы о клиентах
11885,2021-03-09 19:34:07,Обращение в службу заботы о клиентах
8940,2021-03-09 19:22:54,Обращение в службу заботы о клиентах
8940,2021-03-27 12:38:54,Обращение в службу заботы о клиентах
8940,2021-03-27 12:44:09,Обращение в службу заботы о клиентах
44278,2021-03-10 21:02:05,Обращение в службу заботы о клиентах
44278,2021-04-17 17:10:30,Обращение в службу заботы о клиентах
44278,2021-04-17 17:21:03,Обращение в службу заботы о клиентах
44278,2021-04-17 17:21:44,Обращение в службу заботы о клиентах
44278,2021-04-17 17:23:28,Обращение в службу заботы о клиентах
37398,2021-03-28 12:03:51,Обращение в службу заботы о клиентах
27968,2021-04-21 18:58:59,Перенос денежных средств
27968,2021-04-21 19:00:06,Перенос денежных средств
44303,2021-03-01 16:50:54,Обращение в службу заботы о клиентах
44303,2021-03-02 15:12:13,Включение услуги Аренда ТВ-приставки
44303,2021-03-02 15:12:13,Включение IPTV-пакета
44303,2021-03-02 15:12:13,Оборудование
44303,2021-03-02 16:01:10,Состояние клиентского оборудования
44303,2021-03-06 11:06:58,Смена схемы оплаты
44303,2021-03-06 11:07:04,Включение IPTV-пакета
44303,2021-03-06 11:07:31,Обращение в службу заботы о клиентах
44303,2021-03-06 11:16:58,Обращение в службу заботы о клиентах
44303,2021-03-08 08:58:09,Обращение в службу заботы о клиентах
44303,2021-03-30 22:12:59,Состояние клиентского оборудования
44308,2021-03-05 17:06:47,Обращение в службу заботы о клиентах
44308,2021-03-05 17:17:48,Обращение в службу заботы о клиентах
44308,2021-03-05 17:20:50,Обращение в службу заботы о клиентах
44308,2021-03-05 17:32:34,Обращение в службу заботы о клиентах
44321,2021-03-18 13:46:29,Изменение данных клиента
44321,2021-03-18 13:46:31,Смена IP-адреса
44321,2021-03-18 13:46:32,Смена тарифа
44321,2021-03-18 13:46:32,Внутреннее сообщение
44321,2021-03-18 13:58:32,Изменение данных клиента
44321,2021-03-18 14:33:52,Включение услуги Аренда ТВ-приставки
44321,2021-03-18 14:33:52,Включение IPTV-пакета
44321,2021-03-18 14:33:52,Оборудование
31640,2021-04-16 18:24:35,Внесение
31640,2021-04-16 18:24:58,Обращение в службу заботы о клиентах
31640,2021-04-17 20:47:16,Предложение тарифа
31640,2021-04-18 18:31:01,Изменение истории
8140,2021-03-01 11:38:01,Обращение в службу заботы о клиентах
30753,2021-03-05 20:45:40,Обращение в службу заботы о клиентах
30753,2021-03-18 17:55:26,Добавление в Обращались с номеров
30753,2021-03-18 17:57:39,Обращение в службу заботы о клиентах
30753,2021-03-28 14:46:11,Обращение в службу заботы о клиентах
44333,2021-04-05 12:53:02,Внутреннее сообщение
30394,2021-03-03 20:47:50,Добавление в Обращались с номеров
30394,2021-03-03 20:54:17,Обращение в службу заботы о клиентах
30394,2021-04-04 14:09:08,Обращение в службу заботы о клиентах
10775,2021-03-22 22:14:12,Обращение в службу заботы о клиентах
11617,2021-04-04 18:07:16,Обращение в службу заботы о клиентах
11617,2021-04-04 19:00:10,Операция с mac-адресом
11617,2021-04-04 19:21:05,Состояние клиентского оборудования
11617,2021-04-05 15:30:02,Тайный покупатель
44377,2021-03-20 15:38:15,Включение интернета на 20 минут
44377,2021-03-20 15:38:54,Обращение в службу заботы о клиентах
44377,2021-03-20 15:42:04,Предложение IPTV
44394,2021-04-12 13:34:47,Реестр договоров
28577,2021-03-25 20:01:18,Обращение в службу заботы о клиентах
28577,2021-03-25 20:03:35,Обращение в службу заботы о клиентах
44429,2021-03-04 19:10:03,Обращение в службу заботы о клиентах
44429,2021-03-05 16:21:01,Состояние клиентского оборудования
44429,2021-03-21 19:05:55,Обращение в службу заботы о клиентах
44429,2021-03-21 19:08:54,Обращение в службу заботы о клиентах
44429,2021-04-09 14:17:11,Обращение в службу заботы о клиентах
44429,2021-04-09 14:21:09,Обращение в службу заботы о клиентах
44429,2021-04-09 18:44:11,Состояние клиентского оборудования
44429,2021-04-15 08:13:30,Обращение в службу заботы о клиентах
44429,2021-04-15 08:55:05,Обращение в службу заботы о клиентах
44457,2021-03-15 18:36:43,Обращение в службу заботы о клиентах
44457,2021-04-29 11:30:30,Предложение тарифа
44457,2021-04-29 11:30:38,Обращение в службу заботы о клиентах
41809,2021-03-12 09:07:04,Изменение контактных телефонов
41809,2021-03-12 09:07:35,Предложение IPTV
41809,2021-03-12 09:07:40,Обращение в службу заботы о клиентах
44468,2021-03-12 17:23:22,Обращение в службу заботы о клиентах
44468,2021-03-12 17:27:21,Обращение в службу заботы о клиентах
28511,2021-04-29 17:52:24,Предложение ТВ
28511,2021-04-29 17:52:56,Обращение в службу заботы о клиентах
44486,2021-04-04 09:12:53,Смена тарифа
44486,2021-04-04 09:13:36,Предложение ТВ-пакета
44486,2021-04-04 09:13:44,Обращение в службу заботы о клиентах
33743,2021-04-06 12:30:59,Внутреннее сообщение
12853,2021-04-29 21:01:11,Внутреннее сообщение
34880,2021-04-06 19:22:33,Обращение в службу заботы о клиентах
8299,2021-03-29 23:51:44,Реестр договоров
37745,2021-04-11 10:37:24,Обращение в службу заботы о клиентах
37745,2021-04-23 16:59:03,Обращение в службу заботы о клиентах
37745,2021-04-23 18:05:10,Смена тарифа
37745,2021-04-23 18:05:23,Смена следующего тарифа
37745,2021-04-23 18:06:19,Включение услуги Аренда ТВ-приставки
37745,2021-04-23 18:06:19,Оборудование
37745,2021-04-23 18:06:55,Активация точки подключения на сутки
37745,2021-04-23 18:09:52,Изменение данных клиента
37745,2021-04-23 18:38:55,Состояние клиентского оборудования
37745,2021-04-23 21:13:35,Обращение в службу заботы о клиентах
37745,2021-04-24 10:00:01,Обращение в службу заботы о клиентах
8479,2021-03-16 17:58:15,Обращение в службу заботы о клиентах
44492,2021-04-19 21:39:03,Обращение в службу заботы о клиентах
9595,2021-04-09 09:21:16,Активация гарантированного платежа
9595,2021-04-09 09:21:25,Обращение в службу заботы о клиентах
9595,2021-04-09 14:03:30,Предложение ТВ
9595,2021-04-09 14:05:13,Внутреннее сообщение
9595,2021-04-12 11:18:02,Смена схемы оплаты
9595,2021-04-12 11:18:28,Обращение в службу заботы о клиентах
9595,2021-04-16 17:32:02,Изменение данных клиента
9595,2021-04-16 17:34:47,Изменение данных клиента
9595,2021-04-16 17:34:49,Смена IP-адреса
9595,2021-04-16 17:34:49,Смена тарифа
9595,2021-04-16 17:34:49,Внутреннее сообщение
9595,2021-04-16 17:36:09,Смена пароля
30328,2021-03-11 13:00:55,Обращение в службу заботы о клиентах
44506,2021-04-09 14:57:21,Смена тарифа
44506,2021-04-09 14:57:59,Изменение истории
44506,2021-04-14 11:32:36,Изменение истории
28693,2021-03-01 23:18:40,Обращение в службу заботы о клиентах
28693,2021-03-10 15:42:59,Обращение в службу заботы о клиентах
28693,2021-04-18 11:47:41,Обращение в службу заботы о клиентах
9853,2021-04-06 19:34:12,Включение интернета на 20 минут
9853,2021-04-06 19:34:31,Обращение в службу заботы о клиентах
32132,2021-04-15 18:56:55,Изменение данных клиента
32132,2021-04-15 18:56:58,Смена IP-адреса
32132,2021-04-15 18:56:58,Внутреннее сообщение
32132,2021-04-15 18:57:20,Смена пароля
32132,2021-04-16 10:46:49,Отключение скидки 20%
32132,2021-04-16 10:46:49,Включена 30% скидка
32132,2021-04-16 10:46:50,Смена тарифа
32132,2021-04-16 10:46:55,Включена 20% скидка
32132,2021-04-16 10:47:03,Отключение скидки 20%
32132,2021-04-16 10:47:03,Включена 30% скидка
32132,2021-04-16 10:47:12,Изменение истории
32132,2021-04-16 10:47:15,Изменение истории
32132,2021-04-16 10:47:28,Изменение истории
32132,2021-04-29 12:26:14,Обращение в службу заботы о клиентах
44538,2021-03-17 13:27:59,Предложение IPTV
44538,2021-03-17 13:29:02,Обращение в службу заботы о клиентах
37403,2021-03-16 13:30:42,Обращение в службу заботы о клиентах
44554,2021-03-01 19:38:19,Перенос денежных средств
44554,2021-03-01 19:38:30,Обращение в службу заботы о клиентах
44554,2021-03-30 23:59:59,Реестр договоров
44554,2021-04-08 20:33:39,Обращение в службу заботы о клиентах
44554,2021-04-15 17:03:04,Обращение в службу заботы о клиентах
44554,2021-04-15 17:03:09,Отключение услуги Аренда ТВ-приставки
44554,2021-04-15 17:03:12,Оборудование
31199,2021-03-06 13:48:37,Обращение в службу заботы о клиентах
31199,2021-04-15 10:23:07,Обращение в службу заботы о клиентах
31199,2021-04-23 14:06:49,Обращение в службу заботы о клиентах
31199,2021-04-24 15:30:55,Предложение ТВ-пакета
31199,2021-04-24 15:31:00,Включение IPTV-пакета
31199,2021-04-24 15:34:43,Обращение в службу заботы о клиентах
31199,2021-04-24 22:08:15,Обращение в службу заботы о клиентах
31199,2021-04-24 22:13:43,Состояние клиентского оборудования
31199,2021-04-29 20:05:46,Добавление в Обращались с номеров
31199,2021-04-29 20:09:01,Предложение тарифа
10992,2021-04-28 18:27:04,Включение интернета на 20 минут
10992,2021-04-28 18:28:04,Предложение ТВ
10992,2021-04-28 18:28:15,Обращение в службу заботы о клиентах
44608,2021-03-18 18:39:25,Обращение в службу заботы о клиентах
44613,2021-03-03 18:55:03,Предложение автоплатежа
44613,2021-03-03 18:56:16,Предложение IPTV
44613,2021-03-03 18:56:33,Обращение в службу заботы о клиентах
44613,2021-03-18 19:24:07,Обращение в службу заботы о клиентах
44613,2021-03-23 15:41:18,Внутреннее сообщение
44623,2021-04-11 00:19:59,Уведомления: отключение
44623,2021-04-11 00:20:24,Уведомления: подключение
44623,2021-04-11 00:20:46,Уведомления: подтверждение
28743,2021-03-24 11:47:35,Обращение в службу заботы о клиентах
28743,2021-04-07 19:05:30,Обращение в службу заботы о клиентах
9541,2021-04-28 10:04:00,Обращение в службу заботы о клиентах
9541,2021-04-28 18:49:41,Операция с mac-адресом
9541,2021-04-28 19:06:26,Состояние клиентского оборудования
9328,2021-03-25 21:24:39,Состояние клиентского оборудования
12406,2021-03-05 21:19:18,Изменение контактных телефонов
12406,2021-04-17 21:26:22,Обращение в службу заботы о клиентах
12406,2021-04-17 21:26:32,Включение интернета на 20 минут
12406,2021-04-17 21:26:55,Предложение ТВ-пакета
44650,2021-04-13 16:16:40,Смена тарифа
44650,2021-04-13 16:25:33,Предложение ТВ
44650,2021-04-13 16:26:35,Изменение контактных телефонов
13922,2021-03-26 20:02:18,Обращение в службу заботы о клиентах
44673,2021-03-16 12:04:08,Смена тарифа
10859,2021-03-07 18:39:29,Обращение в службу заботы о клиентах
44699,2021-03-04 20:59:19,Активация гарантированного платежа
44699,2021-03-04 20:59:22,Обращение в службу заботы о клиентах
44699,2021-03-08 21:37:02,Активация гарантированного платежа
44699,2021-03-09 16:08:07,Обращение в службу заботы о клиентах
44699,2021-03-20 15:59:04,Активация гарантированного платежа
44699,2021-03-20 15:59:08,Обращение в службу заботы о клиентах
44699,2021-03-21 16:41:47,Обращение в службу заботы о клиентах
44699,2021-03-23 21:40:30,Предложение тарифа
44699,2021-03-24 17:28:13,Состояние клиентского оборудования
44699,2021-03-25 17:44:14,Активация автоматического гарантированного платежа
44699,2021-03-25 17:44:16,Обращение в службу заботы о клиентах
44699,2021-04-05 19:10:01,Добавление в Обращались с номеров
44699,2021-04-05 19:12:08,Обращение в службу заботы о клиентах
8700,2021-03-09 12:27:19,Обращение в службу заботы о клиентах
8700,2021-04-16 17:07:25,Обращение в службу заботы о клиентах
9635,2021-04-01 21:42:30,Уведомления: отключение
8445,2021-03-26 15:02:44,Обращение в службу заботы о клиентах
31167,2021-03-06 09:52:07,Обращение в службу заботы о клиентах
31167,2021-03-24 23:27:34,Реестр договоров
31167,2021-04-26 12:22:46,Обращение в службу заботы о клиентах
31167,2021-04-26 17:09:55,Отключение услуги Аренда ТВ-приставки
31167,2021-04-26 17:10:01,Оборудование
31167,2021-04-26 17:10:27,Обращение в службу заботы о клиентах
9512,2021-03-23 10:33:09,Обращение в службу заботы о клиентах
9512,2021-03-29 12:29:59,Реестр договоров
9512,2021-03-29 12:30:17,Реестр договоров
9512,2021-04-23 11:13:37,Предложение ТВ-пакета
14074,2021-04-16 01:21:55,Добавление в Обращались с номеров
14074,2021-04-16 01:24:44,Обращение в службу заботы о клиентах
14074,2021-04-17 18:26:46,Предложение тарифа
14624,2021-03-16 14:23:43,Внутреннее сообщение
43554,2021-04-16 18:14:32,Добавление в Обращались с номеров
43554,2021-04-16 18:15:52,Смена пароля
43554,2021-04-16 18:16:13,Обращение в службу заботы о клиентах
43554,2021-04-16 18:16:43,Смена пароля
43554,2021-04-16 18:20:12,Предложение ТВ
13086,2021-04-20 16:54:28,Включена 10% скидка
13086,2021-04-20 16:55:22,Обращение в службу заботы о клиентах
9347,2021-03-12 21:05:53,Добавление в Обращались с номеров
9347,2021-03-12 21:17:32,Обращение в службу заботы о клиентах
12233,2021-03-19 21:51:22,Изменение данных клиента
12233,2021-03-19 21:51:22,Возвращение клиента
12233,2021-03-19 21:51:22,Смена тарифа
12233,2021-03-19 21:51:22,Внутреннее сообщение
12233,2021-03-19 21:53:16,Изменение данных клиента
12233,2021-03-19 21:53:43,Смена следующего тарифа
12233,2021-03-19 21:54:56,Оборудование
12233,2021-03-19 21:55:39,Включение услуги Аренда ТВ-приставки
12233,2021-03-19 21:55:39,Включение IPTV-пакета
12233,2021-03-19 21:55:39,Оборудование
12233,2021-03-19 21:56:31,Активация точки подключения на сутки
12233,2021-03-19 21:57:17,Операция с mac-адресом
12233,2021-03-19 22:00:45,Смена пароля
12233,2021-03-19 22:09:10,Активация точки подключения на сутки
44764,2021-04-23 12:26:35,Обращение в службу заботы о клиентах
44764,2021-04-28 10:04:22,Смена схемы оплаты
44776,2021-04-03 20:22:03,Выключение IPTV-пакета
44776,2021-04-03 20:24:55,Смена тарифа
13949,2021-03-09 12:28:34,Удаление из Обращались с номеров
13949,2021-03-09 12:28:34,Изменение контактных телефонов
44786,2021-03-06 12:30:01,Обращение в службу заботы о клиентах
44795,2021-03-24 20:42:51,Обращение в службу заботы о клиентах
44795,2021-03-24 23:18:41,Предложение тарифа
44795,2021-03-24 23:19:06,Обращение в службу заботы о клиентах
14943,2021-03-15 12:24:19,Добавление в Обращались с номеров
14943,2021-03-15 15:47:05,Внутреннее сообщение
14943,2021-03-27 18:48:52,Изменение данных клиента
14943,2021-03-27 18:48:54,Смена IP-адреса
14943,2021-03-27 18:48:54,Смена тарифа
14943,2021-03-27 18:48:54,Внутреннее сообщение
44798,2021-03-05 09:26:35,Включена 10% скидка
14357,2021-04-28 17:26:28,Обращение в службу заботы о клиентах
14357,2021-04-28 20:56:43,Состояние клиентского оборудования
44799,2021-03-19 12:08:35,Смена тарифа
44799,2021-03-19 12:08:44,Включена 20% скидка
44799,2021-03-19 12:08:57,Изменение истории
44799,2021-03-19 12:09:06,Без границ бесплатно. Включение
41368,2021-04-03 17:53:07,Обращение в службу заботы о клиентах
41368,2021-04-05 19:02:25,Смена тарифа
41368,2021-04-05 19:03:12,Обращение в службу заботы о клиентах
41368,2021-04-05 19:07:05,Обращение в службу заботы о клиентах
44808,2021-04-28 23:14:42,Обращение в службу заботы о клиентах
44826,2021-03-16 10:38:07,Обращение в службу заботы о клиентах
44826,2021-03-16 10:45:25,Смена тарифа
44826,2021-03-16 10:45:34,Включена 10% скидка
44826,2021-03-16 15:19:39,Активация ГП с IVR
44826,2021-04-17 17:38:46,Обращение в службу заботы о клиентах
44826,2021-04-17 17:44:59,Перенос денежных средств
44826,2021-04-17 17:47:08,Включение IPTV-пакета
44826,2021-04-17 17:47:12,Предложение ТВ-пакета
11333,2021-04-13 15:54:11,Уведомления: отключение
11333,2021-04-13 15:56:32,Предложение ТВ
11333,2021-04-13 15:57:21,Обращение в службу заботы о клиентах
11333,2021-04-13 16:19:12,Уведомления: подключение
11333,2021-04-13 16:19:22,Уведомления: подтверждение
11333,2021-04-13 21:43:06,Обращение в службу заботы о клиентах
11333,2021-04-14 10:17:14,Обращение в службу заботы о клиентах
11333,2021-04-14 11:00:11,Продление действия тарифа
11333,2021-04-14 11:00:22,Обращение в службу заботы о клиентах
11333,2021-04-14 13:44:19,Смена следующего тарифа
14597,2021-03-18 11:09:32,Изменение контактных телефонов
28920,2021-04-10 11:30:54,Состояние клиентского оборудования
44862,2021-03-13 12:40:41,Обращение в службу заботы о клиентах
44862,2021-04-20 20:16:22,Обращение в службу заботы о клиентах
44862,2021-04-20 20:29:16,Выключение IPTV-пакета
44862,2021-04-20 20:29:16,Включение IPTV-пакета
44862,2021-04-27 19:53:54,Обращение в службу заботы о клиентах
29443,2021-03-16 12:14:44,Активация гарантированного платежа
29443,2021-03-16 12:14:48,Обращение в службу заботы о клиентах
12778,2021-04-09 23:06:36,Реестр договоров
12778,2021-04-09 23:06:47,Реестр договоров
44920,2021-03-17 08:02:23,Обращение в службу заботы о клиентах
32009,2021-03-26 10:36:23,Реестр договоров
36470,2021-04-14 07:57:05,Смена тарифа
36470,2021-04-14 07:57:34,Обращение в службу заботы о клиентах
36470,2021-04-23 15:19:46,Обращение в службу заботы о клиентах
44944,2021-04-04 18:40:49,Обращение в службу заботы о клиентах
44944,2021-04-04 18:55:28,Обращение в службу заботы о клиентах
44944,2021-04-04 19:34:29,Обращение в службу заботы о клиентах
44944,2021-04-05 18:47:35,Обращение в службу заботы о клиентах
44944,2021-04-05 18:48:53,Предложение ТВ-пакета
44944,2021-04-05 18:52:06,Обращение в службу заботы о клиентах
44944,2021-04-10 20:40:36,Обращение в службу заботы о клиентах
44944,2021-04-10 20:45:09,Обращение в службу заботы о клиентах
44944,2021-04-28 20:41:39,Обращение в службу заботы о клиентах
11502,2021-03-22 19:32:35,Обращение в службу заботы о клиентах
11502,2021-03-22 19:38:45,Обращение в службу заботы о клиентах
11502,2021-04-16 20:04:14,Обращение в службу заботы о клиентах
11502,2021-04-17 18:40:56,Обращение в службу заботы о клиентах
11502,2021-04-17 20:53:17,Смена IP-адреса
11502,2021-04-17 20:53:37,Предложение ТВ
11502,2021-04-17 20:55:13,Обращение в службу заботы о клиентах
32495,2021-03-24 20:42:48,Закрепление сообщения
32495,2021-03-24 20:43:26,Реестр договоров
32495,2021-03-24 20:43:36,Реестр договоров
44966,2021-03-17 15:09:20,Обращение в службу заботы о клиентах
44966,2021-03-18 18:55:36,Обращение в службу заботы о клиентах
44966,2021-03-18 18:59:17,Смена пароля
44966,2021-03-18 19:27:55,Предложение IPTV
44966,2021-03-25 14:20:20,Обращение в службу заботы о клиентах
44966,2021-03-25 21:41:14,Включение услуги Аренда ТВ-приставки
44966,2021-03-25 21:41:14,Включение IPTV-пакета
44966,2021-03-25 21:41:14,Оборудование
44966,2021-03-25 21:47:33,Выключение IPTV-пакета
44966,2021-03-25 21:48:52,Смена тарифа
44966,2021-03-25 22:19:40,Состояние клиентского оборудования
44975,2021-04-02 19:59:48,Обращение в службу заботы о клиентах
44976,2021-03-19 10:49:25,Обращение в службу заботы о клиентах
44976,2021-03-31 22:37:33,Реестр договоров
44977,2021-03-04 14:36:09,Обращение в службу заботы о клиентах
12519,2021-03-24 10:24:04,Активация ГП с IVR
12519,2021-04-14 13:49:18,Активация гарантированного платежа
12519,2021-04-14 13:49:27,Обращение в службу заботы о клиентах
12519,2021-04-27 10:51:02,Предложение тарифа
12519,2021-04-27 10:51:34,Обращение в службу заботы о клиентах
12519,2021-04-27 10:51:41,Изменение контактных телефонов
44979,2021-03-16 15:52:34,Активация автоматического гарантированного платежа
44979,2021-03-16 15:53:31,Обращение в службу заботы о клиентах
44979,2021-03-16 16:26:37,Обращение в службу заботы о клиентах
44979,2021-03-28 15:39:09,Обращение в службу заботы о клиентах
44979,2021-03-28 17:04:27,Обращение в службу заботы о клиентах
44979,2021-03-30 04:59:56,Обращение в службу заботы о клиентах
44979,2021-04-18 13:02:42,Активация автоматического гарантированного платежа
44979,2021-04-18 13:03:27,Предложение ТВ-пакета
44979,2021-04-18 13:03:32,Обращение в службу заботы о клиентах
31321,2021-03-22 20:03:03,Обращение в службу заботы о клиентах
9100,2021-04-25 17:29:32,Смена пароля
9100,2021-04-25 17:30:02,Смена пароля
9100,2021-04-25 17:31:32,Предложение ТВ
9100,2021-04-25 17:31:40,Обращение в службу заботы о клиентах
34850,2021-04-29 08:09:14,Включение интернета на 20 минут
34850,2021-04-29 08:10:11,Предложение тарифа
34850,2021-04-29 08:10:46,Обращение в службу заботы о клиентах
8040,2021-03-08 19:58:40,Обращение в службу заботы о клиентах
8040,2021-03-08 19:59:26,Предложение IPTV
9018,2021-03-24 16:09:26,Обращение в службу заботы о клиентах
42601,2021-03-05 10:05:49,Обращение в службу заботы о клиентах
42601,2021-03-05 10:06:58,Обращение в службу заботы о клиентах
42601,2021-03-05 10:20:44,Обращение в службу заботы о клиентах
42601,2021-03-05 10:30:14,Смена пароля
42601,2021-03-05 10:30:22,Обращение в службу заботы о клиентах
42601,2021-03-12 13:48:30,Включение интернета на 20 минут
42601,2021-03-12 13:48:42,Обращение в службу заботы о клиентах
42601,2021-03-14 09:23:38,Включение интернета на 20 минут
42601,2021-03-14 09:24:31,Обращение в службу заботы о клиентах
42601,2021-03-14 09:45:36,Включение интернета на 20 минут
42601,2021-03-14 09:52:18,Обращение в службу заботы о клиентах
42601,2021-03-14 10:07:38,Включение интернета на 20 минут
42601,2021-03-14 14:28:36,Обращение в службу заботы о клиентах
42601,2021-03-18 19:25:05,Включение интернета на 20 минут
42601,2021-03-18 19:51:42,Включение интернета на 20 минут
42601,2021-03-18 19:52:31,Обращение в службу заботы о клиентах
42601,2021-03-21 14:10:07,Обращение в службу заботы о клиентах
42601,2021-03-21 20:02:22,Обращение в службу заботы о клиентах
42601,2021-03-21 20:03:39,Обращение в службу заботы о клиентах
42601,2021-03-21 20:17:09,Обращение в службу заботы о клиентах
42601,2021-03-21 20:23:03,Обращение в службу заботы о клиентах
42601,2021-04-05 06:13:54,Обращение в службу заботы о клиентах
42601,2021-04-05 06:17:36,Смена пароля
42601,2021-04-05 06:19:23,Смена пароля
42601,2021-04-05 06:20:08,Смена пароля
42601,2021-04-05 06:24:04,Предложение тарифа
42601,2021-04-06 13:19:21,Обращение в службу заботы о клиентах
42601,2021-04-06 13:21:19,Смена пароля
42601,2021-04-06 13:28:10,Обращение в службу заботы о клиентах
42601,2021-04-07 00:57:59,Обращение в службу заботы о клиентах
42601,2021-04-07 01:27:14,Обращение в службу заботы о клиентах
42601,2021-04-23 15:41:52,Добавление в Обращались с номеров
42601,2021-04-23 15:46:08,Обращение в службу заботы о клиентах
42601,2021-04-24 17:49:30,Внесение
42601,2021-04-26 17:51:00,Изменение истории
45029,2021-03-01 17:16:44,Обращение в службу заботы о клиентах
45029,2021-03-01 20:32:14,Обращение в службу заботы о клиентах
45029,2021-03-01 20:38:02,Обращение в службу заботы о клиентах
45029,2021-03-01 20:54:48,Обращение в службу заботы о клиентах
45029,2021-03-01 21:42:56,Состояние клиентского оборудования
45029,2021-03-03 22:00:51,Обращение в службу заботы о клиентах
45029,2021-03-03 22:04:01,Обращение в службу заботы о клиентах
8544,2021-03-24 20:40:31,Обращение в службу заботы о клиентах
8544,2021-03-27 13:13:33,Состояние клиентского оборудования
8544,2021-04-06 08:16:49,Отключение скидки 20%
8544,2021-04-06 08:16:49,Смена тарифа
8544,2021-04-06 08:17:33,Предложение автоплатежа
8544,2021-04-06 08:17:55,Обращение в службу заботы о клиентах
8544,2021-04-06 17:17:31,Закрепление сообщения
12535,2021-04-13 22:35:59,Реестр договоров
45049,2021-03-07 20:36:13,Обращение в службу заботы о клиентах
45049,2021-03-09 12:41:16,Обращение в службу заботы о клиентах
45050,2021-03-04 20:18:31,Обращение в службу заботы о клиентах
45050,2021-03-07 00:58:38,Обращение в службу заботы о клиентах
45050,2021-04-04 13:13:07,Изменение контактных телефонов
45050,2021-04-04 13:13:30,Обращение в службу заботы о клиентах
45050,2021-04-08 00:11:26,Обращение в службу заботы о клиентах
45050,2021-04-22 23:07:30,Обращение в службу заботы о клиентах
42181,2021-03-01 19:24:15,Обращение в службу заботы о клиентах
9420,2021-03-07 18:24:18,Добавление в Обращались с номеров
9420,2021-03-07 18:24:54,Обращение в службу заботы о клиентах
9420,2021-04-19 15:33:16,Обращение в службу заботы о клиентах
28995,2021-03-25 00:05:21,Реестр договоров
7780,2021-03-17 10:35:07,Отключение услуги Автоплатёж
7780,2021-03-17 10:37:43,Обращение в службу заботы о клиентах
7780,2021-04-01 15:30:34,Смена схемы оплаты
7780,2021-04-01 15:32:29,Обращение в службу заботы о клиентах
7780,2021-04-01 15:38:35,Обращение в службу заботы о клиентах
7780,2021-04-10 15:31:52,Смена схемы оплаты
7780,2021-04-10 15:32:33,Смена схемы оплаты
7780,2021-04-12 15:31:53,Смена схемы оплаты
7780,2021-04-28 15:12:24,Перенос денежных средств
12946,2021-03-07 16:44:35,Обращение в службу заботы о клиентах
12946,2021-04-07 18:19:10,Обращение в службу заботы о клиентах
45078,2021-03-31 12:15:51,Отключение услуги Автоплатёж
45078,2021-03-31 12:16:30,Обращение в службу заботы о клиентах
29381,2021-03-05 15:22:17,Обращение в службу заботы о клиентах
29381,2021-03-05 19:12:06,Состояние клиентского оборудования
11951,2021-04-13 11:30:32,Предложение ТВ
11951,2021-04-13 11:30:42,Обращение в службу заботы о клиентах
10951,2021-04-08 18:47:02,Смена тарифа
10951,2021-04-08 18:47:48,Обращение в службу заботы о клиентах
11015,2021-03-19 19:47:54,Смена пароля
11015,2021-03-19 19:51:27,Предложение IPTV
11015,2021-03-19 19:53:20,Обращение в службу заботы о клиентах
11480,2021-04-25 14:10:24,Обращение в службу заботы о клиентах
29359,2021-04-01 11:23:27,Предложение ТВ
29359,2021-04-01 11:25:17,Обращение в службу заботы о клиентах
13153,2021-03-04 19:22:13,Обращение в службу заботы о клиентах
13153,2021-03-05 11:01:04,Обращение в службу заботы о клиентах
13153,2021-03-05 11:07:38,Обращение в службу заботы о клиентах
14691,2021-04-26 21:05:26,Предложение ТВ
14691,2021-04-26 21:07:39,Обращение в службу заботы о клиентах
10368,2021-03-01 14:29:07,Смена пароля
10368,2021-03-01 14:40:44,Оборудование
10368,2021-03-01 14:41:44,Оборудование
10368,2021-03-01 14:42:19,Оборудование
10368,2021-03-01 15:07:48,Состояние клиентского оборудования
10368,2021-03-02 12:01:40,Обращение в службу заботы о клиентах
10368,2021-03-02 14:49:40,Обращение в службу заботы о клиентах
10368,2021-03-03 16:22:22,Обращение в службу заботы о клиентах
10368,2021-03-03 16:27:47,Обращение в службу заботы о клиентах
10368,2021-03-03 16:34:40,Обращение в службу заботы о клиентах
10368,2021-03-03 16:47:04,Обращение в службу заботы о клиентах
10368,2021-03-03 17:27:54,Обращение в службу заботы о клиентах
10368,2021-03-06 15:06:41,Обращение в службу заботы о клиентах
10368,2021-03-06 15:19:05,Обращение в службу заботы о клиентах
10368,2021-03-06 15:26:31,Обращение в службу заботы о клиентах
10368,2021-03-14 21:03:23,Обращение в службу заботы о клиентах
10368,2021-04-09 15:58:28,Обращение в службу заботы о клиентах
10368,2021-04-09 18:41:41,Предложение ТВ-пакета
10368,2021-04-09 18:41:43,Предложение ТВ-пакета
11923,2021-04-03 14:48:41,Добавление в Обращались с номеров
11923,2021-04-03 14:56:48,Обращение в службу заботы о клиентах
11923,2021-04-03 15:03:31,Предложение ТВ
11923,2021-04-03 15:05:48,Обращение в службу заботы о клиентах
11923,2021-04-04 15:05:49,Операция с mac-адресом
11923,2021-04-04 16:00:55,Активация точки подключения на сутки
11923,2021-04-04 16:02:36,Состояние клиентского оборудования
34376,2021-04-22 20:37:24,Обращение в службу заботы о клиентах
33412,2021-04-01 17:41:02,Обращение в службу заботы о клиентах
33412,2021-04-01 17:45:45,Смена тарифа
33412,2021-04-01 17:46:13,Смена схемы оплаты
33412,2021-04-01 17:47:28,Предложение ТВ
33412,2021-04-01 17:49:09,Обращение в службу заботы о клиентах
33412,2021-04-01 20:25:44,Состояние клиентского оборудования
30923,2021-04-21 13:45:34,Предложение ТВ
30923,2021-04-21 15:38:29,Операция с mac-адресом
30923,2021-04-21 15:39:28,Оборудование
30923,2021-04-21 15:39:48,Включение услуги Аренда ТВ-приставки
30923,2021-04-21 15:39:48,Включение IPTV-пакета
30923,2021-04-21 15:39:48,Оборудование
30923,2021-04-21 16:45:47,Состояние клиентского оборудования
30923,2021-04-28 11:10:08,Предложение тарифа
34616,2021-03-04 20:46:24,Обращение в службу заботы о клиентах
34616,2021-03-06 12:49:55,Обращение в службу заботы о клиентах
34616,2021-03-06 16:20:38,Смена пароля
34616,2021-03-06 17:37:42,Состояние клиентского оборудования
34616,2021-04-13 22:10:02,Обращение в службу заботы о клиентах
7819,2021-03-26 20:26:39,Включение интернета на 20 минут
7819,2021-03-26 20:26:56,Предложение автоплатежа
7819,2021-04-26 21:06:25,Смена схемы оплаты
7819,2021-04-26 21:07:09,Предложение ТВ
7819,2021-04-26 21:07:27,Обращение в службу заботы о клиентах
29060,2021-03-02 13:17:59,Состояние клиентского оборудования
12841,2021-04-01 16:53:47,Обращение в службу заботы о клиентах
12841,2021-04-01 16:54:49,Предложение тарифа
11882,2021-03-29 17:29:31,Обращение в службу заботы о клиентах
11882,2021-03-29 17:30:55,Предложение тарифа
11882,2021-03-29 23:19:53,Состояние клиентского оборудования
9047,2021-03-14 12:44:28,Внутреннее сообщение
9047,2021-03-19 13:25:08,Изменение данных клиента
9047,2021-03-19 13:25:09,Смена IP-адреса
9047,2021-03-19 13:25:10,Смена тарифа
9047,2021-03-19 13:25:10,Внутреннее сообщение
9047,2021-03-19 13:28:39,Изменение данных клиента
9047,2021-03-31 12:26:13,Закрепление сообщения
9047,2021-04-06 19:15:03,Включение услуги Аренда ТВ-приставки
9047,2021-04-06 19:15:03,Включение IPTV-пакета
9047,2021-04-06 19:15:03,Оборудование
9047,2021-04-06 19:16:48,Изменение данных клиента
9047,2021-04-06 19:36:04,Состояние клиентского оборудования
9047,2021-04-06 21:08:40,Обращение в службу заботы о клиентах
9981,2021-03-03 17:23:26,Обращение в службу заботы о клиентах
9981,2021-03-03 17:24:51,Обращение в службу заботы о клиентах
9981,2021-03-25 20:48:23,Обращение в службу заботы о клиентах
8990,2021-03-24 10:57:34,Обращение в службу заботы о клиентах
9278,2021-03-11 14:11:57,Обращение в службу заботы о клиентах
45140,2021-03-29 10:52:46,Обращение в службу заботы о клиентах
45140,2021-03-29 10:55:45,Предложение ТВ
8577,2021-03-01 08:36:40,Обращение в службу заботы о клиентах
8577,2021-03-01 10:48:31,Обращение в службу заботы о клиентах
8577,2021-03-01 15:40:02,Обращение в службу заботы о клиентах
8577,2021-03-01 15:48:02,Обращение в службу заботы о клиентах
8577,2021-03-01 16:16:07,Обращение в службу заботы о клиентах
8577,2021-04-07 14:56:12,Активация гарантированного платежа
8577,2021-04-07 14:56:30,Обращение в службу заботы о клиентах
29192,2021-03-12 21:59:41,Обращение в службу заботы о клиентах
29192,2021-03-13 11:14:02,Обращение в службу заботы о клиентах
29192,2021-03-14 18:19:48,Обращение в службу заботы о клиентах
29192,2021-03-15 18:38:00,Обращение в службу заботы о клиентах
29192,2021-03-16 13:11:20,Смена пароля
29192,2021-03-16 13:38:26,Обращение в службу заботы о клиентах
29192,2021-03-16 13:39:39,Обращение в службу заботы о клиентах
12365,2021-04-05 13:54:11,Добавление в Обращались с номеров
12365,2021-04-05 13:58:17,Предложение тарифа
12365,2021-04-05 13:58:23,Обращение в службу заботы о клиентах
14415,2021-03-03 21:02:31,Обращение в службу заботы о клиентах
14415,2021-03-28 20:15:34,Включение интернета на 20 минут
14415,2021-03-28 20:15:59,Обращение в службу заботы о клиентах
14415,2021-03-28 20:18:22,Предложение ТВ
37256,2021-04-28 17:09:31,Предложение ТВ
37256,2021-04-28 17:10:12,Предложение тарифа
37256,2021-04-28 17:10:20,Обращение в службу заботы о клиентах
30169,2021-03-04 17:13:42,Обращение в службу заботы о клиентах
30169,2021-03-04 17:52:48,Обращение в службу заботы о клиентах
30169,2021-03-04 17:53:01,Обращение в службу заботы о клиентах
45179,2021-03-14 00:34:57,Добавление в Обращались с номеров
45179,2021-03-14 00:51:14,Предложение IPTV
45179,2021-03-14 15:04:18,Включение услуги Аренда ТВ-приставки
45179,2021-03-14 15:04:18,Включение IPTV-пакета
45179,2021-03-14 15:04:18,Оборудование
45179,2021-03-14 15:04:54,Состояние клиентского оборудования
45179,2021-03-17 15:20:37,Смена схемы оплаты
27942,2021-03-01 15:37:21,Обращение в службу заботы о клиентах
13410,2021-03-13 15:18:23,Включение IPTV-пакета
13410,2021-03-13 15:18:48,Обращение в службу заботы о клиентах
13410,2021-03-20 16:59:31,Обращение в службу заботы о клиентах
13410,2021-03-20 17:00:07,Обращение в службу заботы о клиентах
13410,2021-03-20 17:02:14,Обращение в службу заботы о клиентах
13410,2021-03-20 17:04:47,Обращение в службу заботы о клиентах
13410,2021-03-20 17:16:34,Обращение в службу заботы о клиентах
13410,2021-03-28 15:46:41,Выключение IPTV-пакета
13410,2021-03-28 15:46:54,Обращение в службу заботы о клиентах
13410,2021-04-04 16:26:38,Включение IPTV-пакета
13410,2021-04-04 16:27:02,Обращение в службу заботы о клиентах
9182,2021-03-03 16:29:52,Обращение в службу заботы о клиентах
9182,2021-03-19 08:07:05,Обращение в службу заботы о клиентах
15070,2021-03-02 13:07:12,Обращение в службу заботы о клиентах
15070,2021-03-02 13:25:09,Выключение IPTV-пакета
15070,2021-03-02 13:25:09,Включение IPTV-пакета
15070,2021-03-02 13:27:29,Изменение истории
15070,2021-03-02 13:27:47,Изменение истории
15070,2021-03-26 22:25:46,Обращение в службу заботы о клиентах
28440,2021-03-02 17:06:36,Обращение в службу заботы о клиентах
28440,2021-03-02 17:12:58,Обращение в службу заботы о клиентах
28440,2021-03-02 17:16:32,Обращение в службу заботы о клиентах
28440,2021-03-02 20:02:39,Обращение в службу заботы о клиентах
28440,2021-03-02 20:06:44,Обращение в службу заботы о клиентах
28440,2021-03-03 14:34:50,Добавление в Обращались с номеров
28440,2021-03-03 14:44:32,Обращение в службу заботы о клиентах
28440,2021-03-03 14:47:33,Обращение в службу заботы о клиентах
28440,2021-03-03 14:58:56,Обращение в службу заботы о клиентах
28440,2021-03-03 15:33:55,Операция с mac-адресом
28440,2021-03-03 15:40:34,Состояние клиентского оборудования
28440,2021-03-03 20:24:15,Обращение в службу заботы о клиентах
28440,2021-03-03 20:34:13,Смена пароля
28440,2021-03-03 20:34:22,Обращение в службу заботы о клиентах
29616,2021-04-02 18:57:54,Смена пароля
29616,2021-04-02 18:58:17,Смена пароля
29616,2021-04-02 18:58:34,Смена пароля
29616,2021-04-02 18:58:42,Смена пароля
29616,2021-04-02 18:59:44,Смена пароля
29616,2021-04-02 19:01:19,Предложение ТВ-пакета
29616,2021-04-02 19:01:28,Обращение в службу заботы о клиентах
29616,2021-04-20 15:34:29,Смена пароля
29616,2021-04-20 15:37:43,Обращение в службу заботы о клиентах
45186,2021-03-03 17:08:35,Отключение услуги Аренда ТВ-приставки
45186,2021-03-03 17:08:40,Оборудование
45186,2021-03-03 17:08:50,Обращение в службу заботы о клиентах
13204,2021-04-03 09:03:19,Обращение в службу заботы о клиентах
13204,2021-04-03 09:06:33,Предложение тарифа
13204,2021-04-03 09:06:46,Смена тарифа
41902,2021-04-28 12:12:49,Предложение ТВ-пакета
41902,2021-04-28 12:12:55,Обращение в службу заботы о клиентах
45192,2021-03-30 00:18:21,Реестр договоров
45192,2021-04-25 13:23:56,Состояние клиентского оборудования
45203,2021-04-24 12:35:26,Обращение в службу заботы о клиентах
11795,2021-03-21 13:44:16,Обращение в службу заботы о клиентах
14085,2021-03-06 12:35:02,Перенос денежных средств
8091,2021-04-17 23:41:28,Обращение в службу заботы о клиентах
8091,2021-04-17 23:51:26,Предложение тарифа
10862,2021-03-28 12:32:29,Предложение ТВ
10862,2021-03-28 12:32:36,Обращение в службу заботы о клиентах
10862,2021-04-06 10:14:54,Обращение в службу заботы о клиентах
10862,2021-04-06 10:19:07,Предложение тарифа
10862,2021-04-06 10:19:25,Обращение в службу заботы о клиентах
14053,2021-04-11 09:38:00,Перенос денежных средств
8904,2021-03-30 23:10:17,Реестр договоров
10037,2021-03-23 17:30:59,Изменение данных клиента
10037,2021-03-23 17:31:01,Смена IP-адреса
10037,2021-03-23 17:31:33,Операция с mac-адресом
10037,2021-03-23 17:33:34,Изменение данных клиента
10037,2021-03-23 17:38:17,Смена пароля
10037,2021-03-23 17:41:27,Смена тарифа
10037,2021-03-23 17:41:43,Смена следующего тарифа
10037,2021-04-03 17:27:34,Добавление в Обращались с номеров
10037,2021-04-03 17:30:50,Обращение в службу заботы о клиентах
10037,2021-04-03 17:31:11,Предложение ТВ
10037,2021-04-03 17:37:13,Смена IP-адреса
30034,2021-04-09 19:06:04,Обращение в службу заботы о клиентах
28809,2021-03-26 11:19:40,Реестр договоров
31504,2021-03-16 21:48:56,Внесение
31504,2021-03-16 21:49:35,Обращение в службу заботы о клиентах
31504,2021-03-16 22:05:48,Внесение
31504,2021-03-16 22:06:05,Изменение истории
31504,2021-03-22 22:11:02,Изменение истории
30712,2021-03-03 14:09:40,Обращение в службу заботы о клиентах
30712,2021-03-03 14:09:49,Смена схемы оплаты
30712,2021-03-03 20:34:47,Оборудование
30712,2021-03-03 20:38:46,Состояние клиентского оборудования
30712,2021-03-03 20:57:21,Смена пароля
30712,2021-03-03 21:04:52,Смена пароля
30712,2021-03-04 15:50:01,Тайный покупатель
30712,2021-03-13 13:34:42,Обращение в службу заботы о клиентах
31884,2021-03-04 14:55:43,Предложение IPTV
31884,2021-03-04 14:56:27,Обращение в службу заботы о клиентах
28474,2021-04-20 19:26:04,Смена пароля
28474,2021-04-20 19:26:41,Предложение ТВ
28474,2021-04-20 19:29:26,Обращение в службу заботы о клиентах
28279,2021-04-06 13:26:26,Изменение контактных телефонов
45222,2021-03-29 00:17:45,Активация гарантированного платежа
45222,2021-04-20 22:36:19,Активация гарантированного платежа
45222,2021-04-20 22:36:25,Обращение в службу заботы о клиентах
29034,2021-03-07 01:10:42,Внесение
29034,2021-03-07 01:41:57,Внутреннее сообщение
29034,2021-03-07 22:35:00,Обращение в службу заботы о клиентах
29034,2021-03-08 01:11:01,Изменение истории
29034,2021-03-08 02:00:31,Обращение в службу заботы о клиентах
29034,2021-03-08 02:03:39,Внесение
29034,2021-03-08 02:05:35,Внутреннее сообщение
29034,2021-03-08 15:01:01,Изменение истории
29034,2021-03-26 15:59:36,Реестр договоров
29034,2021-04-06 22:52:29,Обращение в службу заботы о клиентах
13479,2021-04-03 18:38:52,Включение интернета на 20 минут
13479,2021-04-03 18:39:05,Предложение автоплатежа
13479,2021-04-03 18:41:19,Обращение в службу заботы о клиентах
13212,2021-04-25 13:07:17,Обращение в службу заботы о клиентах
13212,2021-04-25 16:38:32,Включение услуги Аренда ТВ-приставки
13212,2021-04-25 16:38:32,Включение IPTV-пакета
13212,2021-04-25 16:38:32,Оборудование
13212,2021-04-25 17:19:30,Обращение в службу заботы о клиентах
13212,2021-04-25 17:23:50,Предложение тарифа
13212,2021-04-25 17:24:22,Обращение в службу заботы о клиентах
13212,2021-04-25 17:58:44,Состояние клиентского оборудования
10432,2021-03-31 10:49:50,Обращение в службу заботы о клиентах
10432,2021-04-12 11:53:25,Обращение в службу заботы о клиентах
10432,2021-04-12 11:56:26,Предложение тарифа
31951,2021-04-06 19:52:44,Обращение в службу заботы о клиентах
45248,2021-04-17 21:01:11,Обращение в службу заботы о клиентах
45248,2021-04-17 21:04:56,Обращение в службу заботы о клиентах
45248,2021-04-20 20:31:26,Обращение в службу заботы о клиентах
10541,2021-04-01 12:05:24,Предложение ТВ
10541,2021-04-01 12:05:53,Предложение тарифа
10541,2021-04-01 12:07:07,Обращение в службу заботы о клиентах
10541,2021-04-01 14:54:04,Обращение в службу заботы о клиентах
35174,2021-04-05 19:25:49,Обращение в службу заботы о клиентах
35174,2021-04-05 20:36:45,Предложение ТВ
28217,2021-03-31 10:12:17,Обращение в службу заботы о клиентах
28217,2021-03-31 10:35:21,Предложение тарифа
28217,2021-03-31 10:35:25,Смена тарифа
9293,2021-04-06 19:22:24,Обращение в службу заботы о клиентах
36926,2021-04-09 10:38:06,Обращение в службу заботы о клиентах
36926,2021-04-09 10:38:56,Обращение в службу заботы о клиентах
36926,2021-04-09 10:44:41,Обращение в службу заботы о клиентах
36926,2021-04-09 15:01:46,Обращение в службу заботы о клиентах
9858,2021-04-05 17:22:00,Обращение в службу заботы о клиентах
9858,2021-04-05 17:23:36,Предложение тарифа
9346,2021-04-14 20:31:02,Предложение ТВ
9346,2021-04-14 20:31:09,Обращение в службу заботы о клиентах
28364,2021-03-03 13:57:07,Обращение в службу заботы о клиентах
28364,2021-03-03 14:00:02,Включение интернета на 20 минут
28364,2021-03-03 14:08:27,Предложение IPTV
28364,2021-03-03 14:08:53,Обращение в службу заботы о клиентах
28364,2021-03-04 17:31:34,Обращение в службу заботы о клиентах
28364,2021-03-14 11:43:37,Обращение в службу заботы о клиентах
28364,2021-03-25 19:08:30,Обращение в службу заботы о клиентах
28364,2021-03-29 10:20:21,Обращение в службу заботы о клиентах
28364,2021-03-29 10:42:51,Обращение в службу заботы о клиентах
28364,2021-03-29 11:01:22,Обращение в службу заботы о клиентах
28364,2021-03-31 15:47:01,Включение услуги Аренда ТВ-приставки
28364,2021-03-31 15:47:02,Включение IPTV-пакета
28364,2021-03-31 15:47:02,Оборудование
28364,2021-03-31 15:48:14,Состояние клиентского оборудования
28364,2021-03-31 16:35:51,Обращение в службу заботы о клиентах
28364,2021-04-05 13:42:34,Добавление в Обращались с номеров
28364,2021-04-05 13:47:48,Обращение в службу заботы о клиентах
28364,2021-04-05 14:08:48,Изменение данных клиента
28364,2021-04-08 13:21:25,Обращение в службу заботы о клиентах
28364,2021-04-08 13:28:02,Обращение в службу заботы о клиентах
28364,2021-04-08 13:33:27,Обращение в службу заботы о клиентах
28364,2021-04-10 22:56:51,Обращение в службу заботы о клиентах
28364,2021-04-11 14:12:24,Обращение в службу заботы о клиентах
45278,2021-03-03 12:27:06,Обращение в службу заботы о клиентах
45278,2021-04-05 10:19:39,Обращение в службу заботы о клиентах
45281,2021-04-26 12:24:56,Обращение в службу заботы о клиентах
28023,2021-04-02 19:31:47,Обращение в службу заботы о клиентах
45295,2021-03-26 10:37:25,Возвращение клиента
45295,2021-03-26 10:37:25,Смена тарифа
45295,2021-03-26 10:37:25,Внутреннее сообщение
45295,2021-03-26 10:39:05,Изменение данных клиента
30609,2021-03-02 18:50:59,Внесение
30609,2021-03-02 18:53:47,Обращение в службу заботы о клиентах
30609,2021-03-03 18:51:01,Изменение истории
27909,2021-03-21 20:00:07,Обращение в службу заботы о клиентах
13000,2021-03-01 15:19:23,Обращение в службу заботы о клиентах
13000,2021-03-01 15:43:35,Операция с mac-адресом
13000,2021-03-01 15:50:06,Состояние клиентского оборудования
13000,2021-03-01 15:50:46,Оборудование
13000,2021-04-06 22:21:53,Обращение в службу заботы о клиентах
13000,2021-04-06 23:30:03,Обращение в службу заботы о клиентах
13000,2021-04-08 19:02:32,Обращение в службу заботы о клиентах
13000,2021-04-08 19:02:34,Предложение ТВ
12545,2021-03-08 09:50:04,Обращение в службу заботы о клиентах
11603,2021-03-12 20:52:17,Обращение в службу заботы о клиентах
11603,2021-03-12 20:53:44,Предложение ТВ-пакета
11603,2021-04-06 20:22:08,Предложение тарифа
11603,2021-04-06 20:22:12,Обращение в службу заботы о клиентах
29255,2021-04-25 12:03:18,Обращение в службу заботы о клиентах
10464,2021-03-10 15:30:13,Добавление в Обращались с номеров
10464,2021-03-10 15:31:52,Предложение IPTV
10464,2021-03-10 15:32:08,Обращение в службу заботы о клиентах
31224,2021-04-15 09:13:37,Обращение в службу заботы о клиентах
31224,2021-04-15 09:13:38,Предложение ТВ
32077,2021-04-07 15:16:25,Смена тарифа
32077,2021-04-28 10:46:49,Внутреннее сообщение
29177,2021-03-04 22:39:46,Внутреннее сообщение
33928,2021-03-26 11:12:23,Реестр договоров
9433,2021-03-06 15:26:18,Обращение в службу заботы о клиентах
9433,2021-03-06 15:27:59,Смена пароля
9543,2021-04-27 21:00:46,Смена пароля
39227,2021-03-08 22:28:47,Смена пароля
39227,2021-03-08 22:31:22,Обращение в службу заботы о клиентах
36662,2021-03-03 19:59:05,Обращение в службу заботы о клиентах
36662,2021-03-08 16:48:21,Обращение в службу заботы о клиентах
42490,2021-03-20 21:37:07,Обращение в службу заботы о клиентах
10989,2021-03-11 18:07:22,Обращение в службу заботы о клиентах
10989,2021-03-11 21:37:38,Состояние клиентского оборудования
10989,2021-03-17 16:27:18,Обращение в службу заботы о клиентах
14070,2021-03-03 12:00:35,Обращение в службу заботы о клиентах
14370,2021-03-03 23:14:04,Внутреннее сообщение
45395,2021-03-12 23:25:30,Обращение в службу заботы о клиентах
45395,2021-04-18 21:44:49,Обращение в службу заботы о клиентах
45395,2021-04-22 12:15:27,Изменение контактных телефонов
31663,2021-04-05 16:55:07,Обращение в службу заботы о клиентах
31663,2021-04-05 16:58:05,Предложение ТВ-пакета
35462,2021-04-13 05:54:52,Смена схемы оплаты
35462,2021-04-13 05:56:14,Предложение тарифа
35462,2021-04-13 05:56:46,Обращение в службу заботы о клиентах
29185,2021-04-27 15:37:05,Обращение в службу заботы о клиентах
29185,2021-04-27 15:38:27,Предложение тарифа
30249,2021-03-02 00:08:13,Возвращение гарантированного платежа
30249,2021-03-02 00:09:14,Активация гарантированного платежа
30249,2021-03-02 16:09:19,Обращение в службу заботы о клиентах
30249,2021-03-29 22:38:27,Предложение ТВ
45403,2021-04-18 19:13:14,Обращение в службу заботы о клиентах
45403,2021-04-19 14:59:06,Перенос денежных средств
45403,2021-04-19 15:08:52,Обращение в службу заботы о клиентах
29466,2021-03-16 19:45:23,Обращение в службу заботы о клиентах
29466,2021-03-27 15:22:42,Обращение в службу заботы о клиентах
29466,2021-03-27 16:02:36,Обращение в службу заботы о клиентах
29466,2021-04-19 21:15:23,Обращение в службу заботы о клиентах
29466,2021-04-28 21:06:41,Смена тарифа
29466,2021-04-28 21:07:04,Обращение в службу заботы о клиентах
29466,2021-04-28 21:20:08,Обращение в службу заботы о клиентах
30430,2021-03-28 17:50:14,Обращение в службу заботы о клиентах
30430,2021-03-28 17:55:33,Обращение в службу заботы о клиентах
31934,2021-03-22 13:45:15,Обращение в службу заботы о клиентах
9667,2021-04-28 11:18:28,Предложение ТВ
9667,2021-04-28 11:20:11,Обращение в службу заботы о клиентах
13490,2021-03-11 09:48:30,Предложение IPTV
13490,2021-03-11 09:48:54,Обращение в службу заботы о клиентах
29084,2021-03-31 18:30:38,Обращение в службу заботы о клиентах
10027,2021-03-10 20:02:19,Обращение в службу заботы о клиентах
10027,2021-03-10 22:16:29,Операция с mac-адресом
10027,2021-03-10 22:16:54,Оборудование
10027,2021-03-10 22:19:04,Активация точки подключения на сутки
10027,2021-03-10 22:21:27,Смена тарифа
10027,2021-03-10 22:21:39,Активация точки подключения на сутки
10027,2021-03-10 22:36:39,Состояние клиентского оборудования
9880,2021-04-20 08:23:55,Обращение в службу заботы о клиентах
9880,2021-04-20 09:03:55,Обращение в службу заботы о клиентах
9880,2021-04-20 12:19:59,Состояние клиентского оборудования
10942,2021-04-12 13:56:45,Обращение в службу заботы о клиентах
45415,2021-03-11 14:17:33,Обращение в службу заботы о клиентах
45415,2021-03-19 09:59:18,Обращение в службу заботы о клиентах
45415,2021-03-20 21:00:37,Обращение в службу заботы о клиентах
45415,2021-03-20 21:06:08,Обращение в службу заботы о клиентах
45415,2021-03-23 08:07:02,Обращение в службу заботы о клиентах
45415,2021-03-23 11:05:06,Состояние клиентского оборудования
45415,2021-03-24 08:36:57,Обращение в службу заботы о клиентах
45415,2021-03-24 08:37:29,Внесение
45415,2021-03-24 12:00:02,Тайный покупатель
45415,2021-03-25 08:41:01,Изменение истории
45415,2021-03-28 14:19:24,Изменение истории
45415,2021-03-28 14:19:59,Обращение в службу заботы о клиентах
32242,2021-04-09 10:54:43,Состояние клиентского оборудования
36656,2021-04-01 23:44:11,Реестр договоров
36656,2021-04-22 20:20:00,Активация ГП с IVR
36656,2021-04-25 20:26:55,Включение интернета на 20 минут
37629,2021-04-20 15:20:13,Предложение ТВ
37629,2021-04-20 15:20:48,Обращение в службу заботы о клиентах
36649,2021-03-01 16:16:30,Предложение IPTV
36649,2021-03-01 16:16:40,Обращение в службу заботы о клиентах
36649,2021-04-19 17:41:33,Смена тарифа
36649,2021-04-19 17:42:03,Обращение в службу заботы о клиентах
14389,2021-04-03 16:36:47,Предложение тарифа
14389,2021-04-03 16:36:58,Обращение в службу заботы о клиентах
36192,2021-03-03 10:20:59,Изменение данных клиента
36192,2021-03-03 10:20:59,Возвращение клиента
36192,2021-03-03 10:20:59,Смена тарифа
36192,2021-03-03 10:20:59,Внутреннее сообщение
28962,2021-03-18 12:33:10,Активация ГП с IVR
28962,2021-03-21 13:46:28,Обращение в службу заботы о клиентах
28962,2021-03-21 13:47:05,Включение интернета на 20 минут
28962,2021-03-21 13:49:26,Обращение в службу заботы о клиентах
31481,2021-03-19 12:15:27,Смена пароля
31481,2021-03-19 12:17:58,Оборудование
31481,2021-03-19 12:37:36,Состояние клиентского оборудования
31481,2021-03-22 21:11:54,Состояние клиентского оборудования
31481,2021-03-22 21:12:44,Смена пароля
31481,2021-03-22 22:31:35,Оборудование
31481,2021-03-28 21:35:31,Состояние клиентского оборудования
31481,2021-04-16 00:39:45,Обращение в службу заботы о клиентах
31481,2021-04-16 00:42:04,Активация гарантированного платежа
11573,2021-03-31 23:33:15,Реестр договоров
12255,2021-03-30 12:59:38,Изменение контактных телефонов
12255,2021-03-30 13:00:23,Обращение в службу заботы о клиентах
12255,2021-03-31 16:49:15,Обращение в службу заботы о клиентах
12255,2021-03-31 16:52:31,Смена пароля
29316,2021-03-19 17:40:20,Отключение услуги Автоплатёж
29316,2021-03-19 17:48:43,Обращение в службу заботы о клиентах
29316,2021-03-20 15:42:18,Предложение IPTV
12750,2021-03-30 00:09:57,Реестр договоров
28614,2021-03-03 19:11:05,Операция с mac-адресом
28614,2021-03-05 18:54:41,Смена пароля
10097,2021-03-10 09:40:11,Обращение в службу заботы о клиентах
10097,2021-03-17 16:19:46,Добавление в Обращались с номеров
10097,2021-03-17 16:22:06,Обращение в службу заботы о клиентах
10097,2021-03-24 18:58:00,Обращение в службу заботы о клиентах
33523,2021-04-22 20:25:41,Обращение в службу заботы о клиентах
33523,2021-04-22 20:31:23,Обращение в службу заботы о клиентах
30557,2021-03-20 08:20:00,Смена пароля
13610,2021-04-11 09:58:45,Предложение ТВ
13610,2021-04-11 09:59:19,Обращение в службу заботы о клиентах
13610,2021-04-11 10:10:42,Обращение в службу заботы о клиентах
11816,2021-03-14 19:29:04,Обращение в службу заботы о клиентах
11816,2021-03-14 19:29:42,Предложение автоплатежа
11816,2021-03-14 19:29:59,Обращение в службу заботы о клиентах
11816,2021-04-11 12:25:50,Обращение в службу заботы о клиентах
11816,2021-04-15 18:30:54,Активация гарантированного платежа
11816,2021-04-15 18:30:56,Обращение в службу заботы о клиентах
11816,2021-04-26 13:48:32,Обращение в службу заботы о клиентах
28901,2021-03-17 15:43:21,Обращение в службу заботы о клиентах
30613,2021-03-11 01:56:47,Обращение в службу заботы о клиентах
34281,2021-03-15 18:36:10,Активация гарантированного платежа
34281,2021-03-15 18:36:20,Обращение в службу заботы о клиентах
34281,2021-03-19 19:05:13,Активация гарантированного платежа
34281,2021-03-19 19:06:19,Обращение в службу заботы о клиентах
34281,2021-03-22 19:23:54,Активация гарантированного платежа
34281,2021-03-22 19:24:02,Обращение в службу заботы о клиентах
34281,2021-03-27 19:32:05,Активация гарантированного платежа
34281,2021-03-27 19:32:10,Обращение в службу заботы о клиентах
34281,2021-03-31 20:01:20,Обращение в службу заботы о клиентах
34281,2021-03-31 20:01:27,Активация гарантированного платежа
34281,2021-04-03 20:04:00,Обращение в службу заботы о клиентах
34281,2021-04-06 14:09:12,Добавление в Обращались с номеров
34281,2021-04-06 14:09:38,Активация гарантированного платежа
34281,2021-04-06 14:09:48,Обращение в службу заботы о клиентах
34281,2021-04-13 17:36:08,Активация гарантированного платежа
34281,2021-04-13 17:36:14,Обращение в службу заботы о клиентах
34281,2021-04-20 18:09:57,Активация гарантированного платежа
34281,2021-04-20 18:10:04,Обращение в службу заботы о клиентах
34281,2021-04-23 23:19:52,Обращение в службу заботы о клиентах
34281,2021-04-23 23:21:04,Активация гарантированного платежа
34281,2021-04-23 23:21:15,Обращение в службу заботы о клиентах
34281,2021-04-28 06:17:17,Активация гарантированного платежа
34281,2021-04-28 06:17:38,Обращение в службу заботы о клиентах
34281,2021-04-29 06:38:40,Активация гарантированного платежа
34281,2021-04-29 06:38:57,Обращение в службу заботы о клиентах
45471,2021-03-21 22:52:03,Смена пароля
45471,2021-03-21 22:52:20,Обращение в службу заботы о клиентах
45471,2021-03-24 14:26:43,Обращение в службу заботы о клиентах
45471,2021-03-24 19:28:28,Обращение в службу заботы о клиентах
45471,2021-03-24 19:56:47,Обращение в службу заботы о клиентах
45471,2021-03-24 20:01:46,Обращение в службу заботы о клиентах
45471,2021-04-01 16:58:52,Включена 20% скидка
45471,2021-04-01 16:58:55,Смена тарифа
45471,2021-04-01 16:59:07,Изменение истории
45471,2021-04-01 16:59:34,Без границ бесплатно. Включение
45471,2021-04-27 17:14:15,Обращение в службу заботы о клиентах
45471,2021-04-28 14:32:46,Обращение в службу заботы о клиентах
30136,2021-03-30 20:48:22,Обращение в службу заботы о клиентах
30136,2021-03-30 20:50:40,Предложение тарифа
45484,2021-04-16 19:31:34,Изменение данных клиента
45484,2021-04-16 19:32:40,Изменение данных клиента
45484,2021-04-16 19:32:43,Смена IP-адреса
45484,2021-04-16 19:32:43,Смена тарифа
45484,2021-04-16 19:32:43,Внутреннее сообщение
45484,2021-04-16 19:33:14,Операция с mac-адресом
45484,2021-04-16 19:33:34,Смена тарифа
45484,2021-04-16 19:34:43,Оборудование
45484,2021-04-16 19:34:58,Включение услуги Аренда ТВ-приставки
45484,2021-04-16 19:34:59,Включение IPTV-пакета
45484,2021-04-16 19:34:59,Оборудование
45484,2021-04-16 19:35:56,Смена тарифа
45484,2021-04-16 19:47:50,Активация точки подключения на сутки
13529,2021-03-30 18:34:12,Реестр договоров
13913,2021-04-12 13:26:52,Предложение ТВ
13913,2021-04-12 13:30:03,Внутреннее сообщение
13913,2021-04-13 09:25:42,Обращение в службу заботы о клиентах
45504,2021-03-30 19:47:02,Предложение тарифа
45504,2021-03-30 19:47:08,Обращение в службу заботы о клиентах
28421,2021-03-07 22:01:53,Обращение в службу заботы о клиентах
28421,2021-03-27 21:55:42,Обращение в службу заботы о клиентах
28421,2021-03-28 11:47:41,Операция с mac-адресом
28421,2021-03-28 12:33:58,Состояние клиентского оборудования
28421,2021-04-01 15:17:03,Обращение в службу заботы о клиентах
15003,2021-03-04 19:26:59,Обращение в службу заботы о клиентах
15003,2021-03-04 19:27:15,Смена пароля
15003,2021-03-04 19:27:27,Предложение IPTV
11216,2021-04-02 13:23:03,Обращение в службу заботы о клиентах
11216,2021-04-02 13:50:19,Предложение ТВ
11216,2021-04-02 13:51:38,Предложение тарифа
11216,2021-04-02 13:52:19,Смена тарифа
11216,2021-04-02 13:52:41,Обращение в службу заботы о клиентах
11216,2021-04-02 17:01:40,Состояние клиентского оборудования
29455,2021-03-23 19:28:06,Обращение в службу заботы о клиентах
12443,2021-03-24 16:07:01,Обращение в службу заботы о клиентах
12443,2021-04-04 11:03:10,Предложение автоплатежа
12443,2021-04-04 11:03:21,Обращение в службу заботы о клиентах
12443,2021-04-12 20:17:20,Включение IPTV-пакета
12443,2021-04-12 20:17:35,Предложение ТВ-пакета
12443,2021-04-12 20:17:48,Обращение в службу заботы о клиентах
8263,2021-04-09 14:02:31,Предложение тарифа
8263,2021-04-09 14:02:37,Смена тарифа
8263,2021-04-09 14:02:52,Обращение в службу заботы о клиентах
8263,2021-04-10 11:23:19,Состояние клиентского оборудования
45569,2021-04-25 12:52:26,Смена пароля
45569,2021-04-25 12:52:59,Обращение в службу заботы о клиентах
11565,2021-04-29 19:07:06,Добавление в Обращались с номеров
28263,2021-04-22 15:08:36,Предложение ТВ
12487,2021-03-29 12:18:04,Реестр договоров
12487,2021-03-29 12:18:11,Реестр договоров
7920,2021-04-14 19:49:00,Предложение ТВ
7920,2021-04-14 19:51:11,Обращение в службу заботы о клиентах
40130,2021-03-21 09:00:20,Обращение в службу заботы о клиентах
40130,2021-03-21 09:00:44,Обращение в службу заботы о клиентах
40130,2021-03-21 09:01:07,Обращение в службу заботы о клиентах
40130,2021-03-21 09:01:56,Обращение в службу заботы о клиентах
40130,2021-04-21 17:03:54,Активация гарантированного платежа
40130,2021-04-21 17:03:55,Предложение автоплатежа
40130,2021-04-21 17:04:14,Обращение в службу заботы о клиентах
40130,2021-04-26 09:40:43,Активация гарантированного платежа
40130,2021-04-26 09:40:45,Обращение в службу заботы о клиентах
40130,2021-04-29 19:32:14,Активация ГП с IVR
30841,2021-03-29 15:14:05,Обращение в службу заботы о клиентах
30841,2021-04-01 18:52:55,Изменение данных клиента
30841,2021-04-01 21:03:34,Включение услуги Аренда ТВ-приставки
30841,2021-04-01 21:03:35,Оборудование
30841,2021-04-01 21:04:50,Состояние клиентского оборудования
45614,2021-03-26 19:42:35,Обращение в службу заботы о клиентах
45614,2021-03-28 15:11:34,Обращение в службу заботы о клиентах
45614,2021-03-30 15:37:34,Обращение в службу заботы о клиентах
45614,2021-03-31 15:17:00,Обращение в службу заботы о клиентах
30977,2021-03-07 14:14:40,Обращение в службу заботы о клиентах
30977,2021-04-28 15:01:12,Добавление в Обращались с номеров
30977,2021-04-28 15:02:41,Предложение автоплатежа
30977,2021-04-28 15:02:51,Обращение в службу заботы о клиентах
29030,2021-04-15 16:43:59,Изменение контактных телефонов
29030,2021-04-23 15:06:53,Включена 10% скидка
29030,2021-04-23 15:06:54,Смена тарифа
45642,2021-04-15 13:43:04,Смена тарифа
45646,2021-03-22 23:37:48,Обращение в службу заботы о клиентах
45656,2021-03-17 17:17:51,Активация ГП с IVR
45656,2021-03-20 17:28:24,Активация гарантированного платежа
45656,2021-03-20 17:28:27,Обращение в службу заботы о клиентах
45656,2021-03-26 18:18:02,Активация ГП с IVR
45656,2021-03-30 19:52:01,Внесение
45656,2021-03-30 19:52:33,Предложение ТВ-пакета
45656,2021-03-30 19:52:37,Обращение в службу заботы о клиентах
45656,2021-03-31 19:51:02,Изменение истории
45656,2021-04-03 07:13:30,Активация ГП с IVR
45656,2021-04-09 19:33:31,Активация ГП с IVR
45656,2021-04-10 17:43:14,Обращение в службу заботы о клиентах
45656,2021-04-11 11:13:57,Обращение в службу заботы о клиентах
45656,2021-04-12 11:11:58,Обращение в службу заботы о клиентах
45667,2021-04-14 14:07:44,Обращение в службу заботы о клиентах
10914,2021-04-08 19:51:57,Обращение в службу заботы о клиентах
10914,2021-04-28 16:49:20,Обращение в службу заботы о клиентах
10914,2021-04-28 16:50:14,Предложение автоплатежа
14835,2021-04-24 09:19:07,Обращение в службу заботы о клиентах
14835,2021-04-24 09:22:42,Предложение ТВ
14835,2021-04-24 09:23:19,Предложение тарифа
14835,2021-04-24 09:23:33,Обращение в службу заботы о клиентах
33637,2021-04-15 15:57:16,Предложение ТВ
33637,2021-04-15 15:57:51,Обращение в службу заботы о клиентах
33930,2021-03-23 17:23:14,Замена оборудования
33930,2021-03-23 17:23:14,Отключение услуги Аренда ТВ-приставки
33930,2021-03-23 18:07:04,Состояние клиентского оборудования
14920,2021-04-26 06:15:20,Смена пароля
14920,2021-04-26 06:16:25,Обращение в службу заботы о клиентах
14920,2021-04-26 06:56:01,Обращение в службу заботы о клиентах
14920,2021-04-26 06:56:02,Предложение автоплатежа
14920,2021-04-26 06:57:07,Выключение IPTV-пакета
14920,2021-04-28 19:33:09,Смена пароля
14920,2021-04-28 19:45:26,Обращение в службу заботы о клиентах
14920,2021-04-29 07:24:55,Обращение в службу заботы о клиентах
45693,2021-03-15 15:25:17,Активация точки подключения на сутки
45693,2021-03-15 15:25:18,Активация точки подключения на сутки
11143,2021-03-09 16:25:43,Добавление в Обращались с номеров
11143,2021-03-09 16:26:10,Обращение в службу заботы о клиентах
39228,2021-03-27 11:31:18,Добавление в Обращались с номеров
39228,2021-03-27 11:31:57,Обращение в службу заботы о клиентах
39228,2021-03-27 11:39:20,Предложение ТВ
39228,2021-04-18 19:42:34,Обращение в службу заботы о клиентах
39228,2021-04-18 19:43:56,Обращение в службу заботы о клиентах
38532,2021-03-30 12:25:09,Обращение в службу заботы о клиентах
10638,2021-04-05 20:35:38,Предложение тарифа
10638,2021-04-05 20:35:47,Обращение в службу заботы о клиентах
45728,2021-04-21 17:21:00,Предложение ТВ-пакета
45728,2021-04-21 17:21:36,Обращение в службу заботы о клиентах
45751,2021-03-31 11:05:53,Включение интернета на 20 минут
45751,2021-03-31 11:08:01,Обращение в службу заботы о клиентах
34151,2021-04-03 17:03:27,Предложение тарифа
34151,2021-04-03 17:03:54,Обращение в службу заботы о клиентах
34151,2021-04-17 19:05:49,Предложение ТВ-пакета
34151,2021-04-17 19:05:59,Обращение в службу заботы о клиентах
45784,2021-04-22 14:09:30,Обращение в службу заботы о клиентах
45784,2021-04-22 15:05:08,Обращение в службу заботы о клиентах
28209,2021-03-04 19:26:37,Обращение в службу заботы о клиентах
28209,2021-03-05 17:25:02,Изменение данных клиента
28209,2021-03-05 17:29:13,Включение услуги Аренда ТВ-приставки
28209,2021-03-05 17:29:13,Оборудование
28209,2021-03-05 17:38:56,Состояние клиентского оборудования
28209,2021-03-17 15:09:31,Обращение в службу заботы о клиентах
28209,2021-03-17 15:14:50,Обращение в службу заботы о клиентах
45805,2021-04-09 12:04:39,Отключение скидки 10%
45805,2021-04-09 12:04:39,Включена 20% скидка
45805,2021-04-09 12:04:39,Смена тарифа
45805,2021-04-10 10:51:18,Обращение в службу заботы о клиентах
45805,2021-04-12 17:31:10,Отключение услуги Аренда ТВ-приставки
45805,2021-04-12 17:31:12,Оборудование
45805,2021-04-12 17:31:35,Обращение в службу заботы о клиентах
10686,2021-04-29 16:45:59,Обращение в службу заботы о клиентах
37988,2021-04-08 11:02:33,Обращение в службу заботы о клиентах
37988,2021-04-08 11:02:39,Предложение ТВ
37988,2021-04-13 16:53:16,Смена тарифа
36653,2021-04-23 19:40:36,Обращение в службу заботы о клиентах
9735,2021-03-26 13:49:06,Обращение в службу заботы о клиентах
9735,2021-04-29 22:07:17,Обращение в службу заботы о клиентах
34301,2021-03-17 10:51:34,Обращение в службу заботы о клиентах
34301,2021-03-20 13:16:25,Обращение в службу заботы о клиентах
34301,2021-03-20 18:54:19,Состояние клиентского оборудования
45885,2021-03-27 21:07:04,Обращение в службу заботы о клиентах
45885,2021-03-27 21:09:07,Удаление телефона из записи
45885,2021-03-27 21:09:09,Изменение контактных телефонов
45885,2021-03-27 21:51:14,Обращение в службу заботы о клиентах
45885,2021-03-27 21:54:14,Операция с mac-адресом
45885,2021-03-27 22:09:03,Предложение ТВ
29658,2021-03-05 10:02:05,Активация ГП с IVR
29658,2021-03-11 15:01:01,Обращение в службу заботы о клиентах
29658,2021-03-11 15:05:18,Внесение
29658,2021-03-11 15:37:35,Изменение истории
29658,2021-04-05 06:24:41,Предложение тарифа
29658,2021-04-23 18:48:32,Обращение в службу заботы о клиентах
45913,2021-04-15 12:26:17,Предложение тарифа
45913,2021-04-15 12:28:42,Обращение в службу заботы о клиентах
45913,2021-04-15 17:15:21,Состояние клиентского оборудования
45917,2021-04-23 17:10:25,Внутреннее сообщение
45917,2021-04-26 18:39:07,Изменение данных клиента
45917,2021-04-26 18:39:09,Смена IP-адреса
45917,2021-04-29 19:50:52,Состояние клиентского оборудования
45922,2021-04-13 22:29:01,Реестр договоров
45922,2021-04-13 22:29:08,Реестр договоров
10561,2021-03-08 20:30:21,Обращение в службу заботы о клиентах
10561,2021-03-24 20:53:50,Реестр договоров
10561,2021-03-24 20:53:59,Реестр договоров
10561,2021-04-08 20:25:20,Предложение тарифа
10561,2021-04-08 20:26:04,Обращение в службу заботы о клиентах
28814,2021-03-26 19:44:54,Смена пароля
28814,2021-03-26 19:46:23,Обращение в службу заботы о клиентах
12123,2021-03-17 14:54:05,Удаление из Обращались с номеров
12123,2021-03-17 15:00:36,Обращение в службу заботы о клиентах
12123,2021-03-17 15:11:48,Обращение в службу заботы о клиентах
12123,2021-03-17 15:57:58,Внутреннее сообщение
12123,2021-04-15 08:36:15,Обращение в службу заботы о клиентах
12123,2021-04-15 16:54:55,Внутреннее сообщение
12123,2021-04-15 16:59:42,Обращение в службу заботы о клиентах
12123,2021-04-16 11:17:30,Закрепление сообщения
12123,2021-04-16 11:18:00,Внутреннее сообщение
12123,2021-04-18 10:59:07,Изменение контактных телефонов
12123,2021-04-18 11:30:57,Изменение данных клиента
12123,2021-04-18 11:30:59,Смена IP-адреса
12123,2021-04-18 11:31:00,Смена тарифа
12123,2021-04-18 11:31:00,Внутреннее сообщение
12123,2021-04-18 11:34:36,Смена следующего тарифа
12123,2021-04-18 11:35:34,Изменение истории
12123,2021-04-19 16:05:28,Закрепление сообщения
12123,2021-04-19 16:05:33,Закрепление сообщения
10166,2021-04-12 19:13:58,Предложение ТВ
10166,2021-04-12 19:14:08,Обращение в службу заботы о клиентах
7785,2021-03-30 18:21:41,Реестр договоров
39020,2021-03-24 18:31:51,Обращение в службу заботы о клиентах
39020,2021-03-25 10:15:07,Предложение тарифа
39020,2021-03-25 10:15:07,Предложение ТВ-пакета
39020,2021-04-11 20:29:49,Обращение в службу заботы о клиентах
45955,2021-03-24 12:26:53,Внутреннее сообщение
30783,2021-04-12 13:49:11,Реестр договоров
45980,2021-03-26 14:34:37,Обращение в службу заботы о клиентах
45980,2021-03-30 12:50:39,Обращение в службу заботы о клиентах
45980,2021-03-30 13:59:46,Обращение в службу заботы о клиентах
45983,2021-03-05 15:14:45,Внутреннее сообщение
45983,2021-03-11 17:16:10,Обращение в службу заботы о клиентах
45983,2021-04-23 16:30:34,Добавление в Обращались с номеров
45983,2021-04-23 16:33:26,Обращение в службу заботы о клиентах
45992,2021-04-06 13:05:28,Обращение в службу заботы о клиентах
37086,2021-03-02 15:39:37,Обращение в службу заботы о клиентах
32078,2021-04-20 16:53:48,Предложение тарифа
32078,2021-04-20 16:53:57,Обращение в службу заботы о клиентах
9798,2021-04-12 21:35:09,Добавление в Обращались с номеров
9798,2021-04-12 21:38:30,Обращение в службу заботы о клиентах
9798,2021-04-13 16:00:02,Состояние клиентского оборудования
46042,2021-04-02 11:48:31,Обращение в службу заботы о клиентах
32562,2021-03-12 10:05:01,Закрепление сообщения
32562,2021-03-12 10:05:12,Закрепление сообщения
32562,2021-03-12 10:05:51,Внутреннее сообщение
32562,2021-03-30 23:43:33,Реестр договоров
32562,2021-03-30 23:43:40,Реестр договоров
8890,2021-03-01 11:08:31,Добавление в Обращались с номеров
8890,2021-03-01 11:08:53,Обращение в службу заботы о клиентах
46151,2021-03-01 14:37:05,Изменение контактных телефонов
46166,2021-03-27 15:09:33,Обращение в службу заботы о клиентах
46166,2021-03-27 15:22:03,Обращение в службу заботы о клиентах
46166,2021-03-27 15:24:07,Предложение ТВ
46166,2021-03-27 15:24:07,Предложение тарифа
46178,2021-04-12 13:28:02,Реестр договоров
46178,2021-04-12 13:28:14,Реестр договоров
33988,2021-03-24 14:54:49,Отключение скидки
33988,2021-03-24 14:54:54,Включена 20% скидка
33988,2021-03-24 16:01:16,Добавление в Обращались с номеров
33988,2021-03-24 16:01:37,Обращение в службу заботы о клиентах
33988,2021-03-24 16:02:46,Предложение ТВ
34575,2021-03-10 16:27:20,Предложение IPTV
34575,2021-03-10 16:40:20,Обращение в службу заботы о клиентах
34575,2021-04-24 21:18:12,Добавление в Обращались с номеров
34575,2021-04-24 21:19:10,Обращение в службу заботы о клиентах
34575,2021-04-24 21:32:29,Обращение в службу заботы о клиентах
34575,2021-04-25 12:31:13,Операция с mac-адресом
34575,2021-04-25 12:35:36,Состояние клиентского оборудования
8509,2021-04-21 02:47:28,Предложение ТВ
8509,2021-04-24 16:28:03,Удаление телефона из записи
8509,2021-04-24 16:28:19,Обращение в службу заботы о клиентах
9762,2021-03-03 18:33:42,Обращение в службу заботы о клиентах
9762,2021-04-23 15:42:17,Обращение в службу заботы о клиентах
9762,2021-04-23 15:42:26,Отключение услуги Аренда ТВ-приставки
9762,2021-04-23 15:42:29,Оборудование
9762,2021-04-23 15:43:51,Включение услуги Аренда ТВ-приставки
9762,2021-04-23 15:43:51,Оборудование
9762,2021-04-23 15:44:08,Изменение истории
9762,2021-04-26 19:25:08,Предложение тарифа
30070,2021-03-28 17:54:24,Смена пароля
30070,2021-03-28 17:54:41,Предложение ТВ
30070,2021-03-28 17:55:00,Обращение в службу заботы о клиентах
11327,2021-04-19 11:36:33,Добавление в Обращались с номеров
11327,2021-04-19 11:39:23,Обращение в службу заботы о клиентах
11327,2021-04-19 11:42:14,Предложение тарифа
10004,2021-03-19 10:10:35,Обращение в службу заботы о клиентах
10004,2021-03-19 10:11:39,Предложение IPTV
10004,2021-03-19 10:13:44,Обращение в службу заботы о клиентах
45121,2021-03-16 22:36:29,Обращение в службу заботы о клиентах
45121,2021-03-16 22:49:27,Обращение в службу заботы о клиентах
36959,2021-04-10 10:15:27,Включение интернета на 20 минут
36959,2021-04-10 10:15:28,Включение интернета на 20 минут
36959,2021-04-10 10:16:47,Обращение в службу заботы о клиентах
36959,2021-04-10 10:20:00,Предложение ТВ
36959,2021-04-10 10:20:06,Обращение в службу заботы о клиентах
46240,2021-03-26 16:17:54,Состояние клиентского оборудования
46240,2021-03-30 15:32:20,Обращение в службу заботы о клиентах
46244,2021-03-21 16:21:20,Обращение в службу заботы о клиентах
46244,2021-03-21 16:22:37,Смена пароля
46244,2021-03-23 10:39:18,Обращение в службу заботы о клиентах
46244,2021-03-23 21:02:37,Обращение в службу заботы о клиентах
46244,2021-03-23 21:02:53,Обращение в службу заботы о клиентах
46244,2021-03-24 21:13:21,Обращение в службу заботы о клиентах
46244,2021-03-25 22:22:05,Состояние клиентского оборудования
46244,2021-04-29 17:50:46,Обращение в службу заботы о клиентах
8570,2021-03-13 13:28:56,Изменение данных клиента
8570,2021-03-13 13:29:15,Изменение данных клиента
8570,2021-03-13 13:29:18,Смена IP-адреса
8570,2021-03-13 13:29:55,Смена пароля
8570,2021-03-13 13:31:31,Смена тарифа
8570,2021-03-13 13:32:23,Смена тарифа
30854,2021-03-15 19:18:16,Обращение в службу заботы о клиентах
30854,2021-03-17 19:38:38,Добавление в Обращались с номеров
30854,2021-03-17 19:54:08,Обращение в службу заботы о клиентах
30854,2021-03-17 19:59:03,Смена пароля
8421,2021-03-01 15:44:25,Обращение в службу заботы о клиентах
8421,2021-03-01 15:57:32,Предложение IPTV
8421,2021-04-04 15:48:30,Включение интернета на 20 минут
8421,2021-04-04 15:48:42,Обращение в службу заботы о клиентах
46259,2021-03-02 23:40:46,Обращение в службу заботы о клиентах
46259,2021-03-18 07:26:11,Обращение в службу заботы о клиентах
46259,2021-03-19 17:43:47,Включена 20% скидка
46259,2021-04-25 21:16:54,Обращение в службу заботы о клиентах
36317,2021-03-06 19:52:50,Обращение в службу заботы о клиентах
36317,2021-03-19 19:52:55,Обращение в службу заботы о клиентах
36317,2021-03-19 20:04:36,Обращение в службу заботы о клиентах
36317,2021-04-11 19:08:45,Предложение тарифа
36317,2021-04-11 19:08:51,Обращение в службу заботы о клиентах
46274,2021-03-25 18:22:43,Обращение в службу заботы о клиентах
46274,2021-03-28 06:41:22,Обращение в службу заботы о клиентах
46274,2021-03-30 17:39:51,Обращение в службу заботы о клиентах
13138,2021-04-08 19:00:58,Обращение в службу заботы о клиентах
8411,2021-03-04 16:21:53,Обращение в службу заботы о клиентах
11784,2021-04-02 09:34:22,Перенос денежных средств
27965,2021-03-30 15:36:49,Обращение в службу заботы о клиентах
27965,2021-04-02 18:51:14,Предложение ТВ
27965,2021-04-02 18:56:00,Обращение в службу заботы о клиентах
27965,2021-04-02 20:30:07,Состояние клиентского оборудования
32011,2021-03-30 12:27:58,Обращение в службу заботы о клиентах
46334,2021-03-31 23:17:57,Реестр договоров
46365,2021-03-21 13:25:32,Обращение в службу заботы о клиентах
46366,2021-03-19 17:24:36,Обращение в службу заботы о клиентах
46366,2021-03-19 18:22:54,Изменение истории
46366,2021-03-19 18:23:00,Изменение истории
46366,2021-03-19 18:23:05,Изменение истории
46366,2021-03-19 18:24:32,Продление действия тарифа
46366,2021-04-04 10:47:02,Обращение в службу заботы о клиентах
46366,2021-04-08 10:54:13,Смена тарифа
46366,2021-04-29 22:48:16,Обращение в службу заботы о клиентах
46380,2021-04-27 21:43:11,Обращение в службу заботы о клиентах
14986,2021-03-10 17:58:35,Обращение в службу заботы о клиентах
14986,2021-03-17 08:03:44,Смена схемы оплаты
14986,2021-03-17 08:04:09,Обращение в службу заботы о клиентах
14986,2021-03-23 19:08:07,Обращение в службу заботы о клиентах
14986,2021-03-23 19:09:44,Активация гарантированного платежа
14986,2021-03-23 19:10:46,Предложение тарифа
14986,2021-04-04 09:21:48,Смена схемы оплаты
14986,2021-04-04 09:22:07,Включение интернета на 20 минут
14986,2021-04-04 09:22:17,Предложение автоплатежа
14986,2021-04-04 09:22:46,Обращение в службу заботы о клиентах
14986,2021-04-04 09:23:42,Обращение в службу заботы о клиентах
14986,2021-04-04 09:26:07,Обращение в службу заботы о клиентах
14986,2021-04-04 10:03:54,Включение интернета на 20 минут
14986,2021-04-04 10:06:09,Обращение в службу заботы о клиентах
14986,2021-04-29 14:49:26,Обращение в службу заботы о клиентах
9514,2021-03-07 16:41:11,Обращение в службу заботы о клиентах
10984,2021-03-07 12:28:28,Обращение в службу заботы о клиентах
10984,2021-03-11 21:10:05,Состояние клиентского оборудования
10123,2021-04-13 19:47:24,Изменение данных клиента
10123,2021-04-13 19:47:26,Смена IP-адреса
10123,2021-04-13 19:53:31,Изменение данных клиента
10123,2021-04-13 19:54:08,Операция с mac-адресом
10123,2021-04-14 10:22:22,Смена тарифа
39102,2021-03-04 12:53:54,Обращение в службу заботы о клиентах
32368,2021-04-10 13:28:45,Добавление в Обращались с номеров
32368,2021-04-10 13:28:49,Предложение ТВ
32368,2021-04-10 13:35:27,Обращение в службу заботы о клиентах
32368,2021-04-10 15:17:00,Включение услуги Аренда ТВ-приставки
32368,2021-04-10 15:17:01,Включение IPTV-пакета
32368,2021-04-10 15:17:01,Оборудование
32368,2021-04-10 15:27:55,Включение услуги Аренда ТВ-приставки
32368,2021-04-10 15:27:55,Оборудование
32368,2021-04-10 15:28:34,Смена тарифа
32368,2021-04-10 15:30:36,Изменение данных клиента
32368,2021-04-10 15:41:57,Состояние клиентского оборудования
46429,2021-04-06 19:06:03,Предложение ТВ
46429,2021-04-06 19:06:19,Обращение в службу заботы о клиентах
46429,2021-04-20 17:55:50,Обращение в службу заботы о клиентах
46429,2021-04-20 17:58:53,Обращение в службу заботы о клиентах
46429,2021-04-20 18:05:06,Обращение в службу заботы о клиентах
46429,2021-04-20 18:05:10,Обращение в службу заботы о клиентах
46436,2021-03-10 18:28:28,Активация ГП с IVR
46436,2021-03-28 20:08:49,Активация ГП с IVR
46436,2021-04-11 17:46:53,Активация автоматического гарантированного платежа
46436,2021-04-11 17:47:14,Обращение в службу заботы о клиентах
46436,2021-04-15 22:31:54,Активация ГП с IVR
46436,2021-04-25 19:11:11,Активация ГП с IVR
46459,2021-03-27 18:21:36,Обращение в службу заботы о клиентах
46459,2021-04-06 19:23:48,Обращение в службу заботы о клиентах
46460,2021-03-22 10:19:16,Обращение в службу заботы о клиентах
46464,2021-03-04 11:45:50,Добавление в Обращались с номеров
46464,2021-03-04 11:47:01,Обращение в службу заботы о клиентах
46464,2021-03-04 12:21:14,Обращение в службу заботы о клиентах
30290,2021-04-06 14:41:27,Отключение скидки 20%
30290,2021-04-06 14:41:27,Включена 30% скидка
30290,2021-04-06 14:41:28,Смена тарифа
30290,2021-04-06 14:41:40,Изменение истории
30290,2021-04-06 14:41:50,Без границ бесплатно. Включение
46481,2021-03-16 17:05:16,Обращение в службу заботы о клиентах
12664,2021-03-09 14:55:51,Обращение в службу заботы о клиентах
11386,2021-04-08 13:29:08,Включена 20% скидка
11386,2021-04-08 13:29:09,Смена тарифа
11386,2021-04-08 13:29:22,Изменение истории
46580,2021-03-06 15:46:31,Обращение в службу заботы о клиентах
30151,2021-04-06 10:41:08,Внутреннее сообщение
30151,2021-04-24 11:52:16,Обращение в службу заботы о клиентах
30151,2021-04-24 11:54:30,Предложение ТВ-пакета
46593,2021-04-19 19:31:13,Обращение в службу заботы о клиентах
46593,2021-04-19 19:33:02,Предложение ТВ-пакета
11998,2021-03-30 16:55:28,Обращение в службу заботы о клиентах
11998,2021-03-30 16:56:26,Предложение ТВ
11998,2021-03-30 17:21:24,Обращение в службу заботы о клиентах
46621,2021-03-14 15:48:33,Обращение в службу заботы о клиентах
46621,2021-03-14 15:50:43,Предложение IPTV
46621,2021-04-11 18:44:23,Активация ГП с IVR
46621,2021-04-21 13:39:16,Активация ГП с IVR
46621,2021-04-28 18:04:26,Обращение в службу заботы о клиентах
46622,2021-03-12 19:29:25,Включение IPTV-пакета
46622,2021-03-12 19:29:28,Включение IPTV-пакета
46622,2021-03-12 19:29:31,Выключение IPTV-пакета
46622,2021-03-12 19:29:36,Включение IPTV-пакета
46622,2021-03-12 19:29:55,Изменение истории
46622,2021-03-12 19:30:33,Изменение истории
46622,2021-03-12 19:31:19,Изменение истории
46622,2021-03-12 19:31:37,Изменение истории
46622,2021-03-12 19:35:37,Обращение в службу заботы о клиентах
46622,2021-03-19 07:24:55,Смена схемы оплаты
46622,2021-03-19 07:26:11,Смена схемы оплаты
46622,2021-03-19 16:01:48,Смена схемы оплаты
46622,2021-03-19 16:02:12,Обращение в службу заботы о клиентах
38469,2021-03-01 22:06:58,Обращение в службу заботы о клиентах
38469,2021-03-10 14:22:18,Обращение в службу заботы о клиентах
38469,2021-03-25 11:49:47,Реестр договоров
38469,2021-04-06 19:17:05,Обращение в службу заботы о клиентах
38469,2021-04-13 16:41:06,Предложение тарифа
38469,2021-04-13 16:41:21,Обращение в службу заботы о клиентах
38469,2021-04-16 09:06:16,Обращение в службу заботы о клиентах
13714,2021-04-15 14:39:53,Смена пароля
13714,2021-04-15 14:40:04,Обращение в службу заботы о клиентах
10494,2021-04-09 23:26:45,Реестр договоров
46651,2021-03-16 11:14:58,Добавление в Обращались с номеров
46651,2021-03-16 11:19:27,Предложение IPTV
46651,2021-03-16 11:20:58,Обращение в службу заботы о клиентах
46668,2021-03-02 12:36:30,Активация точки подключения на сутки
46668,2021-03-02 12:43:30,Включение услуги Аренда ТВ-приставки
46668,2021-03-02 12:43:30,Включение IPTV-пакета
46668,2021-03-02 12:43:30,Оборудование
46668,2021-03-02 12:59:29,Состояние клиентского оборудования
46668,2021-03-05 17:14:09,Обращение в службу заботы о клиентах
46668,2021-03-19 14:04:23,Обращение в службу заботы о клиентах
46668,2021-04-07 22:36:38,Реестр договоров
28801,2021-03-30 10:44:29,Изменение контактных телефонов
28801,2021-04-01 16:48:06,Удаление из Обращались с номеров
46698,2021-03-02 23:21:21,Обращение в службу заботы о клиентах
46698,2021-04-05 00:14:04,Обращение в службу заботы о клиентах
46698,2021-04-07 11:34:26,Обращение в службу заботы о клиентах
46698,2021-04-08 20:55:35,Обращение в службу заботы о клиентах
46698,2021-04-09 11:50:57,Состояние клиентского оборудования
46698,2021-04-10 11:42:41,Удаление из Обращались с номеров
46698,2021-04-10 12:12:19,Состояние клиентского оборудования
46731,2021-03-09 16:45:13,Смена тарифа
46731,2021-03-09 16:45:27,Изменение истории
46731,2021-03-09 16:45:34,Включена 30% скидка
9954,2021-03-09 09:53:57,Обращение в службу заботы о клиентах
45184,2021-03-25 17:18:50,Обращение в службу заботы о клиентах
34838,2021-03-05 09:24:22,Обращение в службу заботы о клиентах
34838,2021-03-18 11:05:55,Обращение в службу заботы о клиентах
36314,2021-03-11 23:02:57,Обращение в службу заботы о клиентах
36314,2021-04-01 14:10:56,Внутреннее сообщение
30301,2021-03-02 22:24:56,Обращение в службу заботы о клиентах
30301,2021-04-03 15:08:16,Обращение в службу заботы о клиентах
30301,2021-04-03 15:33:55,Обращение в службу заботы о клиентах
30301,2021-04-21 11:21:06,Предложение ТВ
30301,2021-04-21 11:33:06,Обращение в службу заботы о клиентах
46778,2021-04-07 23:20:41,Обращение в службу заботы о клиентах
11590,2021-04-02 21:28:30,Изменение данных клиента
11590,2021-04-02 21:28:30,Возвращение клиента
11590,2021-04-02 21:29:20,Операция с mac-адресом
11590,2021-04-02 21:32:12,Смена тарифа
11590,2021-04-02 21:44:03,Операция с mac-адресом
11590,2021-04-27 21:08:04,Обращение в службу заботы о клиентах
46793,2021-04-07 22:20:39,Предложение тарифа
46793,2021-04-07 22:21:06,Обращение в службу заботы о клиентах
46793,2021-04-08 14:19:09,Обращение в службу заботы о клиентах
46793,2021-04-12 20:35:05,Включение услуги Аренда ТВ-приставки
46793,2021-04-12 20:35:05,Включение IPTV-пакета
46793,2021-04-12 20:35:05,Оборудование
46793,2021-04-12 20:35:42,Состояние клиентского оборудования
31040,2021-03-11 19:58:16,Обращение в службу заботы о клиентах
31040,2021-03-11 19:58:54,Смена пароля
10956,2021-03-11 11:55:55,Обращение в службу заботы о клиентах
10956,2021-03-11 12:54:15,Смена тарифа
10956,2021-03-11 12:54:30,Включена 30% скидка
10956,2021-03-11 12:54:39,Смена схемы оплаты
46857,2021-04-22 10:59:03,Обращение в службу заботы о клиентах
46857,2021-04-23 15:26:28,Смена пароля
46857,2021-04-23 15:26:49,Обращение в службу заботы о клиентах
46857,2021-04-23 15:47:36,Обращение в службу заботы о клиентах
46857,2021-04-23 15:48:28,Изменение данных клиента
46876,2021-03-29 19:35:35,Реестр договоров
46893,2021-03-11 09:34:40,Обращение в службу заботы о клиентах
46893,2021-03-11 10:39:55,Обращение в службу заботы о клиентах
28438,2021-03-09 15:01:06,Обращение в службу заботы о клиентах
28438,2021-04-06 07:34:03,Обращение в службу заботы о клиентах
46907,2021-03-04 23:37:46,Смена тарифа
46907,2021-04-14 20:10:27,Обращение в службу заботы о клиентах
46907,2021-04-14 22:45:49,Обращение в службу заботы о клиентах
46907,2021-04-16 19:25:46,Выключение IPTV-пакета
46907,2021-04-27 17:48:23,Смена пароля
31169,2021-04-20 10:36:05,Предложение ТВ-пакета
31169,2021-04-20 10:36:22,Обращение в службу заботы о клиентах
31169,2021-04-22 10:33:35,Обращение в службу заботы о клиентах
31169,2021-04-23 13:46:34,Обращение в службу заботы о клиентах
46914,2021-04-13 12:55:53,Реестр договоров
29432,2021-03-26 15:45:05,Реестр договоров
41882,2021-04-26 09:04:48,Обращение в службу заботы о клиентах
36230,2021-03-28 10:26:37,Удаление из Обращались с номеров
36230,2021-03-28 10:26:38,Изменение контактных телефонов
36230,2021-04-01 12:16:58,Обращение в службу заботы о клиентах
13275,2021-03-08 13:26:09,Предложение IPTV
13275,2021-03-08 18:03:36,Операция с mac-адресом
13275,2021-03-08 18:03:39,Возвращение клиента
13275,2021-03-08 18:05:44,Изменение данных клиента
13275,2021-03-08 18:06:29,Оборудование
13275,2021-03-08 18:06:46,Активация точки подключения на сутки
13275,2021-03-08 18:07:07,Активация точки подключения на сутки
33692,2021-04-02 22:19:17,Предложение ТВ
33692,2021-04-02 22:22:13,Обращение в службу заботы о клиентах
33692,2021-04-03 09:07:53,Обращение в службу заботы о клиентах
33692,2021-04-08 21:51:19,Добавление в Обращались с номеров
33692,2021-04-08 21:53:18,Смена пароля
33692,2021-04-08 21:53:46,Обращение в службу заботы о клиентах
46980,2021-04-16 15:18:20,Обращение в службу заботы о клиентах
38730,2021-03-30 17:19:21,Реестр договоров
38730,2021-04-08 14:55:08,Отключение услуги Аренда ТВ-приставки
38730,2021-04-08 14:55:17,Оборудование
38730,2021-04-08 14:55:30,Обращение в службу заботы о клиентах
12286,2021-04-14 22:49:08,Обращение в службу заботы о клиентах
12286,2021-04-14 22:55:53,Смена пароля
12286,2021-04-14 22:59:46,Предложение ТВ
12286,2021-04-14 23:00:06,Смена пароля
47044,2021-04-01 16:57:48,Обращение в службу заботы о клиентах
47044,2021-04-02 18:52:32,Смена тарифа
47044,2021-04-09 10:23:56,Обращение в службу заботы о клиентах
47044,2021-04-12 16:17:58,Обращение в службу заботы о клиентах
47044,2021-04-12 16:18:33,Предложение ТВ-пакета
47044,2021-04-16 08:29:04,Перенос денежных средств
47044,2021-04-16 08:42:09,Отключение услуги Автоплатёж
47044,2021-04-16 08:50:31,Обращение в службу заботы о клиентах
47058,2021-04-01 23:48:04,Реестр договоров
47080,2021-03-21 17:39:20,Обращение в службу заботы о клиентах
47080,2021-03-21 17:44:55,Обращение в службу заботы о клиентах
47080,2021-04-19 08:57:54,Обращение в службу заботы о клиентах
47105,2021-04-12 20:26:55,Обращение в службу заботы о клиентах
30236,2021-03-09 15:46:02,Обращение в службу заботы о клиентах
30236,2021-03-22 20:00:29,Операция с mac-адресом
30236,2021-03-22 20:11:19,Смена тарифа
30236,2021-03-22 22:19:56,Состояние клиентского оборудования
30236,2021-03-23 07:51:43,Обращение в службу заботы о клиентах
12264,2021-03-09 22:05:33,Обращение в службу заботы о клиентах
47122,2021-04-14 19:21:55,Предложение тарифа
47122,2021-04-14 19:22:28,Обращение в службу заботы о клиентах
47122,2021-04-15 11:35:20,Состояние клиентского оборудования
47140,2021-03-08 21:38:58,Внутреннее сообщение
47140,2021-03-08 21:40:01,Обращение в службу заботы о клиентах
47140,2021-03-14 15:43:16,Изменение данных клиента
47140,2021-03-14 15:43:18,Смена IP-адреса
47140,2021-03-14 15:43:37,Смена пароля
47140,2021-03-14 15:44:11,Операция с mac-адресом
10487,2021-03-24 23:22:29,Активация гарантированного платежа
10487,2021-03-24 23:27:32,Предложение ТВ
10487,2021-03-24 23:29:28,Обращение в службу заботы о клиентах
12353,2021-04-12 09:48:48,Добавление в Обращались с номеров
12353,2021-04-13 12:00:34,Предложение ТВ
14179,2021-03-01 15:15:22,Обращение в службу заботы о клиентах
14179,2021-03-05 12:56:26,Обращение в службу заботы о клиентах
14179,2021-04-13 12:43:53,Реестр договоров
14655,2021-03-29 21:52:51,Смена тарифа
14655,2021-03-29 21:53:45,Изменение данных клиента
14655,2021-03-29 21:53:48,Смена IP-адреса
14655,2021-03-29 21:54:26,Операция с mac-адресом
14655,2021-03-29 21:56:21,Изменение данных клиента
14655,2021-03-29 21:56:59,Изменение данных клиента
14655,2021-03-29 22:05:57,Оборудование
14655,2021-03-29 22:16:58,Активация точки подключения на сутки
14655,2021-03-29 22:19:48,Перенос денежных средств
14655,2021-03-30 12:51:58,Включение IPTV-пакета
14655,2021-03-30 12:53:16,Обращение в службу заботы о клиентах
14655,2021-04-07 19:47:49,Оборудование
14655,2021-04-07 19:48:11,Оборудование
14655,2021-04-07 19:52:18,Состояние клиентского оборудования
9208,2021-03-10 16:40:46,Обращение в службу заботы о клиентах
9208,2021-03-13 15:03:36,Состояние клиентского оборудования
47226,2021-04-29 10:50:26,Обращение в службу заботы о клиентах
47226,2021-04-29 10:52:16,Обращение в службу заботы о клиентах
47230,2021-04-07 12:36:55,Изменение данных клиента
47230,2021-04-07 12:36:57,Смена IP-адреса
47230,2021-04-07 12:37:12,Смена пароля
47230,2021-04-07 12:44:15,Смена тарифа
47230,2021-04-07 12:44:30,Смена тарифа
47233,2021-03-10 21:53:09,Активация ГП с IVR
47233,2021-03-21 22:03:28,Активация ГП с IVR
47233,2021-04-01 22:11:48,Обращение в службу заботы о клиентах
47233,2021-04-01 22:11:57,Активация гарантированного платежа
47233,2021-04-10 07:33:20,Активация гарантированного платежа
47233,2021-04-10 07:33:32,Предложение ТВ-пакета
47233,2021-04-10 07:33:48,Обращение в службу заботы о клиентах
47233,2021-04-16 09:12:34,Активация гарантированного платежа
47233,2021-04-16 09:12:46,Обращение в службу заботы о клиентах
47233,2021-04-21 09:49:32,Активация гарантированного платежа
47240,2021-03-29 13:01:09,Обращение в службу заботы о клиентах
28284,2021-03-27 22:13:44,Обращение в службу заботы о клиентах
47268,2021-03-15 19:31:03,Обращение в службу заботы о клиентах
47268,2021-03-15 19:38:54,Обращение в службу заботы о клиентах
47268,2021-03-17 18:38:22,Состояние клиентского оборудования
47268,2021-03-24 09:42:46,Предложение ТВ
33973,2021-03-17 13:24:42,Обращение в службу заботы о клиентах
47285,2021-04-16 09:04:38,Обращение в службу заботы о клиентах
47285,2021-04-16 09:04:43,Предложение ТВ-пакета
47308,2021-04-03 09:13:47,Добавление в Обращались с номеров
47308,2021-04-03 18:24:40,Изменение контактных телефонов
47308,2021-04-04 06:29:51,Добавление в Обращались с номеров
47308,2021-04-04 06:34:01,Обращение в службу заботы о клиентах
47308,2021-04-04 10:44:03,Обращение в службу заботы о клиентах
47308,2021-04-04 11:37:38,Состояние клиентского оборудования
8396,2021-03-09 15:53:29,Обращение в службу заботы о клиентах
37853,2021-03-02 09:13:29,Включение интернета на 20 минут
37853,2021-03-02 09:17:20,Обращение в службу заботы о клиентах
37853,2021-03-11 10:06:40,Обращение в службу заботы о клиентах
37853,2021-03-11 10:07:08,Включение интернета на 20 минут
37853,2021-03-11 10:07:43,Предложение автоплатежа
37853,2021-03-20 09:02:27,Обращение в службу заботы о клиентах
37853,2021-04-20 08:32:18,Обращение в службу заботы о клиентах
37853,2021-04-20 08:35:07,Включение интернета на 20 минут
37853,2021-04-20 08:39:43,Предложение тарифа
47341,2021-04-20 15:42:41,Обращение в службу заботы о клиентах
47348,2021-03-18 08:44:27,Обращение в службу заботы о клиентах
47348,2021-03-19 17:43:56,Отключение услуги Аренда ТВ-приставки
47348,2021-03-19 17:43:59,Оборудование
47348,2021-03-19 17:44:17,Обращение в службу заботы о клиентах
47348,2021-04-12 22:43:25,Реестр договоров
47360,2021-03-30 17:54:24,Добавление в Обращались с номеров
47360,2021-03-30 17:56:29,Обращение в службу заботы о клиентах
47360,2021-03-30 17:57:36,Предложение ТВ
47371,2021-03-01 20:58:51,Обращение в службу заботы о клиентах
35290,2021-03-26 18:44:50,Предложение ТВ
35290,2021-03-26 18:45:56,Обращение в службу заботы о клиентах
35290,2021-03-29 19:34:48,Предложение тарифа
28019,2021-03-09 12:37:17,Предложение IPTV
28019,2021-03-09 12:37:30,Обращение в службу заботы о клиентах
28019,2021-03-25 21:29:31,Обращение в службу заботы о клиентах
28019,2021-03-25 21:29:58,Изменение контактных телефонов
28019,2021-03-25 21:30:52,Предложение тарифа
28019,2021-03-27 18:05:16,Обращение в службу заботы о клиентах
28019,2021-03-27 18:06:31,Смена тарифа
28019,2021-04-26 00:18:29,Обращение в службу заботы о клиентах
47407,2021-04-13 10:47:59,Предложение ТВ
47407,2021-04-13 10:48:07,Обращение в службу заботы о клиентах
47414,2021-03-27 16:57:56,Внутреннее сообщение
47414,2021-04-01 19:17:34,Обращение в службу заботы о клиентах
47414,2021-04-03 13:35:50,Изменение данных клиента
47414,2021-04-03 13:35:52,Смена IP-адреса
47414,2021-04-03 13:36:45,Смена тарифа
47414,2021-04-03 13:45:28,Смена пароля
47414,2021-04-03 13:46:40,Смена пароля
40228,2021-03-20 14:13:13,Обращение в службу заботы о клиентах
40228,2021-03-20 16:35:09,Состояние клиентского оборудования
40228,2021-04-03 19:33:34,Обращение в службу заботы о клиентах
40228,2021-04-10 11:17:26,Обращение в службу заботы о клиентах
40228,2021-04-10 11:17:37,Предложение ТВ
31544,2021-03-17 12:17:12,Обращение в службу заботы о клиентах
31544,2021-04-05 19:22:54,Обращение в службу заботы о клиентах
31544,2021-04-06 16:43:02,Обращение в службу заботы о клиентах
47439,2021-03-03 18:51:44,Обращение в службу заботы о клиентах
47439,2021-03-03 18:51:47,Предложение ТВ-пакета
13482,2021-04-16 13:12:19,Предложение тарифа
13482,2021-04-16 13:12:59,Обращение в службу заботы о клиентах
13775,2021-03-18 10:18:06,Изменение контактных телефонов
28188,2021-03-19 18:33:10,Обращение в службу заботы о клиентах
28188,2021-03-21 17:59:49,Выключение IPTV-пакета
28188,2021-04-02 22:53:58,Предложение ТВ-пакета
28188,2021-04-02 22:55:06,Обращение в службу заботы о клиентах
28188,2021-04-18 19:52:58,Обращение в службу заботы о клиентах
47485,2021-04-16 18:59:31,Изменение данных клиента
47498,2021-04-02 10:43:53,Предложение ТВ
47498,2021-04-02 10:44:32,Предложение тарифа
47498,2021-04-02 10:44:37,Обращение в службу заботы о клиентах
47498,2021-04-02 11:13:19,Обращение в службу заботы о клиентах
47498,2021-04-02 13:52:44,Включение услуги Аренда ТВ-приставки
47498,2021-04-02 13:52:44,Включение IPTV-пакета
47498,2021-04-02 13:52:44,Оборудование
47498,2021-04-02 13:54:01,Включение услуги Аренда ТВ-приставки
47498,2021-04-02 13:54:01,Оборудование
47498,2021-04-02 13:55:07,Смена тарифа
47498,2021-04-02 14:23:12,Изменение данных клиента
47498,2021-04-02 14:54:31,Состояние клиентского оборудования
47498,2021-04-14 08:58:01,Обращение в службу заботы о клиентах
47498,2021-04-27 13:14:37,Включена 10% скидка
47498,2021-04-27 13:16:16,Выключение IPTV-пакета
47498,2021-04-27 13:16:16,Включение IPTV-пакета
47498,2021-04-27 13:17:30,Смена схемы оплаты
47498,2021-04-27 13:19:17,Обращение в службу заботы о клиентах
47498,2021-04-27 13:36:19,Обращение в службу заботы о клиентах
47498,2021-04-27 13:37:18,Обращение в службу заботы о клиентах
47508,2021-03-23 09:25:25,Внутреннее сообщение
10940,2021-04-22 08:06:56,Предложение тарифа
10940,2021-04-22 08:07:12,Обращение в службу заботы о клиентах
8917,2021-04-18 12:46:41,Обращение в службу заботы о клиентах
8917,2021-04-20 18:33:07,Предложение тарифа
11174,2021-03-10 13:45:32,Обращение в службу заботы о клиентах
11174,2021-03-10 13:47:10,Смена пароля
11174,2021-03-10 20:16:30,Смена пароля
11174,2021-03-10 20:18:20,Обращение в службу заботы о клиентах
11174,2021-03-16 09:58:41,Обращение в службу заботы о клиентах
11174,2021-03-18 17:56:44,Смена пароля
11174,2021-03-19 20:23:32,Смена пароля
11174,2021-03-19 20:23:53,Обращение в службу заботы о клиентах
11174,2021-03-19 20:28:54,Смена пароля
29122,2021-03-16 12:00:33,Состояние клиентского оборудования
29122,2021-03-25 09:49:45,Включение интернета на 20 минут
29122,2021-03-25 09:50:20,Предложение ТВ-пакета
29122,2021-03-25 09:50:31,Обращение в службу заботы о клиентах
29122,2021-03-25 10:47:33,Обращение в службу заботы о клиентах
29122,2021-03-25 11:01:24,Обращение в службу заботы о клиентах
29122,2021-03-25 11:12:24,Включение IPTV-пакета
29122,2021-03-25 11:17:29,Обращение в службу заботы о клиентах
29122,2021-03-26 01:45:54,Обращение в службу заботы о клиентах
29122,2021-03-28 09:07:53,Обращение в службу заботы о клиентах
29122,2021-03-28 09:07:57,Удаление из Обращались с номеров
29122,2021-03-28 09:07:58,Удаление из Обращались с номеров
29122,2021-03-28 09:07:58,Изменение контактных телефонов
29122,2021-03-31 23:49:27,Обращение в службу заботы о клиентах
29122,2021-04-05 14:25:14,Операция с mac-адресом
29122,2021-04-05 14:26:56,Оборудование
29122,2021-04-05 15:13:24,Состояние клиентского оборудования
29122,2021-04-06 19:23:41,Обращение в службу заботы о клиентах
29122,2021-04-07 05:20:59,Обращение в службу заботы о клиентах
29122,2021-04-07 06:22:20,Обращение в службу заботы о клиентах
29122,2021-04-07 07:50:51,Внесение
29122,2021-04-07 08:04:52,Обращение в службу заботы о клиентах
29122,2021-04-07 09:20:01,Тайный покупатель
29122,2021-04-07 09:36:25,Изменение истории
29122,2021-04-09 07:01:03,Обращение в службу заботы о клиентах
29122,2021-04-09 11:09:46,Включение интернета на 20 минут
29122,2021-04-09 11:10:04,Обращение в службу заботы о клиентах
29122,2021-04-10 18:27:19,Смена тарифа
29122,2021-04-10 18:27:32,Обращение в службу заботы о клиентах
29122,2021-04-12 19:58:34,Обращение в службу заботы о клиентах
29122,2021-04-13 18:28:44,Состояние клиентского оборудования
29122,2021-04-23 18:20:44,Обращение в службу заботы о клиентах
29122,2021-04-25 21:11:13,Обращение в службу заботы о клиентах
34192,2021-04-21 18:52:22,Смена пароля
34192,2021-04-21 18:54:31,Обращение в службу заботы о клиентах
11920,2021-03-11 18:15:43,Внутреннее сообщение
47546,2021-03-30 18:45:58,Смена IP-адреса
47546,2021-03-30 18:50:26,Без границ бесплатно. Отключение
47546,2021-03-30 18:50:26,Смена тарифа
47546,2021-03-30 18:51:10,Изменение истории
11130,2021-03-13 11:50:27,Предложение IPTV
11130,2021-03-13 11:51:39,Обращение в службу заботы о клиентах
11130,2021-03-13 19:36:08,Состояние клиентского оборудования
47582,2021-04-29 19:57:08,Активация точки подключения на сутки
47582,2021-04-29 20:53:09,Состояние клиентского оборудования
11170,2021-03-29 18:47:48,Обращение в службу заботы о клиентах
33861,2021-04-07 21:14:56,Обращение в службу заботы о клиентах
46880,2021-04-25 18:34:14,Обращение в службу заботы о клиентах
46880,2021-04-25 18:39:19,Смена тарифа
46880,2021-04-25 18:39:30,Предложение тарифа
13751,2021-03-09 20:33:42,Обращение в службу заботы о клиентах
40198,2021-03-04 17:14:17,Смена пароля
40198,2021-04-06 23:50:09,Обращение в службу заботы о клиентах
40198,2021-04-07 14:37:09,Обращение в службу заботы о клиентах
47653,2021-03-22 08:37:52,Обращение в службу заботы о клиентах
47653,2021-04-24 19:20:23,Предложение автоплатежа
47653,2021-04-24 19:20:57,Обращение в службу заботы о клиентах
47658,2021-04-25 11:50:11,Обращение в службу заботы о клиентах
47658,2021-04-25 11:52:56,Обращение в службу заботы о клиентах
47662,2021-04-08 11:12:39,Обращение в службу заботы о клиентах
47662,2021-04-08 11:13:11,Предложение ТВ
47662,2021-04-14 11:38:48,Включена 20% скидка
47662,2021-04-14 11:38:49,Смена тарифа
47662,2021-04-14 11:39:04,Изменение истории
47662,2021-04-14 11:39:19,Без границ бесплатно. Включение
47672,2021-03-24 15:39:50,Добавление в Обращались с номеров
47672,2021-03-24 15:40:09,Обращение в службу заботы о клиентах
47672,2021-04-23 10:58:09,Отключение услуги Автоплатёж
47672,2021-04-23 10:59:28,Обращение в службу заботы о клиентах
47675,2021-03-18 15:19:40,Предложение IPTV
13541,2021-03-04 11:54:17,Обращение в службу заботы о клиентах
13541,2021-03-10 12:19:28,Изменение контактных телефонов
9779,2021-03-31 16:44:34,Смена тарифа
9779,2021-04-05 18:41:26,Операция с mac-адресом
9779,2021-04-05 18:50:25,Состояние клиентского оборудования
47759,2021-03-05 19:29:32,Обращение в службу заботы о клиентах
47759,2021-03-05 19:30:06,Отключение услуги Аренда ТВ-приставки
28422,2021-04-04 10:06:53,Активация гарантированного платежа
28422,2021-04-04 10:07:13,Предложение ТВ
28422,2021-04-04 10:07:24,Обращение в службу заботы о клиентах
28422,2021-04-07 10:19:13,Предложение автоплатежа
28422,2021-04-07 10:19:29,Обращение в службу заботы о клиентах
47764,2021-04-27 21:44:03,Обращение в службу заботы о клиентах
47016,2021-04-13 14:35:54,Обращение в службу заботы о клиентах
47016,2021-04-13 14:36:56,Предложение ТВ
8994,2021-04-10 12:29:37,Обращение в службу заботы о клиентах
8189,2021-03-26 18:27:10,Обращение в службу заботы о клиентах
8189,2021-03-26 18:34:08,Обращение в службу заботы о клиентах
8189,2021-04-01 14:28:43,Обращение в службу заботы о клиентах
8189,2021-04-01 17:19:00,Обращение в службу заботы о клиентах
8189,2021-04-01 18:03:35,Оборудование
8189,2021-04-01 18:03:41,Обращение в службу заботы о клиентах
8189,2021-04-10 20:51:58,Обращение в службу заботы о клиентах
8189,2021-04-10 21:01:45,Обращение в службу заботы о клиентах
8189,2021-04-11 17:16:41,Состояние клиентского оборудования
14562,2021-04-25 12:51:23,Смена пароля
14562,2021-04-25 12:52:49,Предложение ТВ
14562,2021-04-25 12:55:33,Обращение в службу заботы о клиентах
12124,2021-03-20 16:43:34,Обращение в службу заботы о клиентах
12124,2021-04-03 13:01:15,Смена тарифа
12124,2021-04-03 13:01:30,Предложение тарифа
47772,2021-04-10 13:09:44,Оборудование
47772,2021-04-10 13:09:58,Активация точки подключения на сутки
47772,2021-04-10 13:19:46,Смена пароля
47772,2021-04-10 13:22:03,Изменение данных клиента
47772,2021-04-10 13:22:30,Активация точки подключения на сутки
47772,2021-04-10 13:23:18,Смена тарифа
47772,2021-04-10 13:26:04,Включение услуги Аренда ТВ-приставки
47772,2021-04-10 13:26:04,Включение IPTV-пакета
47772,2021-04-10 13:26:04,Оборудование
47772,2021-04-10 13:31:45,Состояние клиентского оборудования
10152,2021-04-05 20:44:01,Добавление в Обращались с номеров
10152,2021-04-05 20:44:41,Изменение контактных телефонов
10152,2021-04-05 20:54:16,Обращение в службу заботы о клиентах
10152,2021-04-05 21:04:52,Изменение контактных телефонов
10152,2021-04-05 21:05:07,Предложение ТВ-пакета
10834,2021-03-04 19:07:23,Предложение IPTV
10834,2021-03-04 19:07:56,Обращение в службу заботы о клиентах
28171,2021-03-13 19:19:10,Обращение в службу заботы о клиентах
47852,2021-03-31 17:38:19,Обращение в службу заботы о клиентах
47852,2021-04-05 20:31:28,Обращение в службу заботы о клиентах
47852,2021-04-05 20:34:18,Предложение ТВ-пакета
47866,2021-04-12 16:07:27,Обращение в службу заботы о клиентах
47866,2021-04-13 21:55:58,Предложение тарифа
47866,2021-04-13 21:56:02,Предложение тарифа
38872,2021-03-03 12:15:34,Обращение в службу заботы о клиентах
28261,2021-04-29 15:36:02,Добавление в Обращались с номеров
28261,2021-04-29 15:39:17,Обращение в службу заботы о клиентах
28261,2021-04-29 15:45:31,Обращение в службу заботы о клиентах
38548,2021-04-18 13:22:46,Обращение в службу заботы о клиентах
38548,2021-04-18 17:15:25,Обращение в службу заботы о клиентах
38548,2021-04-18 17:45:29,Обращение в службу заботы о клиентах
47190,2021-03-01 13:07:12,Обращение в службу заботы о клиентах
47190,2021-03-01 17:41:58,Отключение услуги Аренда ТВ-приставки
47190,2021-03-01 17:42:01,Оборудование
47190,2021-03-01 17:42:15,Обращение в службу заботы о клиентах
47190,2021-03-04 13:38:51,Обращение в службу заботы о клиентах
47190,2021-03-12 22:22:23,Обращение в службу заботы о клиентах
7897,2021-03-05 13:30:10,Обращение в службу заботы о клиентах
7897,2021-03-22 21:18:20,Обращение в службу заботы о клиентах
12062,2021-03-14 12:59:56,Обращение в службу заботы о клиентах
47908,2021-03-17 07:53:20,Активация ГП с IVR
47908,2021-04-01 21:46:39,Обращение в службу заботы о клиентах
47908,2021-04-10 18:38:54,Включение IPTV-пакета
47908,2021-04-10 18:42:51,Предложение ТВ-пакета
47908,2021-04-10 18:43:16,Обращение в службу заботы о клиентах
47908,2021-04-10 18:54:45,Обращение в службу заботы о клиентах
47908,2021-04-14 23:20:58,Обращение в службу заботы о клиентах
47908,2021-04-16 02:08:05,Добавление в Обращались с номеров
47908,2021-04-16 02:08:41,Обращение в службу заботы о клиентах
47908,2021-04-16 22:40:01,Обращение в службу заботы о клиентах
47908,2021-04-17 01:52:44,Включение IPTV-пакета
47908,2021-04-17 01:56:52,Обращение в службу заботы о клиентах
47908,2021-04-17 02:48:34,Обращение в службу заботы о клиентах
47908,2021-04-21 15:06:49,Выключение IPTV-пакета
47908,2021-04-21 21:37:45,Обращение в службу заботы о клиентах
47908,2021-04-24 00:09:46,Обращение в службу заботы о клиентах
47908,2021-04-29 21:50:23,Изменение контактных телефонов
47908,2021-04-29 21:51:06,Удаление телефона из записи
47908,2021-04-29 21:51:31,Обращение в службу заботы о клиентах
40805,2021-03-03 15:06:52,Активация гарантированного платежа
40805,2021-03-03 15:07:00,Обращение в службу заботы о клиентах
40805,2021-03-25 09:06:55,Активация гарантированного платежа
40805,2021-03-25 09:07:00,Обращение в службу заботы о клиентах
40805,2021-03-26 21:20:54,Обращение в службу заботы о клиентах
40805,2021-03-26 21:22:27,Обращение в службу заботы о клиентах
40805,2021-03-28 10:02:32,Обращение в службу заботы о клиентах
40805,2021-03-31 19:10:28,Активация гарантированного платежа
40805,2021-03-31 19:10:36,Обращение в службу заботы о клиентах
40805,2021-04-17 20:05:27,Активация гарантированного платежа
40805,2021-04-17 20:05:29,Обращение в службу заботы о клиентах
47925,2021-04-07 13:25:07,Смена схемы оплаты
47925,2021-04-07 13:25:34,Изменение истории
47925,2021-04-07 13:25:39,Изменение истории
47925,2021-04-07 13:25:44,Изменение истории
47925,2021-04-07 13:26:51,Предложение ТВ-пакета
47925,2021-04-07 13:27:04,Обращение в службу заботы о клиентах
8428,2021-04-18 13:06:39,Обращение в службу заботы о клиентах
47983,2021-04-19 23:35:11,Активация ГП с IVR
47985,2021-04-27 12:07:55,Внутреннее сообщение
48026,2021-04-11 22:02:50,Обращение в службу заботы о клиентах
48053,2021-03-11 14:32:45,Смена тарифа
12066,2021-04-09 12:15:20,Включена 20% скидка
12066,2021-04-09 12:15:20,Смена тарифа
12066,2021-04-09 12:15:37,Изменение истории
48061,2021-03-28 13:07:15,Обращение в службу заботы о клиентах
48061,2021-03-28 13:07:18,Предложение ТВ
8191,2021-04-06 16:32:59,Предложение ТВ
8191,2021-04-06 16:33:17,Изменение контактных телефонов
8191,2021-04-06 16:34:20,Обращение в службу заботы о клиентах
30964,2021-03-25 16:01:25,Смена тарифа
48110,2021-03-11 14:41:35,Изменение контактных телефонов
48110,2021-03-11 14:42:07,Внутреннее сообщение
48117,2021-03-17 14:34:07,Обращение в службу заботы о клиентах
48134,2021-03-30 17:32:26,Реестр договоров
48134,2021-04-08 20:54:56,Обращение в службу заботы о клиентах
48134,2021-04-08 20:59:16,Обращение в службу заботы о клиентах
48134,2021-04-09 21:08:57,Состояние клиентского оборудования
48135,2021-04-06 23:06:50,Реестр договоров
12674,2021-04-14 20:50:07,Смена пароля
12674,2021-04-14 20:51:34,Предложение ТВ
12674,2021-04-14 20:51:45,Обращение в службу заботы о клиентах
12674,2021-04-25 18:26:50,Обращение в службу заботы о клиентах
9046,2021-03-04 07:23:03,Обращение в службу заботы о клиентах
9046,2021-03-04 07:28:07,Обращение в службу заботы о клиентах
9046,2021-03-04 13:51:22,Состояние клиентского оборудования
9046,2021-03-18 11:51:49,Смена IP-адреса
9046,2021-03-18 13:15:13,Обращение в службу заботы о клиентах
9046,2021-04-06 19:10:02,Обращение в службу заботы о клиентах
48225,2021-04-10 09:18:19,Предложение тарифа
48225,2021-04-10 09:18:31,Обращение в службу заботы о клиентах
47564,2021-03-22 11:11:17,Обращение в службу заботы о клиентах
36746,2021-03-21 22:50:27,Смена схемы оплаты
36746,2021-03-21 22:51:16,Обращение в службу заботы о клиентах
36746,2021-04-22 07:24:59,Смена схемы оплаты
36746,2021-04-22 07:31:43,Предложение тарифа
36746,2021-04-22 07:34:15,Обращение в службу заботы о клиентах
36746,2021-04-26 14:57:29,Удаление телефона из записи
36746,2021-04-26 14:57:43,Удаление из Обращались с номеров
36746,2021-04-26 14:58:37,Удаление из Обращались с номеров
48265,2021-03-08 09:12:04,Обращение в службу заботы о клиентах
48265,2021-03-08 16:43:34,Состояние клиентского оборудования
9138,2021-03-12 14:36:22,Отключение услуги Аренда ТВ-приставки
9138,2021-03-12 14:36:27,Обращение в службу заботы о клиентах
9138,2021-03-12 14:36:54,Оборудование
34286,2021-04-28 17:04:57,Предложение ТВ-пакета
34286,2021-04-28 17:05:02,Обращение в службу заботы о клиентах
33303,2021-04-23 20:49:52,Обращение в службу заботы о клиентах
33303,2021-04-24 07:01:57,Обращение в службу заботы о клиентах
33303,2021-04-24 07:04:32,Предложение тарифа
33303,2021-04-24 07:05:16,Обращение в службу заботы о клиентах
48383,2021-03-17 20:18:20,Смена тарифа
48383,2021-03-17 20:18:34,Предложение IPTV
48383,2021-03-17 20:18:51,Обращение в службу заботы о клиентах
48383,2021-03-17 20:19:02,Предложение IPTV
7916,2021-03-25 14:53:19,Удаление из Обращались с номеров
7916,2021-03-26 16:39:00,Включена 10% скидка
7916,2021-03-26 16:39:21,Смена тарифа
7916,2021-03-26 16:39:36,Изменение истории
8819,2021-04-13 22:54:37,Реестр договоров
14421,2021-03-31 19:20:20,Состояние клиентского оборудования
14421,2021-04-07 10:23:59,Смена тарифа
48448,2021-04-20 15:04:39,Добавление в Обращались с номеров
48448,2021-04-20 15:04:53,Обращение в службу заботы о клиентах
48448,2021-04-22 15:24:51,Предложение ТВ
48448,2021-04-22 22:04:29,Состояние клиентского оборудования
48469,2021-04-14 11:11:03,Закрепление сообщения
48469,2021-04-14 11:11:58,Реестр договоров
48469,2021-04-14 11:12:06,Реестр договоров
12644,2021-03-22 19:28:51,Обращение в службу заботы о клиентах
12644,2021-03-23 12:25:33,Обращение в службу заботы о клиентах
12644,2021-03-23 12:29:52,Обращение в службу заботы о клиентах
12644,2021-03-23 12:33:59,Смена пароля
12644,2021-03-23 12:34:44,Обращение в службу заботы о клиентах
12644,2021-03-23 12:36:26,Обращение в службу заботы о клиентах
47067,2021-03-16 13:56:25,Включена 10% скидка
48509,2021-04-14 15:18:34,Отключение скидки 20%
48509,2021-04-14 15:18:34,Включена 30% скидка
48509,2021-04-14 15:18:35,Смена тарифа
48513,2021-04-15 16:37:21,Перенос денежных средств
48530,2021-03-31 19:23:59,Предложение тарифа
48530,2021-03-31 19:26:09,Обращение в службу заботы о клиентах
48530,2021-04-02 21:05:42,Внутреннее сообщение
48530,2021-04-13 19:44:05,Предложение ТВ-пакета
48530,2021-04-13 19:44:33,Обращение в службу заботы о клиентах
48530,2021-04-13 19:47:17,Обращение в службу заботы о клиентах
48530,2021-04-19 11:07:08,Обращение в службу заботы о клиентах
48530,2021-04-19 11:07:13,Отключение услуги Аренда ТВ-приставки
48530,2021-04-19 11:07:16,Оборудование
48530,2021-04-19 11:07:40,Включение услуги Аренда ТВ-приставки
48530,2021-04-19 11:07:40,Оборудование
48530,2021-04-19 11:07:57,Изменение истории
48530,2021-04-19 11:08:03,Включение старых условий аренды
35539,2021-04-05 18:14:24,Добавление в Обращались с номеров
35539,2021-04-05 18:18:40,Обращение в службу заботы о клиентах
47906,2021-04-22 19:06:32,Предложение тарифа
47906,2021-04-22 19:06:38,Обращение в службу заботы о клиентах
48606,2021-04-28 21:14:48,Закрепление сообщения
48606,2021-04-28 21:14:59,Внутреннее сообщение
48618,2021-03-02 22:07:18,Обращение в службу заботы о клиентах
48618,2021-03-29 14:53:09,Смена пароля
48618,2021-03-29 14:59:03,Обращение в службу заботы о клиентах
48618,2021-03-29 14:59:45,Предложение ТВ
48638,2021-03-24 15:25:17,Активация гарантированного платежа
48638,2021-03-24 15:25:47,Предложение тарифа
48638,2021-03-24 15:25:53,Обращение в службу заботы о клиентах
48638,2021-03-24 15:29:35,Обращение в службу заботы о клиентах
48638,2021-03-24 15:34:44,Обращение в службу заботы о клиентах
48638,2021-04-27 15:33:26,Предложение ТВ-пакета
48638,2021-04-27 15:33:29,Обращение в службу заботы о клиентах
39785,2021-03-12 19:40:53,Обращение в службу заботы о клиентах
39785,2021-03-12 20:01:39,Добавление в Обращались с номеров
39785,2021-03-12 20:01:46,Обращение в службу заботы о клиентах
39785,2021-03-12 20:01:58,Смена пароля
48672,2021-04-01 10:43:57,Предложение ТВ
48672,2021-04-01 10:47:32,Обращение в службу заботы о клиентах
48672,2021-04-02 11:56:03,Включение услуги Аренда ТВ-приставки
48672,2021-04-02 11:56:04,Включение IPTV-пакета
48672,2021-04-02 11:56:04,Оборудование
48672,2021-04-02 12:02:05,Состояние клиентского оборудования
48679,2021-04-05 20:11:15,Добавление в Обращались с номеров
48679,2021-04-05 20:15:45,Предложение ТВ
48679,2021-04-05 20:16:33,Обращение в службу заботы о клиентах
48679,2021-04-16 18:59:00,Добавление в Обращались с номеров
48679,2021-04-16 19:00:34,Активация гарантированного платежа
48679,2021-04-16 19:01:30,Предложение тарифа
48679,2021-04-16 19:01:38,Обращение в службу заботы о клиентах
48691,2021-04-07 13:39:44,Обращение в службу заботы о клиентах
48691,2021-04-08 15:48:33,Обращение в службу заботы о клиентах
48691,2021-04-08 16:57:33,Смена тарифа
48691,2021-04-08 17:01:10,Внутреннее сообщение
48691,2021-04-09 11:26:45,Смена пароля
48691,2021-04-09 11:27:08,Обращение в службу заботы о клиентах
48691,2021-04-13 11:10:24,Изменение контактных телефонов
48691,2021-04-13 11:11:59,Закрепление сообщения
48691,2021-04-20 15:01:26,Обращение в службу заботы о клиентах
48691,2021-04-25 16:20:03,Предложение ТВ
48703,2021-04-22 13:15:19,Состояние клиентского оборудования
48722,2021-03-30 19:28:33,Обращение в службу заботы о клиентах
48819,2021-04-03 09:41:49,Обращение в службу заботы о клиентах
48819,2021-04-03 09:43:12,Обращение в службу заботы о клиентах
48819,2021-04-05 15:01:45,Уведомления: отключение
48819,2021-04-05 15:02:42,Уведомления: подключение
48819,2021-04-05 15:03:34,Уведомления: подтверждение
48843,2021-03-25 16:12:03,Реестр договоров
40963,2021-03-17 12:10:16,Предложение IPTV
40963,2021-03-17 12:13:47,Обращение в службу заботы о клиентах
48522,2021-03-24 17:33:16,Обращение в службу заботы о клиентах
48522,2021-03-24 17:38:38,Закрепление сообщения
31147,2021-03-24 21:04:50,Реестр договоров
31147,2021-03-24 21:04:59,Реестр договоров
12681,2021-04-03 19:57:55,Обращение в службу заботы о клиентах
48857,2021-04-04 12:47:55,Обращение в службу заботы о клиентах
48857,2021-04-04 12:54:11,Обращение в службу заботы о клиентах
48857,2021-04-04 13:04:20,Обращение в службу заботы о клиентах
47660,2021-04-19 05:45:29,Обращение в службу заботы о клиентах
48889,2021-03-12 10:34:47,Обращение в службу заботы о клиентах
48889,2021-04-10 15:45:06,Обращение в службу заботы о клиентах
48906,2021-03-15 17:40:07,Обращение в службу заботы о клиентах
48906,2021-03-26 11:02:21,Реестр договоров
48911,2021-04-07 15:30:48,Включена 30% скидка
48911,2021-04-07 15:30:48,Смена тарифа
48911,2021-04-07 15:31:02,Изменение истории
48917,2021-03-08 14:10:54,Включение интернета на 20 минут
48917,2021-03-08 14:13:25,Предложение IPTV
48917,2021-03-13 09:07:34,Включение интернета на 20 минут
48917,2021-03-13 09:07:50,Обращение в службу заботы о клиентах
48917,2021-03-27 16:56:52,Включение интернета на 20 минут
48917,2021-03-27 16:57:07,Обращение в службу заботы о клиентах
48917,2021-04-01 17:45:18,Включение интернета на 20 минут
48917,2021-04-02 23:01:19,Включение интернета на 20 минут
48917,2021-04-07 21:27:13,Включение интернета на 20 минут
48917,2021-04-10 16:18:00,Включение интернета на 20 минут
48917,2021-04-15 16:14:27,Включение интернета на 20 минут
48917,2021-04-19 09:41:27,Включение интернета на 20 минут
48917,2021-04-19 09:41:38,Обращение в службу заботы о клиентах
48917,2021-04-20 15:09:39,Включение интернета на 20 минут
48917,2021-04-25 12:29:01,Включение интернета на 20 минут
48934,2021-04-28 18:07:10,Обращение в службу заботы о клиентах
48934,2021-04-28 18:59:51,Возвращение клиента
48934,2021-04-28 19:00:44,Смена пароля
48934,2021-04-28 19:02:16,Изменение данных клиента
48934,2021-04-28 19:04:32,Смена тарифа
48934,2021-04-28 19:06:43,Активация точки подключения на сутки
48934,2021-04-28 19:15:22,Включение услуги Аренда ТВ-приставки
48934,2021-04-28 19:15:22,Включение IPTV-пакета
48934,2021-04-28 19:15:22,Оборудование
48934,2021-04-28 19:21:44,Оборудование
48954,2021-04-01 14:53:39,Предложение ТВ
48954,2021-04-01 14:54:14,Обращение в службу заботы о клиентах
48954,2021-04-08 13:16:30,Обращение в службу заботы о клиентах
48954,2021-04-10 14:05:25,Обращение в службу заботы о клиентах
48954,2021-04-16 15:10:05,Обращение в службу заботы о клиентах
48958,2021-03-03 15:57:11,Обращение в службу заботы о клиентах
48958,2021-03-03 16:15:19,Обращение в службу заботы о клиентах
48958,2021-03-03 17:01:57,Обращение в службу заботы о клиентах
48958,2021-03-06 18:04:19,Активация гарантированного платежа
48958,2021-03-06 18:04:25,Обращение в службу заботы о клиентах
48958,2021-03-09 21:53:33,Обращение в службу заботы о клиентах
48958,2021-04-10 19:28:57,Активация гарантированного платежа
48958,2021-04-10 19:29:27,Обращение в службу заботы о клиентах
48958,2021-04-12 10:45:13,Обращение в службу заботы о клиентах
48958,2021-04-19 19:03:03,Предложение тарифа
48958,2021-04-19 19:03:09,Обращение в службу заботы о клиентах
36478,2021-04-22 11:59:43,Смена тарифа
36478,2021-04-22 12:00:10,Предложение ТВ
36478,2021-04-22 12:01:35,Обращение в службу заботы о клиентах
36478,2021-04-24 20:42:25,Смена тарифа
36478,2021-04-24 20:42:53,Обращение в службу заботы о клиентах
48986,2021-03-25 22:01:45,Обращение в службу заботы о клиентах
48986,2021-04-22 15:24:19,Обращение в службу заботы о клиентах
48986,2021-04-22 16:06:50,Смена IP-адреса
48986,2021-04-22 16:07:08,Включение интернета на 20 минут
48986,2021-04-22 16:07:26,Предложение ТВ
49004,2021-03-30 19:50:12,Изменение данных клиента
49004,2021-03-30 19:50:12,Возвращение клиента
49004,2021-03-30 19:50:12,Смена тарифа
49004,2021-03-30 19:50:12,Внутреннее сообщение
49004,2021-03-30 19:50:14,Активация точки подключения на сутки
49004,2021-03-30 19:50:57,Смена следующего тарифа
49004,2021-03-30 19:52:43,Смена пароля
49004,2021-03-30 19:54:36,Изменение истории
49004,2021-03-30 19:54:38,Изменение истории
49004,2021-03-30 19:54:41,Изменение истории
49004,2021-03-30 19:54:45,Изменение истории
49004,2021-03-30 19:54:52,Изменение истории
49004,2021-04-10 20:30:16,Смена пароля
49004,2021-04-10 20:38:15,Предложение ТВ
49004,2021-04-10 20:38:28,Обращение в службу заботы о клиентах
31152,2021-03-10 18:21:30,Обращение в службу заботы о клиентах
31152,2021-03-10 19:17:20,Обращение в службу заботы о клиентах
31152,2021-03-10 19:20:07,Включена 10% скидка
31152,2021-03-31 22:12:39,Реестр договоров
31152,2021-04-05 23:12:46,Обращение в службу заботы о клиентах
31152,2021-04-05 23:19:37,Предложение ТВ-пакета
31152,2021-04-14 20:31:46,Обращение в службу заботы о клиентах
31152,2021-04-15 10:40:16,Включение услуги Аренда ТВ-приставки
31152,2021-04-15 10:40:16,Оборудование
31152,2021-04-15 10:41:09,Состояние клиентского оборудования
31152,2021-04-15 11:38:28,Обращение в службу заботы о клиентах
31152,2021-04-15 11:39:48,Обращение в службу заботы о клиентах
49020,2021-04-22 13:03:52,Обращение в службу заботы о клиентах
8277,2021-03-28 18:47:54,Перенос денежных средств
49023,2021-03-19 17:15:19,Обращение в службу заботы о клиентах
49023,2021-03-19 21:11:54,Состояние клиентского оборудования
13309,2021-03-19 19:40:14,Обращение в службу заботы о клиентах
49071,2021-03-13 10:26:18,Обращение в службу заботы о клиентах
49071,2021-03-13 10:38:19,Обращение в службу заботы о клиентах
49071,2021-03-13 10:54:17,Смена тарифа
49071,2021-03-13 10:54:27,Смена схемы оплаты
49071,2021-03-13 10:55:14,Активация гарантированного платежа
49071,2021-03-17 07:39:26,Обращение в службу заботы о клиентах
49102,2021-03-26 15:45:59,Реестр договоров
49107,2021-03-22 09:53:30,Внутреннее сообщение
49107,2021-03-22 09:58:35,Обращение в службу заботы о клиентах
49107,2021-03-24 16:10:41,Изменение данных клиента
49107,2021-03-24 16:11:32,Изменение данных клиента
49107,2021-03-24 16:11:34,Смена IP-адреса
49107,2021-03-24 16:12:36,Операция с mac-адресом
49107,2021-03-24 16:13:30,Активация точки подключения на сутки
49107,2021-03-24 16:13:39,Смена тарифа
49152,2021-04-02 17:43:12,Выключение IPTV-пакета
49152,2021-04-02 17:43:12,Включение IPTV-пакета
49152,2021-04-02 17:44:30,Обращение в службу заботы о клиентах
49152,2021-04-22 10:11:59,Предложение тарифа
49152,2021-04-22 10:12:16,Обращение в службу заботы о клиентах
12667,2021-03-11 14:38:28,Смена тарифа
12667,2021-03-11 14:38:28,Включена 10% скидка
12667,2021-03-11 14:38:33,Отключение скидки 10%
12667,2021-03-11 14:38:33,Включена 20% скидка
12667,2021-03-11 14:38:45,Изменение истории
49159,2021-03-30 20:57:40,Обращение в службу заботы о клиентах
41247,2021-03-02 11:22:36,Внутреннее сообщение
41247,2021-04-07 12:16:26,Обращение в службу заботы о клиентах
11227,2021-04-29 21:21:59,Смена тарифа
11227,2021-04-29 21:22:48,Изменение данных клиента
11227,2021-04-29 21:22:48,Возвращение клиента
11227,2021-04-29 21:24:33,Изменение данных клиента
11227,2021-04-29 21:26:52,Изменение истории
11227,2021-04-29 21:27:00,Изменение истории
11227,2021-04-29 21:28:40,Изменение данных клиента
11227,2021-04-29 21:30:20,Активация точки подключения на сутки
48306,2021-04-17 15:03:37,Внутреннее сообщение
48306,2021-04-17 15:03:59,Обращение в службу заботы о клиентах
8044,2021-03-09 18:00:35,Обращение в службу заботы о клиентах
37071,2021-04-20 20:25:33,Обращение в службу заботы о клиентах
37071,2021-04-20 20:28:46,Обращение в службу заботы о клиентах
49279,2021-04-13 17:53:11,Предложение ТВ
49279,2021-04-13 17:53:34,Обращение в службу заботы о клиентах
7957,2021-03-18 12:41:45,Изменение данных клиента
7957,2021-03-18 12:42:30,Изменение данных клиента
7957,2021-03-18 12:42:32,Смена IP-адреса
7957,2021-03-20 21:05:48,Смена тарифа
49311,2021-04-12 09:59:05,Смена тарифа
49311,2021-04-12 09:59:17,Предложение тарифа
49311,2021-04-12 09:59:29,Обращение в службу заботы о клиентах
49311,2021-04-13 13:32:44,Обращение в службу заботы о клиентах
49313,2021-03-03 22:13:26,Обращение в службу заботы о клиентах
49313,2021-04-03 22:37:36,Обращение в службу заботы о клиентах
49320,2021-03-20 15:16:00,Обращение в службу заботы о клиентах
49320,2021-03-20 19:53:40,Включение услуги Аренда ТВ-приставки
49320,2021-03-20 19:53:41,Включение IPTV-пакета
49320,2021-03-20 19:53:41,Оборудование
49320,2021-03-20 20:04:33,Состояние клиентского оборудования
49320,2021-03-22 19:35:02,Обращение в службу заботы о клиентах
49320,2021-03-22 19:36:26,Предложение тарифа
49320,2021-03-24 18:04:07,Обращение в службу заботы о клиентах
49320,2021-03-24 18:11:47,Удаление из Обращались с номеров
49320,2021-03-24 18:11:48,Удаление из Обращались с номеров
49320,2021-03-24 18:11:48,Удаление телефона из записи
49320,2021-03-24 18:11:50,Изменение контактных телефонов
49320,2021-03-24 18:12:06,Обращение в службу заботы о клиентах
7885,2021-03-01 14:05:28,Обращение в службу заботы о клиентах
7885,2021-03-08 11:33:40,Обращение в службу заботы о клиентах
7885,2021-04-12 20:52:26,Предложение тарифа
7885,2021-04-12 20:55:01,Обращение в службу заботы о клиентах
7885,2021-04-13 15:52:03,Обращение в службу заботы о клиентах
7885,2021-04-13 15:53:03,Смена пароля
7885,2021-04-13 15:53:38,Обращение в службу заботы о клиентах
49348,2021-03-13 21:31:19,Обращение в службу заботы о клиентах
49348,2021-03-13 21:49:54,Обращение в службу заботы о клиентах
49348,2021-03-14 12:20:07,Обращение в службу заботы о клиентах
49348,2021-03-17 15:25:05,Смена пароля
49348,2021-03-17 15:26:11,Оборудование
49348,2021-03-17 16:01:11,Состояние клиентского оборудования
49348,2021-03-17 17:55:32,Обращение в службу заботы о клиентах
49366,2021-04-06 21:55:43,Добавление в Обращались с номеров
49366,2021-04-06 21:56:09,Обращение в службу заботы о клиентах
14147,2021-03-12 14:25:06,Обращение в службу заботы о клиентах
14147,2021-03-12 15:53:22,Состояние клиентского оборудования
14147,2021-03-31 15:26:57,Смена тарифа
14147,2021-03-31 15:27:20,Без границ бесплатно. Включение
14147,2021-04-07 13:50:40,Внутреннее сообщение
14147,2021-04-07 13:51:18,Продление действия тарифа
49438,2021-03-17 19:11:13,Обращение в службу заботы о клиентах
49461,2021-03-16 19:09:42,Обращение в службу заботы о клиентах
49461,2021-04-14 15:14:19,Обращение в службу заботы о клиентах
49461,2021-04-14 15:25:59,Предложение тарифа
49461,2021-04-14 15:27:10,Обращение в службу заботы о клиентах
49471,2021-03-26 22:52:46,Активация ГП с IVR
49471,2021-04-09 23:46:33,Активация ГП с IVR
49479,2021-03-10 22:35:35,Состояние клиентского оборудования
14383,2021-04-12 21:00:47,Обращение в службу заботы о клиентах
14383,2021-04-13 20:01:05,Добавление в Обращались с номеров
49495,2021-03-26 09:07:18,Обращение в службу заботы о клиентах
49519,2021-04-13 21:42:50,Обращение в службу заботы о клиентах
49523,2021-03-20 12:10:00,Активация ГП с IVR
49526,2021-03-15 12:44:03,Обращение в службу заботы о клиентах
49526,2021-04-10 22:13:50,Обращение в службу заботы о клиентах
49526,2021-04-11 09:22:32,Обращение в службу заботы о клиентах
49529,2021-03-29 04:48:38,Обращение в службу заботы о клиентах
49529,2021-04-18 13:05:44,Обращение в службу заботы о клиентах
49529,2021-04-18 15:44:26,Удаление телефона из записи
49529,2021-04-18 16:34:16,Состояние клиентского оборудования
49548,2021-04-05 09:35:00,Обращение в службу заботы о клиентах
49551,2021-03-31 19:25:10,Обращение в службу заботы о клиентах
49556,2021-03-14 14:32:25,Обращение в службу заботы о клиентах
49556,2021-03-22 18:27:50,Активация гарантированного платежа
49556,2021-03-22 18:28:00,Обращение в службу заботы о клиентах
49556,2021-04-14 17:18:50,Обращение в службу заботы о клиентах
49560,2021-03-12 14:24:08,Обращение в службу заботы о клиентах
49560,2021-03-30 09:31:03,Обращение в службу заботы о клиентах
49560,2021-04-12 15:46:00,Обращение в службу заботы о клиентах
49560,2021-04-12 15:52:04,Смена тарифа
49560,2021-04-13 12:39:44,Смена тарифа
49560,2021-04-27 12:13:38,Обращение в службу заботы о клиентах
49560,2021-04-29 18:46:03,Обращение в службу заботы о клиентах
49564,2021-04-16 18:53:00,Обращение в службу заботы о клиентах
49568,2021-03-02 10:07:18,Обращение в службу заботы о клиентах
49568,2021-03-02 11:58:57,Состояние клиентского оборудования
49576,2021-03-01 18:36:14,Обращение в службу заботы о клиентах
49583,2021-03-22 13:23:00,Обращение в службу заботы о клиентах
49605,2021-03-19 12:22:25,Обращение в службу заботы о клиентах
49605,2021-03-19 12:22:34,Закрепление сообщения
49605,2021-03-19 12:34:37,Обращение в службу заботы о клиентах
49605,2021-04-03 19:27:36,Смена пароля
49605,2021-04-03 19:29:50,Обращение в службу заботы о клиентах
49614,2021-04-21 10:43:43,Обращение в службу заботы о клиентах
49680,2021-03-23 18:17:49,Предложение расширенной гарантии на ТВ приставку
49680,2021-03-23 18:18:05,Обращение в службу заботы о клиентах
14221,2021-03-25 00:08:11,Реестр договоров
49703,2021-03-30 18:19:41,Реестр договоров
49716,2021-03-27 09:24:50,Предложение ТВ
49716,2021-03-27 09:24:56,Обращение в службу заботы о клиентах
49716,2021-03-27 12:39:26,Активация точки подключения на сутки
49716,2021-03-27 12:45:58,Состояние клиентского оборудования
49734,2021-03-06 21:57:02,Обращение в службу заботы о клиентах
49734,2021-03-30 17:50:29,Реестр договоров
49746,2021-04-12 10:11:28,Обращение в службу заботы о клиентах
49747,2021-04-15 12:32:49,Предложение ТВ-пакета
49747,2021-04-15 12:33:18,Обращение в службу заботы о клиентах
49754,2021-03-05 10:14:48,Предложение IPTV
49754,2021-03-05 10:15:05,Обращение в службу заботы о клиентах
49754,2021-03-25 18:26:21,Добавление в Обращались с номеров
49754,2021-03-25 18:42:18,Обращение в службу заботы о клиентах
49755,2021-03-04 23:15:50,Внутреннее сообщение
49755,2021-04-12 11:27:28,Предложение автоплатежа
49755,2021-04-12 11:27:32,Обращение в службу заботы о клиентах
14887,2021-03-16 10:50:21,Обращение в службу заботы о клиентах
14887,2021-03-16 10:55:58,Предложение IPTV
49770,2021-03-27 08:45:15,Перенос денежных средств
49770,2021-03-27 08:45:28,Обращение в службу заботы о клиентах
10096,2021-04-19 06:01:16,Обращение в службу заботы о клиентах
49778,2021-03-26 13:45:15,Обращение в службу заботы о клиентах
49778,2021-04-24 17:34:14,Включение IPTV-пакета
49778,2021-04-24 17:34:35,Предложение ТВ-пакета
49778,2021-04-24 17:34:45,Обращение в службу заботы о клиентах
10658,2021-04-21 13:08:19,Предложение ТВ
10658,2021-04-21 13:08:37,Обращение в службу заботы о клиентах
48732,2021-04-04 09:50:00,Смена пароля
48732,2021-04-04 09:52:28,Предложение тарифа
48732,2021-04-04 09:52:42,Обращение в службу заботы о клиентах
48732,2021-04-26 15:45:36,Внутреннее сообщение
49819,2021-04-28 16:23:52,Добавление в Обращались с номеров
49819,2021-04-28 16:24:47,Предложение тарифа
49819,2021-04-28 16:25:00,Обращение в службу заботы о клиентах
39392,2021-03-27 15:49:57,Обращение в службу заботы о клиентах
39392,2021-03-27 15:57:25,Обращение в службу заботы о клиентах
33137,2021-04-06 19:00:18,Обращение в службу заботы о клиентах
33137,2021-04-12 23:12:38,Предложение ТВ
49824,2021-03-19 10:34:51,Обращение в службу заботы о клиентах
49824,2021-03-19 17:12:07,Предложение роутера
49824,2021-03-19 17:12:17,Обращение в службу заботы о клиентах
49824,2021-03-19 17:58:58,Обращение в службу заботы о клиентах
49824,2021-03-19 18:04:34,Обращение в службу заботы о клиентах
49824,2021-03-19 18:34:46,Обращение в службу заботы о клиентах
49824,2021-03-19 19:12:02,Добавление в Обращались с номеров
49824,2021-03-20 15:19:59,Состояние клиентского оборудования
49824,2021-03-20 15:45:47,Обращение в службу заботы о клиентах
49824,2021-03-22 11:41:00,Обращение в службу заботы о клиентах
49824,2021-03-22 15:20:01,Тайный покупатель
49824,2021-03-25 17:03:16,Реестр договоров
49837,2021-04-14 19:17:13,Внесение
49837,2021-04-14 19:22:02,Обращение в службу заботы о клиентах
49837,2021-04-17 19:21:01,Изменение истории
49846,2021-03-12 14:08:49,Обращение в службу заботы о клиентах
28483,2021-03-19 18:26:37,Обращение в службу заботы о клиентах
28483,2021-03-19 18:29:31,Предложение IPTV
49874,2021-04-12 09:38:02,Смена тарифа
49874,2021-04-12 09:38:21,Предложение ТВ
49874,2021-04-12 09:38:32,Обращение в службу заботы о клиентах
49920,2021-04-29 19:46:47,Обращение в службу заботы о клиентах
49928,2021-03-03 18:34:24,Добавление в Обращались с номеров
49928,2021-03-03 18:35:54,Обращение в службу заботы о клиентах
49928,2021-03-03 19:30:41,Предложение IPTV
49928,2021-03-03 19:33:02,Обращение в службу заботы о клиентах
49928,2021-03-12 11:05:39,Удаление из Обращались с номеров
49928,2021-03-12 11:05:45,Удаление из Обращались с номеров
49942,2021-04-05 20:20:55,Смена тарифа
49942,2021-04-05 20:21:17,Предложение тарифа
49942,2021-04-05 20:22:37,Смена пароля
49942,2021-04-05 20:24:50,Обращение в службу заботы о клиентах
49942,2021-04-05 20:25:07,Смена следующего тарифа
49949,2021-04-09 19:28:59,Предложение ТВ-пакета
49949,2021-04-09 19:30:03,Обращение в службу заботы о клиентах
49957,2021-03-08 19:24:13,Внутреннее сообщение
49957,2021-03-09 19:26:49,Обращение в службу заботы о клиентах
49957,2021-03-10 10:57:05,Изменение данных клиента
49957,2021-03-10 10:57:07,Смена IP-адреса
49957,2021-03-10 10:57:07,Внутреннее сообщение
13173,2021-03-29 12:26:32,Реестр договоров
13173,2021-03-29 12:26:42,Реестр договоров
49968,2021-04-19 22:28:54,Предложение ТВ
49968,2021-04-19 22:29:49,Обращение в службу заботы о клиентах
49968,2021-04-19 22:33:07,Обращение в службу заботы о клиентах
49976,2021-04-13 17:47:40,Добавление в Обращались с номеров
49987,2021-04-29 11:21:21,Внутреннее сообщение
49998,2021-03-12 12:33:42,Добавление в Обращались с номеров
49998,2021-03-12 12:36:56,Обращение в службу заботы о клиентах
49998,2021-03-12 19:29:05,Отключение услуги Аренда ТВ-приставки
49998,2021-03-12 19:29:09,Оборудование
49998,2021-03-12 19:30:08,Оборудование
49998,2021-03-12 19:30:59,Смена пароля
49998,2021-03-12 19:59:37,Состояние клиентского оборудования
10949,2021-03-18 19:34:39,Обращение в службу заботы о клиентах
50003,2021-04-19 15:00:12,Обращение в службу заботы о клиентах
50003,2021-04-19 15:03:35,Обращение в службу заботы о клиентах
50003,2021-04-19 17:41:27,Обращение в службу заботы о клиентах
50003,2021-04-22 10:36:30,Состояние клиентского оборудования
50003,2021-04-22 10:36:37,Активация точки подключения на сутки
50018,2021-03-12 13:51:58,Смена тарифа
50018,2021-03-12 18:27:51,Смена пароля
50018,2021-03-12 18:28:38,Оборудование
50018,2021-03-12 19:12:46,Состояние клиентского оборудования
50018,2021-04-02 18:49:05,Обращение в службу заботы о клиентах
50018,2021-04-02 18:52:56,Предложение ТВ
50032,2021-03-15 21:35:53,Предложение ТВ-пакета
50032,2021-03-15 21:36:03,Обращение в службу заботы о клиентах
48865,2021-03-25 12:11:59,Обращение в службу заботы о клиентах
12852,2021-04-07 19:04:05,Обращение в службу заботы о клиентах
10780,2021-03-25 21:30:47,Обращение в службу заботы о клиентах
50071,2021-04-11 21:37:30,Обращение в службу заботы о клиентах
50071,2021-04-12 11:30:18,Обращение в службу заботы о клиентах
50071,2021-04-12 12:47:44,Состояние клиентского оборудования
50077,2021-03-05 20:36:47,Выключение IPTV-пакета
50077,2021-03-05 20:36:47,Включение IPTV-пакета
50077,2021-03-05 20:37:36,Обращение в службу заботы о клиентах
39935,2021-04-09 19:56:53,Активация ГП с IVR
50111,2021-04-07 15:20:38,Закрепление сообщения
50111,2021-04-07 15:49:12,Без границ бесплатно. Включение
50114,2021-04-01 12:57:14,Обращение в службу заботы о клиентах
50114,2021-04-01 12:59:19,Обращение в службу заботы о клиентах
50114,2021-04-01 13:38:33,Обращение в службу заботы о клиентах
50114,2021-04-20 09:38:07,Удаление из Обращались с номеров
15101,2021-04-16 20:15:37,Добавление в Обращались с номеров
15101,2021-04-16 20:23:47,Обращение в службу заботы о клиентах
11592,2021-04-28 20:21:34,Обращение в службу заботы о клиентах
11592,2021-04-28 20:22:29,Предложение ТВ
11592,2021-04-29 15:22:42,Операция с mac-адресом
11592,2021-04-29 15:24:05,Оборудование
11592,2021-04-29 15:31:10,Состояние клиентского оборудования
50126,2021-04-12 17:28:00,Активация ГП с IVR
50126,2021-04-12 17:33:52,Обращение в службу заботы о клиентах
50126,2021-04-19 13:11:12,Обращение в службу заботы о клиентах
50129,2021-04-01 21:35:25,Добавление в Обращались с номеров
50129,2021-04-01 21:39:17,Предложение ТВ
50129,2021-04-01 21:40:00,Обращение в службу заботы о клиентах
50136,2021-04-10 11:00:22,Обращение в службу заботы о клиентах
50119,2021-03-28 14:01:02,Изменение истории
50119,2021-03-28 20:10:01,Внесение
50119,2021-03-28 20:31:01,Изменение истории
50119,2021-03-28 20:46:12,Внесение
50119,2021-04-28 20:11:00,Изменение истории
50119,2021-04-28 21:01:01,Изменение истории
50119,2021-04-29 13:52:43,Внесение
50141,2021-04-28 11:50:40,Внутреннее сообщение
35218,2021-03-14 18:06:37,Обращение в службу заботы о клиентах
50172,2021-04-20 11:38:47,Обращение в службу заботы о клиентах
50172,2021-04-20 12:39:09,Обращение в службу заботы о клиентах
11107,2021-03-05 07:07:46,Смена пароля
11107,2021-03-05 07:09:29,Предложение IPTV
11107,2021-03-05 07:09:33,Обращение в службу заботы о клиентах
11107,2021-03-05 07:22:03,Обращение в службу заботы о клиентах
50179,2021-03-24 14:59:01,Обращение в службу заботы о клиентах
50179,2021-03-24 15:02:16,Смена тарифа
12641,2021-03-22 11:10:13,Обращение в службу заботы о клиентах
12641,2021-03-24 21:22:06,Реестр договоров
50184,2021-03-01 13:47:30,Обращение в службу заботы о клиентах
50227,2021-03-25 16:59:08,Реестр договоров
50227,2021-03-25 16:59:35,Реестр договоров
9579,2021-04-05 20:34:03,Обращение в службу заботы о клиентах
50237,2021-03-21 17:47:29,Добавление в Обращались с номеров
50237,2021-03-21 18:00:46,Обращение в службу заботы о клиентах
50237,2021-03-21 18:53:03,Предложение IPTV
50237,2021-03-21 19:58:40,Состояние клиентского оборудования
50249,2021-03-26 12:58:44,Предложение ТВ
50249,2021-03-26 13:00:21,Обращение в службу заботы о клиентах
50264,2021-03-29 11:55:21,Активация ГП с IVR
10482,2021-04-19 21:33:05,Предложение тарифа
10482,2021-04-19 21:43:34,Обращение в службу заботы о клиентах
50273,2021-04-13 13:59:44,Предложение ТВ
50273,2021-04-13 14:00:14,Обращение в службу заботы о клиентах
50273,2021-04-24 18:04:50,Обращение в службу заботы о клиентах
50273,2021-04-27 15:17:00,Внутреннее сообщение
50273,2021-04-27 15:17:18,Смена тарифа
50273,2021-04-27 15:18:06,Включена 10% скидка
50281,2021-04-20 13:21:56,Включена 10% скидка
50281,2021-04-20 13:21:57,Смена тарифа
50306,2021-04-20 10:48:02,Обращение в службу заботы о клиентах
50337,2021-03-24 21:52:47,Обращение в службу заботы о клиентах
50337,2021-03-25 17:03:19,Обращение в службу заботы о клиентах
14040,2021-03-24 21:02:29,Смена схемы оплаты
14040,2021-03-24 21:05:26,Обращение в службу заботы о клиентах
14040,2021-04-24 17:25:15,Предложение тарифа
14040,2021-04-24 17:28:21,Обращение в службу заботы о клиентах
14040,2021-04-24 18:43:56,Обращение в службу заботы о клиентах
14040,2021-04-24 18:54:44,Изменение данных клиента
50351,2021-04-02 12:26:31,Перенос денежных средств
50351,2021-04-02 12:27:28,Предложение ТВ
50351,2021-04-02 12:27:41,Обращение в службу заботы о клиентах
49100,2021-03-31 13:25:51,Включение интернета на 20 минут
49100,2021-03-31 13:26:22,Предложение ТВ
49100,2021-03-31 13:27:30,Обращение в службу заботы о клиентах
49100,2021-04-11 14:00:16,Обращение в службу заботы о клиентах
10340,2021-03-03 18:49:44,Обращение в службу заботы о клиентах
50375,2021-03-30 17:27:39,Удаление из Обращались с номеров
50376,2021-03-30 17:29:51,Обращение в службу заботы о клиентах
49635,2021-04-26 15:37:33,Внутреннее сообщение
50386,2021-03-01 15:02:06,Добавление в Обращались с номеров
50386,2021-03-01 15:04:18,Обращение в службу заботы о клиентах
30910,2021-03-06 02:29:30,Обращение в службу заботы о клиентах
30910,2021-04-08 13:19:40,Обращение в службу заботы о клиентах
40480,2021-04-10 09:50:20,Обращение в службу заботы о клиентах
40480,2021-04-10 10:00:15,Обращение в службу заботы о клиентах
40480,2021-04-10 10:02:05,Предложение ТВ
40480,2021-04-10 10:02:34,Обращение в службу заботы о клиентах
40480,2021-04-10 12:19:57,Состояние клиентского оборудования
11236,2021-03-03 09:25:52,Обращение в службу заботы о клиентах
11236,2021-03-21 09:12:24,Обращение в службу заботы о клиентах
11236,2021-03-25 18:11:39,Предложение ТВ-пакета
11236,2021-03-25 18:11:44,Обращение в службу заботы о клиентах
11236,2021-04-07 09:10:22,Обращение в службу заботы о клиентах
11236,2021-04-10 10:17:17,Включение интернета на 20 минут
11236,2021-04-10 10:26:47,Обращение в службу заботы о клиентах
11236,2021-04-14 10:37:39,Обращение в службу заботы о клиентах
11236,2021-04-15 09:17:17,Обращение в службу заботы о клиентах
11236,2021-04-15 09:25:29,Обращение в службу заботы о клиентах
11236,2021-04-23 10:15:05,Предложение тарифа
11236,2021-04-23 10:15:13,Обращение в службу заботы о клиентах
14072,2021-03-01 11:01:29,Обращение в службу заботы о клиентах
14072,2021-03-03 09:30:17,Обращение в службу заботы о клиентах
14072,2021-03-21 09:13:45,Обращение в службу заботы о клиентах
14072,2021-04-09 09:08:05,Обращение в службу заботы о клиентах
50412,2021-03-18 12:57:04,Добавление в Обращались с номеров
50412,2021-03-18 12:57:21,Активация гарантированного платежа
50412,2021-03-18 12:57:28,Обращение в службу заботы о клиентах
50412,2021-04-04 21:20:06,Активация ГП с IVR
50412,2021-04-19 12:07:10,Обращение в службу заботы о клиентах
50412,2021-04-19 12:07:21,Активация гарантированного платежа
50412,2021-04-19 12:08:06,Предложение тарифа
50412,2021-04-26 20:57:19,Активация ГП с IVR
50427,2021-04-23 12:22:29,Обращение в службу заботы о клиентах
50427,2021-04-26 10:02:05,Отключение услуги Аренда ТВ-приставки
50427,2021-04-26 10:02:11,Оборудование
50427,2021-04-26 10:02:24,Обращение в службу заботы о клиентах
50445,2021-03-19 12:38:01,Внутреннее сообщение
50445,2021-03-29 14:39:42,Обращение в службу заботы о клиентах
50445,2021-03-29 14:39:45,Отключение услуги Аренда ТВ-приставки
50445,2021-03-29 14:39:48,Оборудование
50445,2021-04-12 20:52:43,Предложение тарифа
50445,2021-04-12 20:53:28,Изменение истории
50445,2021-04-12 20:53:56,Изменение истории
50445,2021-04-12 20:54:07,Изменение истории
50445,2021-04-12 20:54:19,Изменение истории
50445,2021-04-12 20:54:31,Изменение истории
50445,2021-04-12 20:54:44,Изменение истории
50445,2021-04-12 20:54:58,Изменение истории
50445,2021-04-12 20:55:10,Изменение истории
50445,2021-04-12 20:55:20,Изменение истории
50445,2021-04-12 20:55:29,Изменение истории
50445,2021-04-12 20:55:40,Изменение истории
50445,2021-04-12 20:55:51,Изменение истории
50445,2021-04-12 20:56:03,Изменение истории
50445,2021-04-12 20:56:22,Изменение истории
50445,2021-04-12 20:58:01,Изменение истории
50445,2021-04-12 20:58:45,Выключение IPTV-пакета
50445,2021-04-12 20:59:00,Обращение в службу заботы о клиентах
31968,2021-04-10 21:31:08,Обращение в службу заботы о клиентах
50465,2021-04-08 16:36:28,Смена пароля
50465,2021-04-08 16:36:52,Обращение в службу заботы о клиентах
50465,2021-04-08 16:37:33,Предложение ТВ-пакета
50465,2021-04-08 16:45:56,Обращение в службу заботы о клиентах
50465,2021-04-12 19:31:50,Обращение в службу заботы о клиентах
50465,2021-04-14 18:40:19,Обращение в службу заботы о клиентах
49233,2021-04-18 20:33:55,Обращение в службу заботы о клиентах
9593,2021-03-10 14:37:34,Обращение в службу заботы о клиентах
9593,2021-03-16 10:08:45,Обращение в службу заботы о клиентах
9593,2021-03-20 08:45:14,Обращение в службу заботы о клиентах
9593,2021-04-16 06:39:19,Обращение в службу заботы о клиентах
50475,2021-04-12 22:26:43,Реестр договоров
50481,2021-03-12 13:49:46,Обращение в службу заботы о клиентах
50478,2021-03-26 13:17:20,Обращение в службу заботы о клиентах
50478,2021-04-17 18:12:00,Обращение в службу заботы о клиентах
50495,2021-03-31 00:07:12,Реестр договоров
50504,2021-04-06 18:14:58,Перенос денежных средств
10885,2021-03-10 16:34:00,Внутреннее сообщение
10885,2021-03-18 17:45:04,Обращение в службу заботы о клиентах
10885,2021-03-18 17:55:53,Обращение в службу заботы о клиентах
50541,2021-04-01 19:09:04,Добавление в Обращались с номеров
50541,2021-04-01 19:14:23,Обращение в службу заботы о клиентах
50550,2021-03-18 18:56:11,Обращение в службу заботы о клиентах
50550,2021-03-29 19:59:27,Смена тарифа
50550,2021-03-29 20:00:18,Смена следующего тарифа
50550,2021-03-29 20:02:33,Изменение данных клиента
50550,2021-03-29 20:09:35,Состояние клиентского оборудования
50550,2021-03-30 10:05:37,Смена следующего тарифа
50550,2021-04-29 20:26:17,Обращение в службу заботы о клиентах
10023,2021-04-09 08:47:18,Предложение ТВ
10023,2021-04-09 08:47:35,Обращение в службу заботы о клиентах
10023,2021-04-19 19:59:33,Обращение в службу заботы о клиентах
10023,2021-04-20 19:34:58,Состояние клиентского оборудования
50582,2021-03-28 11:22:05,Обращение в службу заботы о клиентах
50582,2021-03-28 11:41:13,Обращение в службу заботы о клиентах
50582,2021-03-28 13:01:45,Смена пароля
50582,2021-03-28 13:02:21,Оборудование
50582,2021-03-28 13:15:43,Состояние клиентского оборудования
50582,2021-03-28 13:34:23,Обращение в службу заботы о клиентах
50591,2021-03-16 13:27:51,Предложение IPTV
50591,2021-03-16 13:29:56,Обращение в службу заботы о клиентах
50591,2021-03-16 16:28:13,Состояние клиентского оборудования
35038,2021-04-05 17:50:04,Внутреннее сообщение
35038,2021-04-06 11:24:54,Изменение данных клиента
35038,2021-04-06 11:26:02,Изменение данных клиента
35038,2021-04-06 11:26:04,Смена IP-адреса
35038,2021-04-06 11:26:39,Операция с mac-адресом
50617,2021-03-02 18:25:41,Обращение в службу заботы о клиентах
50617,2021-03-11 12:49:09,Отключение услуги Аренда ТВ-приставки
50617,2021-03-11 12:49:12,Оборудование
50617,2021-03-11 12:49:23,Обращение в службу заботы о клиентах
50619,2021-04-06 18:16:29,Уведомления: отключение
50619,2021-04-06 18:22:14,Уведомления: подключение
50619,2021-04-08 04:00:06,Уведомления: отключение
50619,2021-04-12 16:31:41,Обращение в службу заботы о клиентах
50619,2021-04-12 16:36:38,Предложение ТВ-пакета
50619,2021-04-12 16:37:18,Обращение в службу заботы о клиентах
50651,2021-04-09 16:33:00,Обращение в службу заботы о клиентах
50679,2021-03-08 10:41:03,Обращение в службу заботы о клиентах
50679,2021-03-08 13:27:50,Предложение IPTV
50679,2021-03-08 17:05:58,Обращение в службу заботы о клиентах
47780,2021-03-20 22:33:18,Обращение в службу заботы о клиентах
49407,2021-03-04 12:14:49,Обращение в службу заботы о клиентах
8982,2021-03-25 18:18:33,Добавление в Обращались с номеров
8982,2021-03-25 18:19:23,Отключение услуги Автоплатёж
8982,2021-03-25 18:20:28,Обращение в службу заботы о клиентах
13591,2021-04-06 20:41:13,Обращение в службу заботы о клиентах
13591,2021-04-06 20:41:42,Обращение в службу заботы о клиентах
13591,2021-04-06 20:42:44,Предложение ТВ
13591,2021-04-21 09:57:25,Изменение контактных телефонов
13591,2021-04-21 09:58:38,Удаление из Обращались с номеров
13591,2021-04-21 09:59:06,Изменение контактных телефонов
13591,2021-04-21 10:01:15,Обращение в службу заботы о клиентах
13591,2021-04-21 10:10:22,Изменение контактных телефонов
13591,2021-04-21 10:10:44,Включена 20% скидка
13591,2021-04-21 10:10:45,Смена тарифа
50708,2021-04-16 20:42:04,Добавление в Обращались с номеров
50708,2021-04-16 20:48:57,Предложение ТВ
50708,2021-04-16 20:59:26,Обращение в службу заботы о клиентах
50744,2021-03-22 15:46:56,Смена тарифа
50744,2021-03-22 15:47:01,Включена 30% скидка
50744,2021-03-22 15:47:15,Изменение истории
50744,2021-03-31 09:49:55,Обращение в службу заботы о клиентах
9491,2021-04-26 17:00:16,Предложение ТВ
9491,2021-04-26 17:01:15,Обращение в службу заботы о клиентах
9491,2021-04-26 19:59:29,Операция с mac-адресом
9491,2021-04-26 20:04:40,Оборудование
9491,2021-04-26 20:04:59,Активация точки подключения на сутки
9491,2021-04-26 20:11:33,Состояние клиентского оборудования
50746,2021-03-03 11:21:14,Перенос денежных средств
50761,2021-03-17 14:10:11,Смена тарифа
50761,2021-03-17 14:11:14,Изменение данных клиента
50761,2021-03-17 14:11:16,Смена IP-адреса
50761,2021-03-17 14:11:16,Смена тарифа
50761,2021-03-17 14:11:16,Внутреннее сообщение
50761,2021-03-17 14:11:41,Смена пароля
50762,2021-03-21 13:13:35,Обращение в службу заботы о клиентах
50762,2021-03-22 21:47:38,Обращение в службу заботы о клиентах
50762,2021-03-23 09:51:29,Обращение в службу заботы о клиентах
50762,2021-03-23 22:38:55,Обращение в службу заботы о клиентах
50762,2021-03-24 17:33:22,Обращение в службу заботы о клиентах
50762,2021-03-25 11:55:28,Предложение тарифа
9367,2021-03-24 18:55:46,Предложение ТВ
9367,2021-03-24 18:59:19,Обращение в службу заботы о клиентах
9367,2021-04-25 10:42:33,Обращение в службу заботы о клиентах
12405,2021-03-16 08:38:20,Удаление из Обращались с номеров
12405,2021-04-01 09:53:35,Обращение в службу заботы о клиентах
31650,2021-04-15 13:44:37,Предложение ТВ
50820,2021-03-24 15:16:06,Добавление в Обращались с номеров
50820,2021-03-24 15:16:20,Изменение контактных телефонов
50820,2021-03-24 15:16:34,Обращение в службу заботы о клиентах
50823,2021-03-24 16:02:23,Обращение в службу заботы о клиентах
50848,2021-03-20 17:46:10,Обращение в службу заботы о клиентах
50848,2021-03-22 16:48:58,Обращение в службу заботы о клиентах
50848,2021-03-22 16:49:05,Отключение услуги Аренда ТВ-приставки
50848,2021-03-22 16:49:07,Оборудование
50867,2021-04-28 20:25:33,Обращение в службу заботы о клиентах
50881,2021-03-24 14:56:31,Обращение в службу заботы о клиентах
50889,2021-03-13 13:01:34,Обращение в службу заботы о клиентах
50889,2021-03-13 13:07:13,Обращение в службу заботы о клиентах
50889,2021-04-10 13:15:44,Предложение тарифа
50195,2021-04-21 10:48:30,Обращение в службу заботы о клиентах
50925,2021-04-14 19:06:02,Активация ГП с IVR
9388,2021-03-06 23:02:07,Включение интернета на 20 минут
9388,2021-03-06 23:03:02,Обращение в службу заботы о клиентах
9388,2021-04-04 20:33:30,Обращение в службу заботы о клиентах
50936,2021-04-25 18:54:39,Обращение в службу заботы о клиентах
50936,2021-04-29 19:04:39,Предложение тарифа
50936,2021-04-29 19:05:07,Смена тарифа
38846,2021-04-09 15:08:38,Обращение в службу заботы о клиентах
38846,2021-04-09 15:10:38,Предложение тарифа
50940,2021-03-30 14:27:06,Включена 30% скидка
50940,2021-03-30 14:27:07,Смена тарифа
50940,2021-03-30 14:27:24,Изменение истории
50953,2021-04-21 09:13:00,Обращение в службу заботы о клиентах
50953,2021-04-21 22:17:05,Состояние клиентского оборудования
50953,2021-04-21 22:27:44,Обращение в службу заботы о клиентах
50953,2021-04-21 22:40:11,Обращение в службу заботы о клиентах
50953,2021-04-28 20:48:24,Обращение в службу заботы о клиентах
50954,2021-03-20 22:22:59,Обращение в службу заботы о клиентах
50962,2021-04-14 22:35:50,Обращение в службу заботы о клиентах
50974,2021-03-04 08:34:08,Обращение в службу заботы о клиентах
49248,2021-04-16 19:53:13,Обращение в службу заботы о клиентах
50992,2021-03-20 16:59:52,Активация гарантированного платежа
50992,2021-03-20 17:00:29,Обращение в службу заботы о клиентах
50992,2021-03-22 12:23:23,Обращение в службу заботы о клиентах
50992,2021-04-23 20:02:38,Активация ГП с IVR
50992,2021-04-25 19:12:13,Обращение в службу заботы о клиентах
51009,2021-03-15 11:54:01,Обращение в службу заботы о клиентах
51009,2021-03-24 14:10:44,Обращение в службу заботы о клиентах
51013,2021-04-29 18:09:09,Изменение данных клиента
51013,2021-04-29 18:09:11,Смена IP-адреса
51013,2021-04-29 18:09:11,Смена тарифа
51013,2021-04-29 18:09:11,Внутреннее сообщение
51013,2021-04-29 18:11:01,Смена пароля
51021,2021-04-03 10:30:49,Обращение в службу заботы о клиентах
51021,2021-04-03 13:29:59,Обращение в службу заботы о клиентах
51021,2021-04-03 13:31:03,Обращение в службу заботы о клиентах
50041,2021-04-03 17:23:07,Активация гарантированного платежа
50041,2021-04-03 17:24:35,Обращение в службу заботы о клиентах
51031,2021-04-23 20:17:26,Обращение в службу заботы о клиентах
51034,2021-03-12 21:31:13,Обращение в службу заботы о клиентах
51034,2021-03-15 18:43:01,Обращение в службу заботы о клиентах
9538,2021-03-21 12:13:05,Предложение ТВ-пакета
9538,2021-03-21 12:13:17,Обращение в службу заботы о клиентах
9538,2021-04-18 15:35:19,Обращение в службу заботы о клиентах
51038,2021-03-25 12:34:06,Обращение в службу заботы о клиентах
51038,2021-03-25 12:36:50,Предложение ТВ
51039,2021-03-24 14:52:11,Добавление в Обращались с номеров
51039,2021-03-24 14:52:48,Обращение в службу заботы о клиентах
51045,2021-04-13 21:23:06,Предложение ТВ
51045,2021-04-13 21:26:07,Изменение контактных телефонов
51045,2021-04-13 21:26:21,Обращение в службу заботы о клиентах
51045,2021-04-15 10:18:46,Обращение в службу заботы о клиентах
51050,2021-03-24 18:26:29,Обращение в службу заботы о клиентах
51085,2021-03-12 17:46:44,Выключение IPTV-пакета
51085,2021-03-12 17:46:44,Включение IPTV-пакета
51085,2021-03-12 17:49:09,Обращение в службу заботы о клиентах
10187,2021-04-26 23:16:56,Уведомления: подключение
10187,2021-04-26 23:19:12,Уведомления: подтверждение
51094,2021-03-15 12:21:44,Смена схемы оплаты
51094,2021-03-15 12:22:22,Отключение скидки 10%
51094,2021-03-15 12:22:22,Смена тарифа
51094,2021-03-20 10:57:39,Изменение данных клиента
51094,2021-03-20 10:58:04,Смена пароля
51094,2021-03-20 11:09:20,Активация точки подключения на сутки
51094,2021-03-20 11:15:12,Смена тарифа
51094,2021-03-20 11:18:11,Изменение истории
51094,2021-03-20 11:18:14,Изменение истории
51094,2021-03-20 11:35:38,Состояние клиентского оборудования
51094,2021-03-22 13:05:18,Закрепление сообщения
51094,2021-03-22 13:05:20,Закрепление сообщения
51094,2021-03-22 13:05:51,Изменение истории
51094,2021-03-22 14:15:18,Изменение истории
51094,2021-03-26 11:43:10,Добавление в Обращались с номеров
51094,2021-03-26 11:44:59,Обращение в службу заботы о клиентах
51098,2021-03-24 14:43:52,Обращение в службу заботы о клиентах
51110,2021-03-24 15:23:56,Обращение в службу заботы о клиентах
51113,2021-03-15 18:37:42,Обращение в службу заботы о клиентах
51118,2021-04-13 12:37:34,Смена тарифа
51118,2021-04-13 12:37:59,Смена схемы оплаты
51118,2021-04-22 11:19:36,Обращение в службу заботы о клиентах
51123,2021-03-18 09:32:30,Обращение в службу заботы о клиентах
51137,2021-03-14 20:17:38,Обращение в службу заботы о клиентах
51137,2021-04-10 09:08:54,Активация гарантированного платежа
51137,2021-04-10 09:09:14,Обращение в службу заботы о клиентах
51137,2021-04-13 19:10:05,Активация ГП с IVR
51137,2021-04-15 17:21:09,Предложение тарифа
51137,2021-04-15 17:21:24,Обращение в службу заботы о клиентах
51137,2021-04-16 20:54:32,Обращение в службу заботы о клиентах
51137,2021-04-16 20:54:41,Активация гарантированного платежа
51138,2021-03-14 17:19:57,Смена IP-адреса
51138,2021-03-14 17:21:25,Обращение в службу заботы о клиентах
51138,2021-03-14 19:05:48,Обращение в службу заботы о клиентах
51138,2021-03-14 20:38:36,Обращение в службу заботы о клиентах
51138,2021-03-15 09:35:05,Смена IP-адреса
51142,2021-04-15 14:32:49,Включена 10% скидка
51142,2021-04-15 14:32:49,Смена тарифа
9294,2021-03-14 19:54:54,Обращение в службу заботы о клиентах
9294,2021-03-25 17:25:02,Включение интернета на 20 минут
9294,2021-03-25 17:25:07,Обращение в службу заботы о клиентах
9294,2021-03-25 17:36:01,Обращение в службу заботы о клиентах
9294,2021-04-25 16:14:42,Выключение IPTV-пакета
51174,2021-04-19 19:06:39,Обращение в службу заботы о клиентах
51174,2021-04-19 19:06:45,Смена пароля
51174,2021-04-19 19:08:43,Предложение тарифа
51174,2021-04-19 19:09:26,Смена тарифа
9713,2021-03-15 14:10:14,Предложение IPTV
9713,2021-03-15 14:11:35,Обращение в службу заботы о клиентах
51186,2021-04-06 17:55:24,Предложение тарифа
51208,2021-03-04 13:40:27,Обращение в службу заботы о клиентах
51218,2021-03-06 12:41:47,Добавление в Обращались с номеров
51218,2021-03-06 12:44:56,Предложение IPTV
51256,2021-04-19 12:07:53,Обращение в службу заботы о клиентах
50998,2021-04-26 09:29:13,Обращение в службу заботы о клиентах
50998,2021-04-26 09:30:08,Обращение в службу заботы о клиентах
50998,2021-04-26 09:30:11,Предложение ТВ
51264,2021-03-17 20:55:10,Обращение в службу заботы о клиентах
51264,2021-03-21 16:08:20,Обращение в службу заботы о клиентах
51264,2021-04-15 10:19:25,Обращение в службу заботы о клиентах
51264,2021-04-15 10:39:56,Обращение в службу заботы о клиентах
51264,2021-04-15 11:02:40,Отключение услуги Аренда ТВ-приставки
51264,2021-04-15 11:02:43,Оборудование
51270,2021-04-03 12:41:38,Добавление в Обращались с номеров
51270,2021-04-03 12:42:54,Обращение в службу заботы о клиентах
51270,2021-04-11 20:52:14,Обращение в службу заботы о клиентах
51270,2021-04-11 20:53:41,Обращение в службу заботы о клиентах
51270,2021-04-11 21:03:41,Обращение в службу заботы о клиентах
51284,2021-03-07 02:07:08,Обращение в службу заботы о клиентах
51284,2021-03-12 13:55:52,Обращение в службу заботы о клиентах
51284,2021-03-17 14:02:31,Обращение в службу заботы о клиентах
51284,2021-04-29 12:18:53,Обращение в службу заботы о клиентах
51322,2021-03-30 11:14:32,Без границ бесплатно. Отключение
51322,2021-03-30 11:14:32,Смена тарифа
51325,2021-03-01 18:41:10,Обращение в службу заботы о клиентах
51325,2021-03-01 20:40:00,Отключение услуги Аренда ТВ-приставки
51325,2021-03-01 20:40:06,Оборудование
51325,2021-03-01 20:40:35,Состояние клиентского оборудования
51325,2021-03-10 11:24:07,Закрепление сообщения
51337,2021-03-03 14:28:07,Обращение в службу заботы о клиентах
51339,2021-04-14 09:47:18,Добавление в Обращались с номеров
51339,2021-04-14 09:49:48,Смена тарифа
51339,2021-04-14 09:49:50,Предложение тарифа
51339,2021-04-14 09:50:16,Обращение в службу заботы о клиентах
51339,2021-04-14 12:52:14,Состояние клиентского оборудования
51339,2021-04-16 10:31:07,Обращение в службу заботы о клиентах
51339,2021-04-16 12:39:28,Состояние клиентского оборудования
51339,2021-04-16 15:46:41,Обращение в службу заботы о клиентах
30816,2021-04-08 21:03:16,Предложение ТВ
30816,2021-04-08 21:03:24,Обращение в службу заботы о клиентах
50928,2021-03-01 12:21:53,Состояние клиентского оборудования
50928,2021-03-04 12:17:41,Состояние клиентского оборудования
50928,2021-03-10 12:45:53,Операция с mac-адресом
50928,2021-03-10 12:50:30,Оборудование
50928,2021-03-10 12:51:06,Состояние клиентского оборудования
50928,2021-04-10 11:23:19,Отключение услуги Аренда ТВ-приставки
50928,2021-04-10 11:23:31,Оборудование
50928,2021-04-10 11:25:25,Включение услуги Аренда ТВ-приставки
50928,2021-04-10 11:25:25,Оборудование
50928,2021-04-10 11:43:33,Состояние клиентского оборудования
50928,2021-04-25 10:08:54,Обращение в службу заботы о клиентах
50928,2021-04-27 18:58:13,Обращение в службу заботы о клиентах
30163,2021-04-18 14:08:26,Обращение в службу заботы о клиентах
30163,2021-04-18 14:09:43,Предложение тарифа
51403,2021-04-20 20:32:04,Состояние клиентского оборудования
51415,2021-04-08 18:06:36,Предложение тарифа
51415,2021-04-08 18:10:25,Обращение в службу заботы о клиентах
51415,2021-04-08 18:18:02,Смена схемы оплаты
51415,2021-04-08 18:21:02,Смена тарифа
51415,2021-04-08 18:21:12,Смена схемы оплаты
51415,2021-04-08 18:21:38,Изменение истории
51415,2021-04-08 18:21:49,Изменение истории
51415,2021-04-08 18:22:00,Изменение истории
51415,2021-04-08 18:22:11,Изменение истории
51415,2021-04-08 18:23:22,Продление действия тарифа
51415,2021-04-08 18:29:46,Продление действия тарифа
51415,2021-04-08 18:30:28,Изменение истории
51415,2021-04-08 18:40:07,Обращение в службу заботы о клиентах
51415,2021-04-08 21:56:40,Обращение в службу заботы о клиентах
51417,2021-03-11 23:45:48,Смена IP-адреса
51417,2021-03-11 23:48:16,Смена тарифа
51417,2021-03-11 23:48:16,Включена 30% скидка
51417,2021-03-25 12:55:17,Обращение в службу заботы о клиентах
29570,2021-04-14 11:13:08,Реестр договоров
51447,2021-03-17 20:45:04,Предложение IPTV
51447,2021-03-17 20:45:13,Обращение в службу заботы о клиентах
51467,2021-03-29 12:17:09,Реестр договоров
51476,2021-03-30 13:50:52,Предложение ТВ
51476,2021-03-30 13:52:57,Обращение в службу заботы о клиентах
51476,2021-03-30 21:41:28,Состояние клиентского оборудования
51476,2021-03-31 19:39:51,Обращение в службу заботы о клиентах
51495,2021-04-01 18:18:38,Обращение в службу заботы о клиентах
51495,2021-04-01 18:20:18,Обращение в службу заботы о клиентах
8112,2021-04-21 09:12:39,Добавление в Обращались с номеров
8112,2021-04-21 09:20:42,Обращение в службу заботы о клиентах
8112,2021-04-22 20:33:38,Предложение тарифа
8112,2021-04-26 17:40:56,Обращение в службу заботы о клиентах
8112,2021-04-27 12:38:09,Операция с mac-адресом
8112,2021-04-27 12:40:39,Оборудование
8112,2021-04-27 13:04:49,Состояние клиентского оборудования
51507,2021-03-15 22:59:04,Обращение в службу заботы о клиентах
51507,2021-03-15 23:04:27,Предложение ТВ-пакета
51527,2021-03-29 12:24:41,Реестр договоров
51527,2021-04-22 08:29:18,Предложение тарифа
51582,2021-03-25 11:00:08,Обращение в службу заботы о клиентах
51587,2021-04-09 11:22:01,Изменение контактных телефонов
51587,2021-04-09 11:27:14,Изменение контактных телефонов
51591,2021-03-24 10:47:12,Закрепление сообщения
51591,2021-04-06 00:42:34,Добавление в Обращались с номеров
51591,2021-04-06 00:43:21,Обращение в службу заботы о клиентах
51591,2021-04-06 00:44:01,Предложение ТВ
51616,2021-04-27 14:49:29,Включена 20% скидка
51616,2021-04-27 14:49:29,Смена тарифа
51350,2021-03-24 15:06:09,Обращение в службу заботы о клиентах
51636,2021-04-07 16:02:21,Обращение в службу заботы о клиентах
51636,2021-04-07 16:02:57,Предложение ТВ
51642,2021-03-06 14:40:36,Добавление в Обращались с номеров
51642,2021-03-07 10:35:11,Перенос денежных средств
51642,2021-03-07 10:35:20,Обращение в службу заботы о клиентах
51642,2021-03-15 20:04:34,Обращение в службу заботы о клиентах
51642,2021-03-18 12:39:18,Обращение в службу заботы о клиентах
51642,2021-03-19 13:17:11,Смена тарифа
51642,2021-03-19 18:29:09,Предложение автоплатежа
51642,2021-03-19 18:29:15,Обращение в службу заботы о клиентах
51642,2021-04-16 11:51:23,Внесение
11452,2021-03-10 18:50:06,Обращение в службу заботы о клиентах
51647,2021-03-30 09:52:40,Обращение в службу заботы о клиентах
51647,2021-03-30 15:15:10,Состояние клиентского оборудования
51650,2021-04-01 18:51:58,Обращение в службу заботы о клиентах
51650,2021-04-01 18:56:23,Предложение тарифа
51654,2021-04-14 22:00:44,Активация гарантированного платежа
51654,2021-04-14 22:01:24,Обращение в службу заботы о клиентах
51669,2021-03-20 20:23:03,Добавление в Обращались с номеров
51669,2021-03-20 20:23:12,Обращение в службу заботы о клиентах
51669,2021-03-20 21:23:29,Обращение в службу заботы о клиентах
51669,2021-03-22 10:21:26,Обращение в службу заботы о клиентах
51669,2021-03-22 11:08:17,Включение услуги Аренда ТВ-приставки
51669,2021-03-22 11:08:17,Оборудование
51669,2021-03-22 11:08:23,Обращение в службу заботы о клиентах
51669,2021-03-23 12:08:06,Обращение в службу заботы о клиентах
51683,2021-03-31 13:18:51,Обращение в службу заботы о клиентах
51683,2021-03-31 16:36:51,Состояние клиентского оборудования
44552,2021-04-01 12:58:25,Обращение в службу заботы о клиентах
51692,2021-03-27 21:09:45,Обращение в службу заботы о клиентах
51716,2021-03-03 18:44:11,Добавление в Обращались с номеров
51716,2021-03-03 18:45:15,Активация гарантированного платежа
51716,2021-03-03 18:45:50,Обращение в службу заботы о клиентах
8375,2021-04-09 21:48:57,Обращение в службу заботы о клиентах
8375,2021-04-09 21:51:59,Отключение услуги Автоплатёж
8375,2021-04-09 21:52:05,Обращение в службу заботы о клиентах
31860,2021-03-01 18:34:00,Обращение в службу заботы о клиентах
44656,2021-04-04 21:48:40,Обращение в службу заботы о клиентах
44656,2021-04-04 21:50:42,Обращение в службу заботы о клиентах
44656,2021-04-04 21:51:00,Предложение ТВ
44656,2021-04-04 21:51:44,Предложение тарифа
44656,2021-04-04 21:51:54,Обращение в службу заботы о клиентах
8142,2021-04-26 14:28:13,Предложение ТВ
39264,2021-04-20 16:54:09,Обращение в службу заботы о клиентах
39264,2021-04-20 16:59:00,Изменение контактных телефонов
39264,2021-04-20 17:01:08,Предложение тарифа
39264,2021-04-20 17:01:54,Обращение в службу заботы о клиентах
48613,2021-04-15 16:37:21,Перенос денежных средств
48613,2021-04-15 16:38:22,Предложение тарифа
48613,2021-04-15 16:38:45,Обращение в службу заботы о клиентах
11792,2021-03-31 16:25:22,Включена 30% скидка
11792,2021-03-31 16:25:23,Смена тарифа
11792,2021-03-31 16:25:38,Изменение истории
51758,2021-03-01 16:45:56,Изменение контактных телефонов
51758,2021-03-12 11:05:39,Изменение контактных телефонов
51758,2021-03-12 11:46:56,Обращение в службу заботы о клиентах
51765,2021-04-17 11:40:24,Обращение в службу заботы о клиентах
51765,2021-04-17 12:11:08,Обращение в службу заботы о клиентах
51765,2021-04-18 10:06:53,Предложение ТВ
51765,2021-04-18 10:08:09,Обращение в службу заботы о клиентах
51765,2021-04-18 15:10:25,Состояние клиентского оборудования
51796,2021-03-20 15:56:40,Обращение в службу заботы о клиентах
51821,2021-03-23 18:44:04,Обращение в службу заботы о клиентах
51821,2021-03-26 19:35:17,Смена пароля
51821,2021-03-26 19:36:01,Оборудование
51821,2021-03-26 19:47:35,Состояние клиентского оборудования
14846,2021-04-09 23:04:51,Реестр договоров
51844,2021-03-12 21:03:03,Обращение в службу заботы о клиентах
51853,2021-03-10 18:28:51,Обращение в службу заботы о клиентах
51860,2021-03-09 23:52:47,Обращение в службу заботы о клиентах
9459,2021-04-05 11:47:00,Включение IPTV-пакета
9459,2021-04-05 11:47:06,Обращение в службу заботы о клиентах
9459,2021-04-05 11:58:31,Обращение в службу заботы о клиентах
9459,2021-04-06 07:12:50,Добавление в Обращались с номеров
51863,2021-03-17 17:55:44,Обращение в службу заботы о клиентах
51863,2021-03-17 20:15:58,Обращение в службу заботы о клиентах
51863,2021-03-24 15:38:31,Обращение в службу заботы о клиентах
51863,2021-03-31 09:59:03,Обращение в службу заботы о клиентах
9563,2021-03-26 10:53:32,Реестр договоров
51870,2021-03-19 14:17:01,Обращение в службу заботы о клиентах
51870,2021-04-05 14:12:39,Обращение в службу заботы о клиентах
51870,2021-04-05 15:39:46,Обращение в службу заботы о клиентах
51893,2021-04-06 19:09:13,Обращение в службу заботы о клиентах
51899,2021-04-05 10:20:27,Предложение ТВ
51899,2021-04-05 10:20:55,Обращение в службу заботы о клиентах
51899,2021-04-06 09:00:04,Обращение в службу заботы о клиентах
51899,2021-04-27 19:15:53,Изменение данных клиента
51899,2021-04-27 19:15:55,Смена IP-адреса
51899,2021-04-27 19:15:56,Смена тарифа
51899,2021-04-27 19:15:56,Внутреннее сообщение
51899,2021-04-27 19:17:16,Смена пароля
51899,2021-04-27 19:30:00,Оборудование
51899,2021-04-27 19:31:09,Оборудование
51906,2021-03-28 22:04:25,Активация ГП с IVR
51906,2021-04-26 18:08:01,Активация ГП с IVR
51911,2021-03-02 12:55:46,Смена тарифа
51911,2021-03-02 12:56:04,Изменение истории
51924,2021-04-26 09:27:10,Добавление в Обращались с номеров
51924,2021-04-26 09:27:38,Обращение в службу заботы о клиентах
41450,2021-04-14 20:11:44,Обращение в службу заботы о клиентах
41450,2021-04-24 20:59:09,Состояние клиентского оборудования
51929,2021-03-28 08:43:08,Добавление в Обращались с номеров
51929,2021-03-28 08:50:18,Включение интернета на 20 минут
51929,2021-03-28 11:51:02,Состояние клиентского оборудования
51944,2021-03-19 19:39:12,Обращение в службу заботы о клиентах
9465,2021-04-19 15:34:12,Добавление в Обращались с номеров
9465,2021-04-19 15:36:23,Предложение ТВ
9465,2021-04-19 15:37:54,Обращение в службу заботы о клиентах
51948,2021-04-24 17:15:51,Обращение в службу заботы о клиентах
29729,2021-04-04 04:29:20,Смена пароля
29729,2021-04-04 04:32:37,Обращение в службу заботы о клиентах
51989,2021-03-01 22:04:51,Состояние клиентского оборудования
51998,2021-04-19 17:51:19,Состояние клиентского оборудования
51998,2021-04-24 14:35:52,Обращение в службу заботы о клиентах
51998,2021-04-24 17:23:14,Состояние клиентского оборудования
52005,2021-04-26 20:20:01,Обращение в службу заботы о клиентах
10447,2021-03-08 14:56:18,Внутреннее сообщение
10447,2021-03-09 18:54:05,Изменение данных клиента
10447,2021-03-09 18:54:06,Смена IP-адреса
10447,2021-03-09 18:54:36,Смена пароля
10447,2021-03-09 18:55:32,Смена тарифа
10447,2021-03-09 18:55:59,Активация точки подключения на сутки
10447,2021-03-10 19:42:39,Без границ бесплатно. Отключение
10447,2021-03-10 19:42:39,Смена тарифа
10447,2021-03-10 19:43:04,Обращение в службу заботы о клиентах
10447,2021-03-24 16:29:15,Обращение в службу заботы о клиентах
10447,2021-03-24 20:24:09,Изменение данных клиента
10447,2021-03-24 20:24:12,Смена IP-адреса
10447,2021-03-24 20:24:29,Операция с mac-адресом
10447,2021-03-24 20:29:33,Активация точки подключения на сутки
10447,2021-03-24 20:40:23,Обращение в службу заботы о клиентах
10447,2021-04-10 20:03:54,Предложение автоплатежа
10447,2021-04-10 20:04:04,Обращение в службу заботы о клиентах
29903,2021-03-27 09:16:48,Обращение в службу заботы о клиентах
29903,2021-03-27 10:43:51,Обращение в службу заботы о клиентах
29903,2021-04-06 19:10:52,Обращение в службу заботы о клиентах
29903,2021-04-08 21:40:30,Обращение в службу заботы о клиентах
29903,2021-04-09 16:44:48,Обращение в службу заботы о клиентах
29903,2021-04-10 12:24:41,Включение услуги Аренда ТВ-приставки
29903,2021-04-10 12:24:41,Оборудование
29903,2021-04-10 12:31:58,Состояние клиентского оборудования
29903,2021-04-10 12:57:49,Обращение в службу заботы о клиентах
30203,2021-03-07 18:36:49,Обращение в службу заботы о клиентах
30203,2021-03-14 13:01:50,Обращение в службу заботы о клиентах
52039,2021-03-01 08:55:56,Предложение IPTV
52039,2021-03-01 08:56:24,Обращение в службу заботы о клиентах
52039,2021-03-01 11:33:39,Смена IP-адреса
52045,2021-03-03 11:12:28,Внутреннее сообщение
30302,2021-03-27 18:05:41,Обращение в службу заботы о клиентах
52062,2021-04-11 20:22:33,Обращение в службу заботы о клиентах
52062,2021-04-16 17:34:03,Удаление из Обращались с номеров
52073,2021-03-02 21:21:39,Обращение в службу заботы о клиентах
52078,2021-03-09 15:12:00,Обращение в службу заботы о клиентах
52078,2021-03-20 09:04:29,Обращение в службу заботы о клиентах
52078,2021-03-20 11:46:36,Смена пароля
52078,2021-03-20 11:47:43,Оборудование
52078,2021-03-20 11:57:25,Состояние клиентского оборудования
52078,2021-03-20 20:17:30,Обращение в службу заботы о клиентах
52078,2021-03-20 21:34:35,Состояние клиентского оборудования
49740,2021-04-07 11:42:18,Обращение в службу заботы о клиентах
49740,2021-04-07 11:45:03,Изменение данных клиента
52088,2021-03-24 16:43:46,Добавление в Обращались с номеров
52088,2021-03-24 16:43:57,Обращение в службу заботы о клиентах
52089,2021-04-06 15:56:31,Обращение в службу заботы о клиентах
52089,2021-04-06 16:00:26,Смена тарифа
52113,2021-03-24 14:30:53,Обращение в службу заботы о клиентах
52113,2021-03-24 20:22:22,Обращение в службу заботы о клиентах
52113,2021-04-08 19:58:17,Смена пароля
52113,2021-04-08 19:59:34,Предложение тарифа
52113,2021-04-08 19:59:39,Обращение в службу заботы о клиентах
52113,2021-04-08 20:17:24,Обращение в службу заботы о клиентах
52113,2021-04-08 20:42:14,Обращение в службу заботы о клиентах
52113,2021-04-09 11:09:11,Смена пароля
52113,2021-04-09 11:46:04,Состояние клиентского оборудования
52113,2021-04-26 17:29:46,Обращение в службу заботы о клиентах
52118,2021-04-03 10:40:17,Обращение в службу заботы о клиентах
52118,2021-04-07 22:06:46,Предложение ТВ-пакета
52118,2021-04-14 19:27:09,Активация гарантированного платежа
52118,2021-04-14 19:27:25,Обращение в службу заботы о клиентах
52118,2021-04-27 21:23:04,Активация гарантированного платежа
52118,2021-04-27 21:23:15,Обращение в службу заботы о клиентах
52125,2021-03-10 10:20:39,Обращение в службу заботы о клиентах
52125,2021-04-09 22:27:14,Обращение в службу заботы о клиентах
52125,2021-04-09 22:27:35,Предложение ТВ
52132,2021-04-12 22:53:26,Предложение ТВ
14998,2021-03-09 12:28:32,Обращение в службу заботы о клиентах
14998,2021-04-08 19:39:40,Добавление в Обращались с номеров
14998,2021-04-08 19:44:50,Обращение в службу заботы о клиентах
14998,2021-04-08 19:51:19,Обращение в службу заботы о клиентах
14998,2021-04-09 10:25:36,Обращение в службу заботы о клиентах
14998,2021-04-09 10:26:41,Смена пароля
14998,2021-04-09 10:27:45,Обращение в службу заботы о клиентах
52163,2021-04-22 15:46:54,Включена 30% скидка
52163,2021-04-22 15:46:55,Смена тарифа
52196,2021-03-09 20:25:51,Включение интернета на 20 минут
52196,2021-03-09 20:26:14,Обращение в службу заботы о клиентах
52196,2021-04-17 23:17:12,Добавление в Обращались с номеров
52196,2021-04-17 23:25:28,Обращение в службу заботы о клиентах
52196,2021-04-19 12:17:13,Состояние клиентского оборудования
52196,2021-04-19 12:17:31,Включение услуги Аренда ТВ-приставки
52196,2021-04-19 12:17:31,Оборудование
36054,2021-03-16 12:31:12,Обращение в службу заботы о клиентах
36054,2021-03-17 18:36:51,Обращение в службу заботы о клиентах
36054,2021-03-19 11:09:40,Обращение в службу заботы о клиентах
36054,2021-03-19 11:09:52,Отключение услуги Аренда ТВ-приставки
36054,2021-03-19 11:09:59,Оборудование
9158,2021-04-05 16:42:32,Отключение услуги Аренда ТВ-приставки
9158,2021-04-05 16:42:34,Оборудование
9158,2021-04-05 16:42:52,Включение услуги Аренда ТВ-приставки
9158,2021-04-05 16:42:52,Оборудование
9158,2021-04-05 16:43:12,Изменение истории
9158,2021-04-05 16:43:19,Включение старых условий аренды
9158,2021-04-05 16:51:56,Закрепление сообщения
9158,2021-04-06 09:24:39,Обращение в службу заботы о клиентах
9158,2021-04-06 09:25:21,Смена тарифа
9158,2021-04-06 16:34:36,Состояние клиентского оборудования
52222,2021-03-08 20:47:34,Обращение в службу заботы о клиентах
52222,2021-03-26 21:31:33,Внутреннее сообщение
52222,2021-03-27 15:52:34,Изменение данных клиента
52222,2021-03-27 15:53:31,Изменение данных клиента
52222,2021-03-27 15:53:34,Смена IP-адреса
52222,2021-03-27 15:55:01,Смена тарифа
52222,2021-03-27 15:55:52,Смена пароля
52222,2021-03-27 15:56:45,Отключение услуги Аренда ТВ-приставки
52222,2021-03-27 15:56:50,Оборудование
52222,2021-04-26 08:56:38,Обращение в службу заботы о клиентах
52251,2021-04-28 16:20:36,Обращение в службу заботы о клиентах
50728,2021-04-16 01:19:45,Смена пароля
50728,2021-04-16 01:19:58,Обращение в службу заботы о клиентах
50728,2021-04-16 01:20:32,Предложение тарифа
52293,2021-04-27 12:53:08,Обращение в службу заботы о клиентах
52293,2021-04-27 12:55:57,Предложение тарифа
52293,2021-04-28 12:22:40,Обращение в службу заботы о клиентах
52328,2021-04-22 00:08:07,Обращение в службу заботы о клиентах
52328,2021-04-22 00:24:32,Включение интернета на 20 минут
52328,2021-04-22 00:26:47,Предложение автоплатежа
52328,2021-04-22 00:27:16,Предложение тарифа
52328,2021-04-22 00:34:12,Обращение в службу заботы о клиентах
8440,2021-04-12 15:50:24,Предложение ТВ
8440,2021-04-12 15:52:55,Обращение в службу заботы о клиентах
52351,2021-03-03 16:23:46,Обращение в службу заботы о клиентах
52351,2021-03-18 21:39:08,Обращение в службу заботы о клиентах
49412,2021-04-25 12:23:54,Предложение ТВ
49412,2021-04-25 12:24:14,Обращение в службу заботы о клиентах
52368,2021-03-24 17:02:41,Обращение в службу заботы о клиентах
52370,2021-03-14 09:03:56,Обращение в службу заботы о клиентах
52373,2021-03-13 14:36:20,Обращение в службу заботы о клиентах
13753,2021-03-27 23:34:23,Предложение ТВ
13753,2021-03-27 23:34:49,Обращение в службу заботы о клиентах
13753,2021-03-28 09:36:29,Обращение в службу заботы о клиентах
13753,2021-03-28 22:26:04,Обращение в службу заботы о клиентах
13753,2021-03-29 10:23:32,Обращение в службу заботы о клиентах
52408,2021-04-06 15:09:58,Внесение
52408,2021-04-06 15:10:35,Предложение ТВ
52408,2021-04-06 15:12:53,Обращение в службу заботы о клиентах
52408,2021-04-09 15:11:00,Изменение истории
8348,2021-04-24 09:40:41,Предложение ТВ
8348,2021-04-24 09:41:04,Обращение в службу заботы о клиентах
8348,2021-04-24 17:37:29,Обращение в службу заботы о клиентах
8348,2021-04-24 18:22:34,Перенос денежных средств
8348,2021-04-24 18:22:44,Перенос денежных средств
8348,2021-04-24 18:22:53,Перенос денежных средств
52433,2021-03-02 20:09:49,Операция с mac-адресом
52433,2021-03-18 12:02:26,Добавление в Обращались с номеров
52433,2021-03-18 12:03:10,Обращение в службу заботы о клиентах
52433,2021-04-18 19:39:24,Обращение в службу заботы о клиентах
52436,2021-03-01 11:37:45,Обращение в службу заботы о клиентах
52436,2021-03-01 14:52:43,Включение услуги Аренда ТВ-приставки
52436,2021-03-01 14:52:43,Включение IPTV-пакета
52436,2021-03-01 14:52:43,Оборудование
52436,2021-03-01 15:10:41,Состояние клиентского оборудования
52436,2021-04-16 10:08:50,Предложение тарифа
52436,2021-04-16 10:09:23,Обращение в службу заботы о клиентах
52443,2021-04-08 17:27:05,Перенос денежных средств
32686,2021-03-03 15:27:27,Обращение в службу заботы о клиентах
52463,2021-03-16 18:48:30,Добавление в Обращались с номеров
52463,2021-03-16 18:48:43,Обращение в службу заботы о клиентах
52463,2021-03-17 10:02:44,Обращение в службу заботы о клиентах
52463,2021-03-19 21:49:27,Обращение в службу заботы о клиентах
52463,2021-04-25 09:05:45,Обращение в службу заботы о клиентах
52478,2021-03-09 19:25:56,Обращение в службу заботы о клиентах
52481,2021-04-13 18:44:33,Смена тарифа
52481,2021-04-13 18:44:46,Обращение в службу заботы о клиентах
52481,2021-04-23 11:22:08,Смена тарифа
52481,2021-04-23 11:22:30,Удаление из Обращались с номеров
52481,2021-04-23 11:22:30,Изменение контактных телефонов
52481,2021-04-23 11:22:43,Предложение ТВ
52481,2021-04-23 11:23:48,Обращение в службу заботы о клиентах
52481,2021-04-23 11:24:19,Смена тарифа
52486,2021-03-17 08:31:41,Обращение в службу заботы о клиентах
52486,2021-03-23 18:02:21,Обращение в службу заботы о клиентах
52486,2021-04-04 17:23:45,Смена тарифа
52486,2021-04-04 17:26:21,Обращение в службу заботы о клиентах
52486,2021-04-21 09:05:53,Выключение IPTV-пакета
52496,2021-03-17 20:59:14,Обращение в службу заботы о клиентах
52510,2021-03-09 19:03:02,Обращение в службу заботы о клиентах
52520,2021-03-01 10:56:29,Изменение контактных телефонов
52520,2021-03-02 14:35:34,Состояние клиентского оборудования
36375,2021-03-01 16:49:58,Предложение IPTV
36375,2021-03-01 16:50:10,Обращение в службу заботы о клиентах
37479,2021-03-24 18:08:47,Обращение в службу заботы о клиентах
52535,2021-04-09 14:05:48,Обращение в службу заботы о клиентах
52535,2021-04-09 14:39:22,Обращение в службу заботы о клиентах
52535,2021-04-09 14:58:56,Обращение в службу заботы о клиентах
52535,2021-04-09 16:21:33,Активация точки подключения на сутки
52535,2021-04-09 20:24:11,Состояние клиентского оборудования
52535,2021-04-12 19:54:06,Обращение в службу заботы о клиентах
52535,2021-04-28 19:37:51,Обращение в службу заботы о клиентах
52535,2021-04-28 20:12:15,Обращение в службу заботы о клиентах
52543,2021-04-09 17:36:04,Включена 20% скидка
52543,2021-04-09 17:36:04,Смена тарифа
52543,2021-04-09 17:36:39,Изменение истории
52544,2021-03-31 23:08:00,Реестр договоров
52548,2021-04-05 11:04:31,Обращение в службу заботы о клиентах
52548,2021-04-05 11:07:43,Предложение ТВ-пакета
52553,2021-03-02 13:25:47,Обращение в службу заботы о клиентах
52553,2021-03-30 00:00:54,Реестр договоров
52553,2021-03-30 00:01:00,Реестр договоров
52555,2021-03-31 18:04:49,Предложение ТВ
52555,2021-03-31 18:08:52,Обращение в службу заботы о клиентах
52558,2021-04-11 18:40:47,Предложение ТВ-пакета
52558,2021-04-11 18:41:01,Обращение в службу заботы о клиентах
52558,2021-04-15 14:07:28,Состояние клиентского оборудования
52558,2021-04-15 17:09:44,Обращение в службу заботы о клиентах
52558,2021-04-15 17:09:48,Обращение в службу заботы о клиентах
52558,2021-04-28 21:27:27,Обращение в службу заботы о клиентах
52562,2021-04-12 11:35:03,Обращение в службу заботы о клиентах
52603,2021-04-23 20:13:35,Смена пароля
52603,2021-04-23 20:13:48,Обращение в службу заботы о клиентах
52603,2021-04-25 12:23:09,Состояние клиентского оборудования
52613,2021-03-05 12:49:22,Обращение в службу заботы о клиентах
52614,2021-04-22 14:59:36,Смена пароля
52614,2021-04-22 15:00:29,Уведомления: подключение
52614,2021-04-24 04:00:04,Уведомления: отключение
52634,2021-03-24 09:29:14,Обращение в службу заботы о клиентах
52634,2021-04-19 11:53:08,Обращение в службу заботы о клиентах
32199,2021-03-30 14:37:45,Добавление в Обращались с номеров
32199,2021-03-30 14:38:15,Обращение в службу заботы о клиентах
32199,2021-04-14 17:19:28,Обращение в службу заботы о клиентах
32199,2021-04-14 17:19:30,Отключение услуги Аренда ТВ-приставки
32199,2021-04-14 17:19:33,Оборудование
52661,2021-03-11 16:49:49,Обращение в службу заботы о клиентах
52661,2021-03-20 08:06:14,Выключение IPTV-пакета
52661,2021-03-20 08:06:14,Включение IPTV-пакета
52661,2021-03-20 08:06:16,Выключение IPTV-пакета
52704,2021-03-23 20:33:19,Состояние клиентского оборудования
52710,2021-03-17 21:33:07,Активация ГП с IVR
52710,2021-03-26 19:46:31,Обращение в службу заботы о клиентах
52710,2021-03-26 20:09:54,Обращение в службу заботы о клиентах
52710,2021-03-26 20:15:51,Обращение в службу заботы о клиентах
52710,2021-04-20 22:26:51,Активация ГП с IVR
52710,2021-04-23 23:04:44,Внесение
52710,2021-04-23 23:05:41,Обращение в службу заботы о клиентах
52710,2021-04-23 23:10:44,Внутреннее сообщение
52710,2021-04-24 10:31:01,Изменение истории
52739,2021-03-08 04:16:39,Смена пароля
52739,2021-03-30 23:15:30,Реестр договоров
52739,2021-03-30 23:15:37,Реестр договоров
52739,2021-04-13 16:51:03,Смена пароля
52739,2021-04-13 16:54:21,Предложение ТВ
31601,2021-03-09 20:26:13,Операция с mac-адресом
31601,2021-03-09 20:29:32,Оборудование
31601,2021-03-09 21:54:24,Состояние клиентского оборудования
31601,2021-03-22 21:32:35,Обращение в службу заботы о клиентах
31601,2021-03-23 17:26:59,Состояние клиентского оборудования
31601,2021-03-24 18:01:32,Обращение в службу заботы о клиентах
52762,2021-03-17 21:11:12,Состояние клиентского оборудования
49705,2021-04-16 10:56:06,Обращение в службу заботы о клиентах
52773,2021-03-26 20:44:47,Обращение в службу заботы о клиентах
52773,2021-03-27 08:44:04,Обращение в службу заботы о клиентах
52773,2021-03-27 10:53:20,Оборудование
52773,2021-03-27 12:56:50,Состояние клиентского оборудования
52773,2021-03-31 21:14:36,Обращение в службу заботы о клиентах
52773,2021-04-03 12:08:07,Смена тарифа
52778,2021-04-27 15:39:06,Закрепление сообщения
52781,2021-03-01 15:00:05,Закрепление сообщения
52784,2021-03-26 16:06:13,Закрепление сообщения
52784,2021-03-26 16:06:43,Реестр договоров
49793,2021-03-01 16:17:11,Обращение в службу заботы о клиентах
49793,2021-03-02 08:34:51,Активация ГП с IVR
49793,2021-03-07 09:01:02,Активация гарантированного платежа
49793,2021-03-07 09:01:12,Обращение в службу заботы о клиентах
49793,2021-03-10 19:33:53,Активация ГП с IVR
49793,2021-03-19 21:29:16,Активация ГП с IVR
49793,2021-03-26 22:41:11,Активация ГП с IVR
49793,2021-03-30 12:59:51,Активация ГП с IVR
49793,2021-04-13 16:46:36,Активация ГП с IVR
49793,2021-04-25 18:17:28,Активация ГП с IVR
49793,2021-04-28 18:35:24,Предложение автоплатежа
49793,2021-04-28 18:35:55,Обращение в службу заботы о клиентах
49793,2021-04-29 11:07:46,Активация ГП с IVR
8879,2021-04-13 23:22:05,Обращение в службу заботы о клиентах
8879,2021-04-13 23:32:34,Предложение ТВ
52800,2021-03-03 12:02:05,Обращение в службу заботы о клиентах
52814,2021-04-13 13:51:13,Предложение ТВ
52814,2021-04-13 13:52:15,Предложение тарифа
52814,2021-04-13 13:52:29,Обращение в службу заботы о клиентах
52814,2021-04-13 13:53:39,Обращение в службу заботы о клиентах
52849,2021-03-08 19:33:54,Включение интернета на 20 минут
52849,2021-03-08 19:34:16,Обращение в службу заботы о клиентах
52849,2021-04-01 20:16:54,Обращение в службу заботы о клиентах
52849,2021-04-01 20:17:18,Включение интернета на 20 минут
52849,2021-04-01 20:18:08,Предложение ТВ-пакета
52849,2021-04-01 20:18:30,Обращение в службу заботы о клиентах
52855,2021-03-10 12:22:45,Обращение в службу заботы о клиентах
52855,2021-03-30 20:48:48,Возвращение клиента
52855,2021-03-30 20:49:06,Смена тарифа
52855,2021-03-30 20:49:51,Операция с mac-адресом
52855,2021-03-30 20:51:33,Включение услуги Аренда ТВ-приставки
52855,2021-03-30 20:51:33,Включение IPTV-пакета
52855,2021-03-30 20:51:33,Оборудование
52855,2021-03-30 21:02:44,Смена тарифа
52855,2021-03-31 14:23:16,Смена следующего тарифа
52855,2021-04-09 21:04:57,Предложение ТВ-пакета
52855,2021-04-09 21:05:17,Обращение в службу заботы о клиентах
52855,2021-04-29 16:44:22,Обращение в службу заботы о клиентах
9668,2021-03-19 21:04:52,Обращение в службу заботы о клиентах
48887,2021-03-19 17:47:38,Уведомления: подключение
48887,2021-03-19 17:48:12,Уведомления: подтверждение
52861,2021-03-24 16:40:03,Обращение в службу заботы о клиентах
52863,2021-03-06 14:19:55,Обращение в службу заботы о клиентах
52863,2021-03-29 14:23:52,Обращение в службу заботы о клиентах
52863,2021-03-29 15:10:40,Состояние клиентского оборудования
52863,2021-03-29 16:14:43,Обращение в службу заботы о клиентах
52863,2021-03-29 16:21:13,Обращение в службу заботы о клиентах
52863,2021-03-29 17:44:59,Состояние клиентского оборудования
52863,2021-04-29 12:43:39,Предложение ТВ-пакета
52863,2021-04-29 12:44:10,Обращение в службу заботы о клиентах
52873,2021-03-02 16:38:53,Обращение в службу заботы о клиентах
52873,2021-03-10 13:52:16,Обращение в службу заботы о клиентах
52873,2021-03-16 14:26:54,Смена пароля
52873,2021-03-16 14:28:38,Изменение данных клиента
52873,2021-03-16 14:28:40,Смена IP-адреса
52873,2021-03-16 14:28:40,Смена тарифа
52873,2021-03-16 14:28:40,Внутреннее сообщение
52873,2021-03-16 14:32:17,Изменение данных клиента
52873,2021-03-29 17:22:45,Обращение в службу заботы о клиентах
52873,2021-03-29 17:28:59,Изменение данных клиента
52873,2021-03-29 17:35:54,Смена пароля
52873,2021-03-30 14:05:00,Обращение в службу заботы о клиентах
52876,2021-04-26 17:26:54,Смена пароля
52876,2021-04-26 17:28:19,Обращение в службу заботы о клиентах
52876,2021-04-26 17:33:13,Обращение в службу заботы о клиентах
52876,2021-04-26 17:34:49,Закрепление сообщения
52876,2021-04-27 10:28:32,Внутреннее сообщение
52890,2021-04-17 15:19:01,Обращение в службу заботы о клиентах
52890,2021-04-20 22:05:16,Состояние клиентского оборудования
52897,2021-03-22 09:16:47,Обращение в службу заботы о клиентах
52897,2021-03-22 19:12:16,Включение услуги Аренда ТВ-приставки
52897,2021-03-22 19:12:16,Включение IPTV-пакета
52897,2021-03-22 19:12:16,Оборудование
52897,2021-03-22 19:12:17,Оборудование
52897,2021-03-22 19:24:16,Состояние клиентского оборудования
52897,2021-03-22 19:51:43,Обращение в службу заботы о клиентах
52897,2021-03-29 12:25:16,Обращение в службу заботы о клиентах
52940,2021-04-05 12:21:11,Обращение в службу заботы о клиентах
52940,2021-04-19 09:02:04,Отключение услуги Аренда ТВ-приставки
52940,2021-04-19 09:02:07,Оборудование
52940,2021-04-19 09:02:20,Обращение в службу заботы о клиентах
52940,2021-04-22 12:46:00,Обращение в службу заботы о клиентах
52940,2021-04-28 13:50:04,Обращение в службу заботы о клиентах
52940,2021-04-28 13:55:47,Обращение в службу заботы о клиентах
52941,2021-04-10 19:09:21,Добавление в Обращались с номеров
52941,2021-04-10 19:10:13,Предложение тарифа
52941,2021-04-10 19:10:19,Обращение в службу заботы о клиентах
51272,2021-03-13 13:12:47,Обращение в службу заботы о клиентах
52955,2021-03-09 22:15:16,Включение IPTV-пакета
52955,2021-03-09 22:15:47,Обращение в службу заботы о клиентах
52974,2021-03-30 22:33:59,Обращение в службу заботы о клиентах
52974,2021-04-05 13:03:10,Отключение услуги Аренда ТВ-приставки
52974,2021-04-05 13:04:49,Оборудование
52974,2021-04-05 13:05:01,Обращение в службу заботы о клиентах
51508,2021-03-10 11:10:45,Добавление в Обращались с номеров
51508,2021-03-10 11:11:26,Обращение в службу заботы о клиентах
51508,2021-03-10 14:17:01,Обращение в службу заботы о клиентах
51508,2021-03-27 13:00:27,Обращение в службу заботы о клиентах
52984,2021-04-12 15:08:05,Внесение
53000,2021-04-04 15:53:08,Изменение контактных телефонов
53000,2021-04-04 15:53:17,Предложение ТВ
53000,2021-04-04 15:59:56,Обращение в службу заботы о клиентах
53005,2021-04-01 10:13:42,Предложение тарифа
53005,2021-04-01 10:13:55,Обращение в службу заботы о клиентах
53009,2021-04-16 19:36:02,Обращение в службу заботы о клиентах
53009,2021-04-16 19:37:07,Предложение ТВ-пакета
53011,2021-03-28 10:32:30,Предложение тарифа
53011,2021-03-28 10:35:26,Обращение в службу заботы о клиентах
53011,2021-03-28 10:57:40,Предложение ТВ
53011,2021-04-21 15:37:41,Обращение в службу заботы о клиентах
53011,2021-04-26 12:11:20,Смена схемы оплаты
53011,2021-04-26 12:12:29,Без границ бесплатно. Отключение
53011,2021-04-26 12:12:29,Смена тарифа
53011,2021-04-26 12:14:44,Обращение в службу заботы о клиентах
53016,2021-03-10 21:29:50,Обращение в службу заботы о клиентах
53016,2021-03-21 01:54:54,Обращение в службу заботы о клиентах
12877,2021-03-26 17:27:02,Обращение в службу заботы о клиентах
12877,2021-03-26 17:29:51,Смена тарифа
12877,2021-03-26 17:30:34,Обращение в службу заботы о клиентах
53037,2021-03-05 13:58:48,Обращение в службу заботы о клиентах
51840,2021-03-22 15:28:16,Обращение в службу заботы о клиентах
51840,2021-03-25 10:49:41,Предложение ТВ
51840,2021-03-25 10:53:08,Обращение в службу заботы о клиентах
51840,2021-04-22 20:07:44,Предложение тарифа
51840,2021-04-22 20:07:49,Обращение в службу заботы о клиентах
53055,2021-03-18 14:23:54,Закрепление сообщения
13525,2021-04-23 03:13:24,Обращение в службу заботы о клиентах
53084,2021-04-13 07:48:49,Обращение в службу заботы о клиентах
53099,2021-03-10 19:34:04,Добавление в Обращались с номеров
53099,2021-03-10 19:41:24,Обращение в службу заботы о клиентах
53099,2021-03-25 11:06:10,Обращение в службу заботы о клиентах
53099,2021-03-26 11:28:24,Внутреннее сообщение
53099,2021-04-03 10:22:59,Предложение тарифа
53099,2021-04-03 10:23:04,Обращение в службу заботы о клиентах
53099,2021-04-13 16:13:57,Обращение в службу заботы о клиентах
28869,2021-04-15 12:48:26,Смена пароля
28869,2021-04-15 13:10:58,Предложение ТВ
28869,2021-04-15 13:21:38,Обращение в службу заботы о клиентах
53111,2021-03-17 10:19:14,Обращение в службу заботы о клиентах
53111,2021-04-06 11:27:14,Обращение в службу заботы о клиентах
53111,2021-04-10 17:58:11,Обращение в службу заботы о клиентах
53111,2021-04-10 18:01:47,Обращение в службу заботы о клиентах
53111,2021-04-17 11:21:35,Обращение в службу заботы о клиентах
11490,2021-04-06 16:59:16,Внутреннее сообщение
53114,2021-03-08 21:14:13,Включение интернета на 20 минут
53114,2021-03-08 21:14:33,Обращение в службу заботы о клиентах
53114,2021-03-10 18:04:44,Обращение в службу заботы о клиентах
53114,2021-03-10 19:03:19,Состояние клиентского оборудования
53114,2021-04-09 02:47:47,Предложение автоплатежа
53114,2021-04-09 02:49:37,Обращение в службу заботы о клиентах
53114,2021-04-11 09:37:32,Обращение в службу заботы о клиентах
53114,2021-04-14 09:26:54,Обращение в службу заботы о клиентах
53114,2021-04-14 18:37:35,Изменение контактных телефонов
53126,2021-03-16 12:32:14,Предложение IPTV
53126,2021-03-16 12:33:14,Обращение в службу заботы о клиентах
53134,2021-03-30 22:04:54,Обращение в службу заботы о клиентах
51814,2021-04-15 21:12:37,Предложение ТВ
51814,2021-04-15 21:16:56,Обращение в службу заботы о клиентах
53167,2021-03-05 18:05:30,Предложение IPTV
53169,2021-04-14 08:21:14,Предложение ТВ
53169,2021-04-14 08:21:29,Обращение в службу заботы о клиентах
8431,2021-03-29 15:47:07,Изменение контактных телефонов
8431,2021-03-29 15:57:03,Обращение в службу заботы о клиентах
8431,2021-03-30 17:23:30,Смена тарифа
8431,2021-04-06 16:26:39,Продление действия тарифа
8431,2021-04-06 16:31:57,Продление действия тарифа
8431,2021-04-06 16:33:47,Продление действия тарифа
53197,2021-03-20 16:43:06,Изменение контактных телефонов
53197,2021-03-20 16:43:31,Обращение в службу заботы о клиентах
53202,2021-04-20 19:00:12,Предложение автоплатежа
53202,2021-04-20 19:00:24,Обращение в службу заботы о клиентах
53217,2021-03-10 10:12:36,Добавление в Обращались с номеров
53217,2021-03-10 10:12:43,Изменение контактных телефонов
53217,2021-03-10 10:16:46,Обращение в службу заботы о клиентах
53217,2021-03-10 11:11:53,Обращение в службу заботы о клиентах
53217,2021-03-10 14:00:08,Обращение в службу заботы о клиентах
53217,2021-03-10 14:12:28,Обращение в службу заботы о клиентах
53217,2021-03-10 16:03:09,Состояние клиентского оборудования
53217,2021-03-11 13:14:30,Обращение в службу заботы о клиентах
53226,2021-03-24 19:39:48,Обращение в службу заботы о клиентах
53226,2021-04-05 19:17:16,Предложение ТВ
53226,2021-04-05 19:17:32,Обращение в службу заботы о клиентах
53243,2021-04-16 18:26:24,Смена пароля
53243,2021-04-16 18:28:26,Обращение в службу заботы о клиентах
53243,2021-04-16 18:32:45,Предложение ТВ-пакета
13430,2021-03-04 19:28:30,Изменение контактных телефонов
13430,2021-03-04 19:30:09,Обращение в службу заботы о клиентах
13430,2021-03-05 13:35:28,Добавление в Обращались с номеров
13430,2021-03-05 13:36:18,Смена пароля
13430,2021-03-05 14:06:53,Предложение IPTV
53257,2021-03-31 12:26:01,Обращение в службу заботы о клиентах
53257,2021-03-31 15:00:57,Смена пароля
53257,2021-03-31 15:02:23,Смена тарифа
53257,2021-03-31 15:02:36,Смена следующего тарифа
53257,2021-03-31 15:06:05,Состояние клиентского оборудования
53261,2021-03-04 14:59:31,Внутреннее сообщение
53261,2021-03-31 14:37:47,Закрепление сообщения
53264,2021-03-04 13:24:30,Обращение в службу заботы о клиентах
53264,2021-03-04 18:42:58,Замена оборудования
53264,2021-03-04 18:42:58,Отключение услуги Аренда ТВ-приставки
53264,2021-03-04 18:57:08,Состояние клиентского оборудования
53264,2021-03-07 14:37:40,Обращение в службу заботы о клиентах
53284,2021-03-11 14:50:05,Изменение контактных телефонов
53284,2021-03-11 14:50:27,Изменение контактных телефонов
53286,2021-04-18 22:12:44,Обращение в службу заботы о клиентах
53286,2021-04-19 14:17:12,Предложение ТВ-пакета
53286,2021-04-19 14:17:30,Обращение в службу заботы о клиентах
53286,2021-04-22 13:58:24,Обращение в службу заботы о клиентах
40296,2021-04-28 13:37:32,Обращение в службу заботы о клиентах
40296,2021-04-28 13:43:46,Обращение в службу заботы о клиентах
40296,2021-04-28 14:16:14,Обращение в службу заботы о клиентах
53311,2021-03-19 15:24:03,Предложение ТВ-пакета
53311,2021-03-19 15:24:14,Обращение в службу заботы о клиентах
53311,2021-03-19 18:52:56,Операция с mac-адресом
53311,2021-03-19 18:53:11,Смена тарифа
53311,2021-03-19 18:53:51,Обращение в службу заботы о клиентах
53324,2021-03-11 22:54:59,Обращение в службу заботы о клиентах
10555,2021-03-28 14:23:06,Обращение в службу заботы о клиентах
10555,2021-03-28 15:00:36,Обращение в службу заботы о клиентах
53331,2021-04-28 12:01:37,Обращение в службу заботы о клиентах
53343,2021-03-08 14:30:42,Удаление телефона из записи
53343,2021-03-20 13:58:40,Закрепление сообщения
53343,2021-03-20 14:04:45,Обращение в службу заботы о клиентах
53349,2021-04-05 17:19:05,Смена пароля
53349,2021-04-05 17:30:32,Выключение IPTV-пакета
53349,2021-04-05 17:30:32,Включение IPTV-пакета
53354,2021-03-23 19:36:32,Состояние клиентского оборудования
53354,2021-03-24 16:28:14,Обращение в службу заботы о клиентах
53354,2021-03-24 19:40:01,Тайный покупатель
53354,2021-03-28 21:06:29,Активация гарантированного платежа
53354,2021-03-28 21:06:48,Обращение в службу заботы о клиентах
31809,2021-04-11 12:11:21,Добавление в Обращались с номеров
31809,2021-04-11 12:11:48,Обращение в службу заботы о клиентах
31809,2021-04-11 12:41:41,Обращение в службу заботы о клиентах
53380,2021-04-17 13:44:34,Добавление в Обращались с номеров
53380,2021-04-19 13:20:33,Отключение услуги Аренда ТВ-приставки
53380,2021-04-19 13:20:39,Оборудование
53380,2021-04-19 13:20:46,Обращение в службу заботы о клиентах
53380,2021-04-22 10:31:02,Обращение в службу заботы о клиентах
53418,2021-04-23 13:04:52,Обращение в службу заботы о клиентах
53418,2021-04-24 08:43:58,Обращение в службу заботы о клиентах
53418,2021-04-24 12:53:42,Состояние клиентского оборудования
39968,2021-04-13 13:16:43,Добавление в Обращались с номеров
39968,2021-04-13 13:18:21,Обращение в службу заботы о клиентах
53445,2021-03-27 08:16:33,Активация гарантированного платежа
53445,2021-03-27 08:18:09,Обращение в службу заботы о клиентах
53459,2021-03-22 14:42:51,Обращение в службу заботы о клиентах
53459,2021-04-11 18:37:47,Обращение в службу заботы о клиентах
53459,2021-04-12 20:32:23,Предложение тарифа
53459,2021-04-13 14:37:36,Обращение в службу заботы о клиентах
53479,2021-03-24 13:03:22,Предложение ТВ
53479,2021-03-24 13:06:18,Обращение в службу заботы о клиентах
53479,2021-03-30 17:18:06,Обращение в службу заботы о клиентах
53514,2021-03-04 15:36:09,Обращение в службу заботы о клиентах
53523,2021-04-03 18:38:51,Добавление в Обращались с номеров
53523,2021-04-03 18:40:11,Смена тарифа
53523,2021-04-03 18:40:46,Обращение в службу заботы о клиентах
51543,2021-03-06 13:53:17,Обращение в службу заботы о клиентах
10315,2021-03-19 19:22:48,Перенос денежных средств
10315,2021-03-19 19:22:57,Изменение истории
53546,2021-03-14 15:39:57,Обращение в службу заботы о клиентах
53546,2021-04-23 02:59:16,Обращение в службу заботы о клиентах
53551,2021-03-31 17:25:36,Предложение ТВ
53551,2021-03-31 17:26:27,Обращение в службу заботы о клиентах
53551,2021-04-01 17:03:53,Возвращение клиента
53551,2021-04-01 17:03:53,Смена тарифа
53551,2021-04-01 17:03:53,Внутреннее сообщение
53551,2021-04-01 17:04:17,Смена следующего тарифа
53552,2021-03-16 16:55:05,Изменение контактных телефонов
33584,2021-04-05 18:26:52,Обращение в службу заботы о клиентах
33584,2021-04-05 18:27:38,Предложение тарифа
53568,2021-04-27 16:12:31,Добавление в Обращались с номеров
53568,2021-04-27 16:14:51,Предложение тарифа
53568,2021-04-27 16:15:00,Смена тарифа
53580,2021-03-17 11:14:38,Добавление в Обращались с номеров
53580,2021-03-17 11:14:55,Обращение в службу заботы о клиентах
53614,2021-03-24 15:31:23,Предложение ТВ
53614,2021-03-24 15:36:16,Обращение в службу заботы о клиентах
53614,2021-03-29 16:39:54,Включение услуги Аренда ТВ-приставки
53614,2021-03-29 16:39:54,Включение IPTV-пакета
53614,2021-03-29 16:39:54,Оборудование
53614,2021-03-29 16:40:15,Включение услуги Аренда ТВ-приставки
53614,2021-03-29 16:40:15,Оборудование
53614,2021-03-29 16:40:34,Включение услуги Аренда ТВ-приставки
53614,2021-03-29 16:40:34,Оборудование
53614,2021-03-29 16:49:58,Состояние клиентского оборудования
53614,2021-04-04 17:17:06,Активация гарантированного платежа
53614,2021-04-04 17:17:41,Обращение в службу заботы о клиентах
53614,2021-04-06 17:08:35,Предложение тарифа
53614,2021-04-06 17:09:37,Смена тарифа
53614,2021-04-06 17:09:59,Обращение в службу заботы о клиентах
53614,2021-04-07 15:31:50,Состояние клиентского оборудования
53614,2021-04-07 18:07:06,Активация гарантированного платежа
53614,2021-04-07 18:08:15,Обращение в службу заботы о клиентах
53614,2021-04-10 16:26:59,Обращение в службу заботы о клиентах
53614,2021-04-10 16:31:07,Обращение в службу заботы о клиентах
53614,2021-04-11 13:41:48,Обращение в службу заботы о клиентах
53614,2021-04-14 15:34:36,Обращение в службу заботы о клиентах
53614,2021-04-15 16:40:13,Отключение услуги Аренда ТВ-приставки
53614,2021-04-15 16:40:17,Оборудование
53614,2021-04-15 16:40:26,Отключение услуги Аренда ТВ-приставки
53614,2021-04-15 16:40:32,Оборудование
53614,2021-04-15 16:40:39,Отключение услуги Аренда ТВ-приставки
53614,2021-04-15 16:40:43,Оборудование
53614,2021-04-15 16:41:00,Оборудование
53614,2021-04-15 16:43:54,Состояние клиентского оборудования
53624,2021-04-09 10:34:04,Обращение в службу заботы о клиентах
53624,2021-04-09 11:04:45,Обращение в службу заботы о клиентах
9989,2021-03-18 09:39:23,Обращение в службу заботы о клиентах
53676,2021-04-29 20:25:35,Обращение в службу заботы о клиентах
30370,2021-03-14 21:33:12,Обращение в службу заботы о клиентах
53688,2021-03-12 13:38:59,Обращение в службу заботы о клиентах
53688,2021-03-12 18:51:08,Состояние клиентского оборудования
53693,2021-03-26 21:54:09,Предложение ТВ
53693,2021-03-26 21:54:24,Обращение в службу заботы о клиентах
53702,2021-04-22 12:18:44,Предложение ТВ
53704,2021-03-01 17:02:55,Состояние клиентского оборудования
53704,2021-03-02 14:52:37,Состояние клиентского оборудования
53704,2021-03-07 18:24:50,Состояние клиентского оборудования
53704,2021-03-21 19:01:16,Активация ГП с IVR
53704,2021-03-24 19:28:07,Включение интернета на 20 минут
53704,2021-03-24 19:28:37,Обращение в службу заботы о клиентах
53704,2021-03-29 12:47:48,Смена пароля
53704,2021-03-29 13:43:17,Обращение в службу заботы о клиентах
53704,2021-03-29 14:43:56,Обращение в службу заботы о клиентах
53704,2021-03-29 14:44:01,Оборудование
35859,2021-03-23 15:14:03,Смена тарифа
29392,2021-03-03 14:24:30,Изменение контактных телефонов
29392,2021-03-03 17:45:46,Обращение в службу заботы о клиентах
29392,2021-03-05 12:41:12,Смена тарифа
29392,2021-03-05 12:41:25,Включена 30% скидка
29392,2021-03-05 12:41:40,Смена схемы оплаты
29392,2021-03-09 09:59:46,Обращение в службу заботы о клиентах
53718,2021-03-07 20:19:40,Добавление в Обращались с номеров
53739,2021-03-16 12:14:12,Обращение в службу заботы о клиентах
13524,2021-04-28 21:31:32,Выключение IPTV-пакета
13524,2021-04-28 21:32:10,Обращение в службу заботы о клиентах
53759,2021-03-31 16:10:35,Добавление в Обращались с номеров
53759,2021-03-31 16:10:53,Обращение в службу заботы о клиентах
53759,2021-03-31 16:15:18,Предложение ТВ
53759,2021-03-31 16:17:10,Внутреннее сообщение
8190,2021-03-22 18:32:10,Обращение в службу заботы о клиентах
8190,2021-03-23 10:35:59,Обращение в службу заботы о клиентах
8190,2021-03-31 13:24:22,Отключение услуги Аренда ТВ-приставки
8190,2021-03-31 13:24:24,Оборудование
8190,2021-03-31 13:24:42,Изменение истории
8190,2021-03-31 13:26:38,Изменение истории
8190,2021-03-31 13:27:04,Продление действия тарифа
8190,2021-03-31 13:27:24,Обращение в службу заботы о клиентах
8190,2021-03-31 13:56:40,Закрепление сообщения
8190,2021-03-31 13:59:42,Смена тарифа
8190,2021-03-31 20:38:12,Обращение в службу заботы о клиентах
8190,2021-03-31 20:43:06,Смена пароля
8190,2021-04-11 19:45:34,Обращение в службу заботы о клиентах
28016,2021-04-04 19:43:08,Обращение в службу заботы о клиентах
44510,2021-03-28 19:44:31,Обращение в службу заботы о клиентах
49045,2021-04-07 21:53:52,Внутреннее сообщение
49045,2021-04-08 12:29:31,Изменение данных клиента
49045,2021-04-08 12:30:21,Изменение данных клиента
49045,2021-04-08 12:30:24,Смена IP-адреса
49045,2021-04-08 12:30:43,Операция с mac-адресом
49045,2021-04-08 12:37:42,Смена IP-адреса
49045,2021-04-24 22:51:14,Манипуляции с оборудованием
53768,2021-03-28 10:44:21,Обращение в службу заботы о клиентах
53770,2021-04-24 09:45:16,Смена пароля
53770,2021-04-24 09:46:41,Обращение в службу заботы о клиентах
53775,2021-03-06 22:13:18,Обращение в службу заботы о клиентах
53780,2021-03-02 18:17:45,Обращение в службу заботы о клиентах
53780,2021-04-14 22:56:16,Обращение в службу заботы о клиентах
53803,2021-04-04 14:19:42,Внутреннее сообщение
53803,2021-04-04 17:35:40,Изменение данных клиента
53803,2021-04-04 17:36:34,Изменение данных клиента
53803,2021-04-04 17:36:37,Смена IP-адреса
53803,2021-04-04 17:37:23,Смена пароля
53803,2021-04-04 17:38:00,Смена тарифа
53803,2021-04-04 17:38:10,Активация точки подключения на сутки
53803,2021-04-04 17:40:55,Изменение истории
53803,2021-04-04 17:40:58,Изменение истории
53803,2021-04-04 17:41:01,Изменение истории
53803,2021-04-04 17:41:06,Изменение истории
53803,2021-04-04 17:43:10,Включение услуги Аренда ТВ-приставки
53803,2021-04-04 17:43:10,Включение IPTV-пакета
53803,2021-04-04 17:43:10,Оборудование
53803,2021-04-04 17:45:41,Оборудование
53808,2021-04-12 20:31:09,Обращение в службу заботы о клиентах
53809,2021-04-02 19:17:29,Предложение ТВ
53809,2021-04-02 19:17:55,Обращение в службу заботы о клиентах
53835,2021-03-27 18:31:47,Обращение в службу заботы о клиентах
53835,2021-04-29 14:43:09,Перенос денежных средств
53835,2021-04-29 14:43:17,Перенос денежных средств
32188,2021-03-12 13:27:44,Обращение в службу заботы о клиентах
32188,2021-03-17 13:17:52,Предложение доп.гарантии на роутер
53844,2021-03-24 15:27:39,Добавление в Обращались с номеров
53844,2021-03-24 15:28:01,Обращение в службу заботы о клиентах
53844,2021-03-27 23:30:55,Обращение в службу заботы о клиентах
7873,2021-04-01 23:03:06,Добавление в Обращались с номеров
7873,2021-04-01 23:04:39,Предложение тарифа
7873,2021-04-01 23:04:47,Обращение в службу заботы о клиентах
53852,2021-03-10 11:55:13,Предложение IPTV
53852,2021-03-10 11:55:19,Обращение в службу заботы о клиентах
53857,2021-03-16 11:10:15,Обращение в службу заботы о клиентах
53857,2021-03-16 11:24:12,Обращение в службу заботы о клиентах
53857,2021-03-16 13:34:47,Обращение в службу заботы о клиентах
53857,2021-03-17 15:06:05,Состояние клиентского оборудования
53857,2021-04-13 16:31:50,Смена схемы оплаты
53857,2021-04-13 16:32:13,Обращение в службу заботы о клиентах
53857,2021-04-29 11:57:33,Обращение в службу заботы о клиентах
42279,2021-03-01 20:53:02,Обращение в службу заботы о клиентах
42279,2021-03-06 20:32:46,Удаление телефона из записи
42279,2021-03-06 20:33:01,Удаление из Обращались с номеров
53861,2021-03-31 14:29:53,Включена 30% скидка
53861,2021-03-31 14:29:55,Смена тарифа
53861,2021-03-31 14:30:13,Изменение истории
53867,2021-03-28 20:14:32,Обращение в службу заботы о клиентах
53892,2021-04-08 17:48:21,Удаление из Обращались с номеров
53892,2021-04-08 17:48:28,Изменение контактных телефонов
53892,2021-04-08 17:48:54,Предложение тарифа
53892,2021-04-08 17:49:03,Обращение в службу заботы о клиентах
28003,2021-03-03 12:59:27,Обращение в службу заботы о клиентах
28003,2021-03-03 16:03:16,Состояние клиентского оборудования
28003,2021-04-03 21:16:50,Обращение в службу заботы о клиентах
53913,2021-04-29 14:10:33,Обращение в службу заботы о клиентах
43538,2021-03-22 21:57:14,Обращение в службу заботы о клиентах
43538,2021-03-29 12:41:25,Изменение контактных телефонов
53960,2021-03-17 11:17:41,Изменение контактных телефонов
53960,2021-03-17 17:26:11,Состояние клиентского оборудования
53972,2021-04-29 18:40:14,Обращение в службу заботы о клиентах
53985,2021-03-06 15:55:12,Обращение в службу заботы о клиентах
53985,2021-03-07 15:49:38,Обращение в службу заботы о клиентах
53985,2021-03-07 15:53:44,Обращение в службу заботы о клиентах
53985,2021-04-08 10:36:33,Обращение в службу заботы о клиентах
53985,2021-04-08 13:49:41,Состояние клиентского оборудования
53985,2021-04-27 11:21:25,Предложение тарифа
53985,2021-04-27 11:21:36,Обращение в службу заботы о клиентах
53992,2021-03-15 16:05:59,Обращение в службу заботы о клиентах
53992,2021-03-15 16:08:36,Внутреннее сообщение
53992,2021-03-15 16:26:17,Выключение IPTV-пакета
53992,2021-03-15 16:27:06,Закрепление сообщения
53992,2021-03-16 21:10:32,Изменение данных клиента
53992,2021-03-16 21:10:35,Смена IP-адреса
53992,2021-03-16 21:10:35,Смена тарифа
53992,2021-03-16 21:10:35,Внутреннее сообщение
53992,2021-03-16 21:10:56,Смена пароля
53992,2021-03-16 21:12:34,Изменение истории
53992,2021-03-17 10:39:30,Изменение истории
53992,2021-03-17 10:39:50,Закрепление сообщения
54014,2021-03-01 11:16:30,Состояние клиентского оборудования
54017,2021-03-08 09:49:15,Обращение в службу заботы о клиентах
12730,2021-04-13 13:17:28,Обращение в службу заботы о клиентах
54029,2021-03-05 13:24:35,Обращение в службу заботы о клиентах
54029,2021-03-05 13:25:33,Предложение IPTV
54030,2021-03-07 20:55:53,Обращение в службу заботы о клиентах
54030,2021-03-09 15:01:57,Состояние клиентского оборудования
54030,2021-03-31 23:03:15,Уведомления: подключение
54030,2021-04-02 04:00:05,Уведомления: отключение
54030,2021-04-23 09:42:56,Предложение автоплатежа
54030,2021-04-23 09:43:02,Обращение в службу заботы о клиентах
31699,2021-04-01 17:09:26,Обращение в службу заботы о клиентах
31699,2021-04-01 19:31:15,Обращение в службу заботы о клиентах
54046,2021-03-26 16:16:33,Реестр договоров
54046,2021-03-26 16:16:40,Реестр договоров
10325,2021-03-06 15:20:23,Обращение в службу заботы о клиентах
10325,2021-03-14 16:54:19,Обращение в службу заботы о клиентах
10325,2021-03-14 17:38:16,Обращение в службу заботы о клиентах
10325,2021-03-20 11:47:11,Обращение в службу заботы о клиентах
54052,2021-04-08 17:02:08,Предложение ТВ
54052,2021-04-08 17:02:13,Обращение в службу заботы о клиентах
54055,2021-03-11 16:44:09,Обращение в службу заботы о клиентах
54058,2021-04-15 11:15:21,Обращение в службу заботы о клиентах
54058,2021-04-18 15:45:02,Предложение ТВ
10523,2021-03-07 11:27:07,Перенос денежных средств
7827,2021-04-11 15:25:31,Перенос денежных средств
54067,2021-03-30 18:41:10,Обращение в службу заботы о клиентах
54067,2021-03-30 18:42:35,Внесение
54067,2021-03-30 20:39:16,Обращение в службу заботы о клиентах
54067,2021-04-01 18:31:01,Изменение истории
54088,2021-03-01 16:16:34,Смена тарифа
54088,2021-03-09 11:06:45,Обращение в службу заботы о клиентах
54088,2021-03-14 10:02:59,Обращение в службу заботы о клиентах
40858,2021-03-07 18:51:21,Добавление в Обращались с номеров
40858,2021-03-07 18:53:34,Обращение в службу заботы о клиентах
40858,2021-03-07 19:06:24,Обращение в службу заботы о клиентах
40858,2021-03-07 19:06:57,Предложение IPTV
54110,2021-03-18 18:30:00,Обращение в службу заботы о клиентах
39166,2021-03-18 10:35:39,Добавление в Обращались с номеров
39166,2021-03-18 10:36:09,Предложение IPTV
39166,2021-03-18 10:36:20,Обращение в службу заботы о клиентах
54116,2021-03-19 08:32:41,Предложение ТВ-пакета
54116,2021-03-19 08:32:45,Обращение в службу заботы о клиентах
54116,2021-04-26 19:30:01,Обращение в службу заботы о клиентах
54116,2021-04-26 19:38:11,Обращение в службу заботы о клиентах
54116,2021-04-26 22:13:03,Обращение в службу заботы о клиентах
54116,2021-04-26 22:19:59,Состояние клиентского оборудования
54116,2021-04-26 22:22:18,Активация точки подключения на сутки
54116,2021-04-26 22:23:26,Активация точки подключения на сутки
54116,2021-04-27 19:30:10,Обращение в службу заботы о клиентах
54123,2021-04-19 19:27:16,Предложение ТВ
54123,2021-04-19 19:27:21,Обращение в службу заботы о клиентах
54140,2021-03-16 08:46:49,Обращение в службу заботы о клиентах
54140,2021-04-01 18:47:38,Предложение тарифа
54140,2021-04-01 19:00:18,Обращение в службу заботы о клиентах
54140,2021-04-02 11:07:50,Смена тарифа
54140,2021-04-02 11:08:18,Изменение истории
54140,2021-04-02 12:35:43,Обращение в службу заботы о клиентах
54140,2021-04-09 09:40:31,Отключение услуги Аренда ТВ-приставки
54140,2021-04-09 09:40:34,Оборудование
54140,2021-04-09 09:40:46,Обращение в службу заботы о клиентах
54163,2021-03-30 13:58:12,Обращение в службу заботы о клиентах
54163,2021-04-10 16:34:37,Предложение тарифа
54163,2021-04-10 16:34:43,Обращение в службу заботы о клиентах
54167,2021-03-05 13:18:59,Обращение в службу заботы о клиентах
54167,2021-03-07 12:08:42,Обращение в службу заботы о клиентах
54167,2021-03-07 12:16:01,Обращение в службу заботы о клиентах
54167,2021-03-08 22:25:11,Обращение в службу заботы о клиентах
54167,2021-03-18 19:33:39,Обращение в службу заботы о клиентах
54167,2021-03-24 00:09:02,Обращение в службу заботы о клиентах
36954,2021-04-25 17:21:12,Предложение тарифа
36954,2021-04-25 17:22:45,Смена тарифа
36954,2021-04-25 17:24:39,Обращение в службу заботы о клиентах
36954,2021-04-25 17:48:51,Обращение в службу заботы о клиентах
54180,2021-03-24 16:43:33,Обращение в службу заботы о клиентах
54180,2021-03-24 16:44:59,Активация автоматического гарантированного платежа
54180,2021-03-24 16:45:03,Обращение в службу заботы о клиентах
54180,2021-03-28 13:13:43,Обращение в службу заботы о клиентах
54180,2021-03-28 13:13:45,Предложение автоплатежа
54180,2021-04-28 12:41:51,Обращение в службу заботы о клиентах
54184,2021-03-19 22:43:26,Обращение в службу заботы о клиентах
54184,2021-04-28 21:03:21,Предложение ТВ
54184,2021-04-28 21:03:33,Обращение в службу заботы о клиентах
54186,2021-03-19 13:50:42,Активация ГП с IVR
54186,2021-04-05 03:47:57,Добавление в Обращались с номеров
54186,2021-04-05 03:48:42,Предложение тарифа
11297,2021-04-06 15:16:47,Обращение в службу заботы о клиентах
54199,2021-03-04 20:58:48,Включение интернета на 20 минут
54199,2021-04-03 21:36:32,Обращение в службу заботы о клиентах
54199,2021-04-03 21:37:11,Предложение автоплатежа
54199,2021-04-03 21:38:21,Предложение тарифа
51797,2021-04-22 12:11:57,Обращение в службу заботы о клиентах
51797,2021-04-22 20:17:48,Предложение ТВ
54241,2021-04-19 09:11:08,Обращение в службу заботы о клиентах
54241,2021-04-19 12:16:08,Состояние клиентского оборудования
54253,2021-03-24 17:50:46,Обращение в службу заботы о клиентах
54253,2021-03-29 15:32:27,Обращение в службу заботы о клиентах
54270,2021-03-20 11:12:15,Обращение в службу заботы о клиентах
54270,2021-03-20 11:32:57,Обращение в службу заботы о клиентах
54270,2021-03-20 11:35:14,Обращение в службу заботы о клиентах
54270,2021-03-20 11:56:07,Обращение в службу заботы о клиентах
54270,2021-03-20 18:42:54,Смена IP-адреса
54270,2021-03-20 18:44:36,Обращение в службу заботы о клиентах
54270,2021-03-21 10:01:35,Обращение в службу заботы о клиентах
54270,2021-03-21 17:08:11,Смена IP-адреса
54270,2021-03-21 17:09:00,Изменение истории
54270,2021-03-21 17:09:12,Изменение истории
54270,2021-03-21 19:21:52,Добавление в Обращались с номеров
54270,2021-03-21 19:24:10,Обращение в службу заботы о клиентах
54270,2021-03-26 16:05:15,Реестр договоров
54270,2021-04-07 16:42:08,Предложение тарифа
54270,2021-04-07 16:42:31,Включена 10% скидка
54270,2021-04-07 16:42:46,Смена тарифа
54270,2021-04-07 16:43:36,Обращение в службу заботы о клиентах
54278,2021-04-14 18:03:41,Обращение в службу заботы о клиентах
54278,2021-04-15 12:24:41,Состояние клиентского оборудования
54208,2021-03-24 15:06:52,Обращение в службу заботы о клиентах
54309,2021-03-28 18:13:17,Обращение в службу заботы о клиентах
54309,2021-03-28 18:20:07,Предложение ТВ
54309,2021-04-01 10:50:30,Удаление из Обращались с номеров
54327,2021-03-23 16:45:22,Смена тарифа
54327,2021-03-23 16:46:21,Смена схемы оплаты
54333,2021-03-13 17:19:17,Активация ГП с IVR
54333,2021-03-13 17:30:54,Предложение IPTV
54333,2021-03-13 17:33:35,Обращение в службу заботы о клиентах
54333,2021-03-13 17:33:59,Обращение в службу заботы о клиентах
54333,2021-04-04 00:41:31,Активация ГП с IVR
54333,2021-04-13 08:42:14,Обращение в службу заботы о клиентах
54333,2021-04-13 11:11:50,Смена пароля
54333,2021-04-13 11:26:26,Состояние клиентского оборудования
54333,2021-04-22 20:13:58,Обращение в службу заботы о клиентах
54333,2021-04-23 10:51:00,Состояние клиентского оборудования
54338,2021-04-25 16:17:26,Обращение в службу заботы о клиентах
54338,2021-04-25 16:49:28,Предложение ТВ
54338,2021-04-25 16:51:28,Предложение тарифа
54338,2021-04-25 16:51:36,Обращение в службу заботы о клиентах
50403,2021-03-21 19:52:17,Обращение в службу заботы о клиентах
50403,2021-03-21 19:54:10,Предложение ТВ-пакета
54349,2021-04-12 21:56:35,Реестр договоров
54349,2021-04-12 21:57:19,Реестр договоров
54362,2021-04-26 18:35:30,Обращение в службу заботы о клиентах
52882,2021-04-08 21:05:36,Смена пароля
52882,2021-04-08 21:05:38,Обращение в службу заботы о клиентах
54391,2021-03-18 20:11:10,Активация гарантированного платежа
54391,2021-03-18 20:11:20,Обращение в службу заботы о клиентах
54391,2021-03-23 23:01:38,Обращение в службу заботы о клиентах
54391,2021-03-23 23:04:43,Обращение в службу заботы о клиентах
54391,2021-03-24 11:36:47,Обращение в службу заботы о клиентах
11801,2021-03-19 17:58:01,Манипуляции с оборудованием
11801,2021-03-19 17:58:07,Манипуляции с оборудованием
40624,2021-03-19 15:12:52,Информер ВК. Показ
40624,2021-03-27 18:46:04,Информер ВК. Показ
40624,2021-04-03 18:55:22,Информер ВК. Показ
42787,2021-03-18 09:58:52,Включение интернета на 20 минут
42787,2021-04-12 20:41:11,Включение интернета на 20 минут
29878,2021-03-25 22:37:57,Показ информатора об изменении уведомлений через ВК платформу
29878,2021-03-25 23:39:54,Показ информатора об изменении уведомлений через ВК платформу
29878,2021-03-27 12:15:01,Показ информатора об изменении уведомлений через ВК платформу
32044,2021-03-17 15:00:32,Информер ВК. Показ
32044,2021-03-17 15:02:17,Информер ВК. Показ
32044,2021-04-21 19:32:43,Информер ВК. Показ
32044,2021-04-21 19:32:48,Информер ВК. Показ
32044,2021-04-21 19:33:45,Информер ВК. Показ
41448,2021-04-10 21:39:07,Информер ВК. Показ
41448,2021-04-10 21:39:38,Гарантированный платеж за деньги
44392,2021-03-04 05:35:33,Гарантированный платеж за деньги
44392,2021-03-09 07:43:01,Гарантированный платеж за деньги
44392,2021-03-17 21:17:18,Гарантированный платеж за деньги
44392,2021-03-27 05:50:03,Гарантированный платеж за деньги
44392,2021-04-02 06:08:04,Гарантированный платеж за деньги
44392,2021-04-14 07:48:10,Гарантированный платеж за деньги
27901,2021-03-18 17:51:44,Информер ВК. Показ
27901,2021-03-18 17:52:28,Информер ВК. Показ
27901,2021-03-18 17:54:15,Информер ВК. Показ
45106,2021-03-01 11:29:44,Информер ВК. Показ
45106,2021-03-01 11:30:10,Гарантированный платеж за деньги
45106,2021-03-04 12:31:01,Включение интернета на 20 минут
45106,2021-03-04 12:39:16,Просмотр раздела Тайный покупатель
45106,2021-03-13 16:01:31,Включение интернета на 20 минут
45106,2021-03-13 16:01:32,Включение интернета на 20 минут
45106,2021-03-13 16:02:11,Гарантированный платеж за деньги
45106,2021-03-21 16:52:56,Включение интернета на 20 минут
29671,2021-04-10 15:15:53,Включение интернета на 20 минут с IVR
41126,2021-03-23 19:23:32,Информер ВК. Показ
41126,2021-03-23 19:24:17,Информер ВК. Показ
41126,2021-03-23 19:27:06,Просмотр раздела Тайный покупатель
41126,2021-03-23 19:27:49,Информер ВК. Показ
47241,2021-03-30 21:26:47,Гарантированный платеж за деньги
47241,2021-04-02 23:42:25,Включение интернета на 20 минут
47241,2021-04-02 23:42:26,Включение интернета на 20 минут
47241,2021-04-05 13:01:17,Включение интернета на 20 минут с IVR
47241,2021-04-09 14:45:23,Гарантированный платеж за деньги
48595,2021-03-08 21:46:16,Включение интернета на 20 минут
48595,2021-03-08 21:46:17,Включение интернета на 20 минут
48595,2021-03-13 20:06:14,Включение интернета на 20 минут
48595,2021-03-14 21:56:41,Включение интернета на 20 минут
48595,2021-03-14 21:56:42,Включение интернета на 20 минут
48595,2021-03-18 15:01:37,Включение интернета на 20 минут
48595,2021-03-19 07:58:45,Гарантированный платеж за деньги
48595,2021-03-22 08:21:18,Включение интернета на 20 минут
48595,2021-03-22 08:21:19,Включение интернета на 20 минут
48595,2021-03-24 08:42:28,Включение интернета на 20 минут
48595,2021-03-29 07:57:54,Гарантированный платеж за деньги
48595,2021-03-29 07:58:07,Включение интернета на 20 минут
48595,2021-04-07 07:23:17,Включение интернета на 20 минут
48595,2021-04-07 07:23:18,Включение интернета на 20 минут
48595,2021-04-09 19:08:38,Включение интернета на 20 минут
48595,2021-04-09 19:08:39,Включение интернета на 20 минут
48595,2021-04-09 19:36:43,Гарантированный платеж за деньги
48595,2021-04-12 19:47:14,Включение интернета на 20 минут
48595,2021-04-14 08:39:28,Включение интернета на 20 минут
48595,2021-04-14 08:39:29,Включение интернета на 20 минут
48595,2021-04-15 10:19:43,Включение интернета на 20 минут
48595,2021-04-15 10:19:44,Включение интернета на 20 минут
48595,2021-04-16 15:47:41,Включение интернета на 20 минут
48595,2021-04-16 15:47:42,Включение интернета на 20 минут
48595,2021-04-17 10:20:25,Гарантированный платеж за деньги
48595,2021-04-22 20:53:52,Гарантированный платеж за деньги
48595,2021-04-24 15:45:49,Информер ВК. Показ
48595,2021-04-24 15:57:53,Информер ВК. Показ
48595,2021-04-24 15:58:47,Информер ВК. Показ
30355,2021-04-19 20:53:31,Гарантированный платеж за деньги
51111,2021-03-01 15:07:21,Включение интернета на 20 минут
51111,2021-03-02 15:19:43,Включение интернета на 20 минут
51111,2021-03-10 18:44:25,Информер ВК. Показ
51111,2021-03-10 18:49:48,Информер ВК. Показ
51111,2021-03-10 18:50:24,Информер ВК. Показ
51111,2021-03-19 19:50:47,Включение интернета на 20 минут
51111,2021-04-01 19:28:24,Включение интернета на 20 минут
53034,2021-03-27 21:53:07,Включение интернета на 20 минут
53034,2021-03-27 21:56:36,Информер ВК. Показ
53034,2021-03-27 21:58:39,Информер ВК. Показ
53034,2021-03-27 21:59:12,Гарантированный платеж за деньги
39115,2021-03-17 20:36:05,Информер ВК. Показ
39115,2021-03-17 20:36:50,Включение интернета на 20 минут
39115,2021-03-18 19:02:47,Информер ВК. Показ
39115,2021-03-18 19:04:07,Информер ВК. Показ
39115,2021-04-04 18:15:42,Турбокнопка платно (1 час)
30167,2021-04-01 09:45:14,Включение интернета на 20 минут
29564,2021-03-26 22:49:59,Информер ВК. Показ
29564,2021-03-26 22:50:46,Гарантированный платеж за деньги
29564,2021-03-28 22:59:38,Информер ВК. Показ
29564,2021-03-29 21:37:16,Информер ВК. Показ
29564,2021-03-29 21:39:24,Включение автоматической активации ГП
56029,2021-04-10 21:43:39,Информер ВК. Показ
56029,2021-04-10 21:43:49,Информер ВК. Показ
56029,2021-04-10 21:44:59,Информер ВК. Показ
56400,2021-04-10 00:02:18,Информер ВК. Показ
56400,2021-04-10 00:04:23,Информер ВК. Показ
56400,2021-04-14 06:47:42,Информер ВК. Показ
56400,2021-04-14 06:49:26,Отключение услуги Автоплатёж
58254,2021-03-08 15:20:29,Включение интернета на 20 минут
58254,2021-03-08 15:20:30,Включение интернета на 20 минут
58777,2021-04-21 23:06:17,Включение интернета на 20 минут с IVR
59263,2021-03-15 10:17:20,Просмотр раздела Тайный покупатель
28738,2021-03-21 18:57:26,Информер ВК. Показ
28738,2021-03-21 18:57:33,Информер ВК. Показ
28738,2021-03-21 18:57:35,Информер ВК. Показ
31566,2021-03-11 09:31:03,Включение интернета на 20 минут с IVR
31566,2021-04-11 13:34:13,Включение интернета на 20 минут
31566,2021-04-11 13:34:14,Включение интернета на 20 минут
31566,2021-04-11 13:43:53,Гарантированный платеж за деньги
31566,2021-04-14 23:03:05,Гарантированный платеж за деньги
31566,2021-04-18 15:18:42,Включение интернета на 20 минут с IVR
39446,2021-03-23 16:45:16,Информер ВК. Показ
39446,2021-03-23 16:45:21,Информер ВК. Показ
39446,2021-03-23 16:47:16,Информер ВК. Показ
61832,2021-03-06 23:08:49,Включение интернета на 20 минут
61832,2021-03-07 10:53:44,Гарантированный платеж за деньги
61832,2021-03-10 17:40:28,Включение интернета на 20 минут
10798,2021-04-24 13:27:38,Информер ВК. Показ
10798,2021-04-24 13:29:02,Информер ВК. Показ
10798,2021-04-25 20:00:56,Включение интернета на 20 минут с IVR
12916,2021-03-28 14:28:51,Включение интернета на 20 минут
12916,2021-03-28 14:28:52,Включение интернета на 20 минут
12916,2021-03-28 14:40:44,Информер ВК. Показ
12916,2021-03-28 14:41:55,Информер ВК. Показ
12916,2021-03-28 14:42:31,Информер ВК. Закрытие
64236,2021-03-01 15:37:01,Информер ВК. Показ
64236,2021-03-04 20:05:31,Информер ВК. Показ
64236,2021-03-04 20:05:41,Гарантированный платеж за деньги
64236,2021-03-08 13:28:17,Информер ВК. Показ
64236,2021-03-08 13:28:24,Гарантированный платеж за деньги
64236,2021-04-04 23:58:25,Включение интернета на 20 минут
67436,2021-03-21 09:41:25,Информер ВК. Показ
67436,2021-03-23 14:09:58,Информер ВК. Показ
67578,2021-03-04 19:42:25,Гарантированный платеж за деньги
67578,2021-03-07 20:16:00,Виртуальное бессмертие. Включение
67578,2021-03-07 20:16:25,Виртуальное бессмертие. Использование
67578,2021-03-07 21:23:48,Без границ бесплатно. Отключение
67578,2021-03-07 21:26:43,Виртуальное бессмертие. Использование
67578,2021-03-16 18:12:24,Включение интернета на 20 минут
67578,2021-03-30 11:42:47,Информер ВК. Показ
67578,2021-03-30 11:42:58,Гарантированный платеж за деньги
67578,2021-04-01 11:38:48,Информер ВК. Показ
67578,2021-04-01 23:35:53,Информер ВК. Показ
67578,2021-04-02 13:00:29,Виртуальное бессмертие. Использование
67578,2021-04-02 14:18:14,Виртуальное бессмертие. Использование
67578,2021-04-02 17:10:01,Виртуальное бессмертие. Использование
68344,2021-03-11 13:55:30,Включение интернета на 20 минут
68892,2021-03-18 17:03:42,Включение интернета на 20 минут
69681,2021-03-03 18:57:57,Включение интернета на 20 минут с IVR
69681,2021-03-11 18:21:05,Информер ВК. Показ
70026,2021-03-10 09:13:05,Информер ВК. Показ
70026,2021-03-11 10:19:29,Информер ВК. Показ
70199,2021-04-19 17:21:55,Гарантированный платеж за деньги
70790,2021-03-19 18:46:09,Включение интернета на 20 минут
71013,2021-04-25 15:44:30,Гарантированный платеж за деньги
71152,2021-03-17 08:24:16,Включение интернета на 20 минут
71152,2021-03-17 08:24:17,Включение интернета на 20 минут
71152,2021-03-17 08:25:25,Гарантированный платеж за деньги
71152,2021-03-17 08:29:23,Просмотр раздела Тайный покупатель
71152,2021-03-17 08:30:35,Информер ВК. Показ
71152,2021-03-17 08:32:24,Информер ВК. Показ
71152,2021-03-17 08:40:36,Информер ВК. Показ
68775,2021-04-09 16:19:42,Включение интернета на 20 минут
72263,2021-03-09 10:41:23,Включение интернета на 20 минут
70056,2021-03-10 19:15:44,Информер ВК. Показ
70056,2021-03-10 19:16:43,Гарантированный платеж за деньги
70056,2021-04-07 14:18:02,Информер ВК. Показ
70056,2021-04-08 12:44:31,Включение интернета на 20 минут с IVR
73242,2021-03-06 13:34:13,Информер ВК. Показ
73242,2021-03-06 13:35:12,Информер ВК. Показ
73242,2021-03-06 13:37:35,Информер ВК. Показ
73375,2021-03-30 07:32:53,Гарантированный платеж за деньги
73375,2021-04-02 08:06:09,Включение интернета на 20 минут
73485,2021-03-14 15:05:51,Гарантированный платеж за деньги
55588,2021-03-14 10:19:37,Просмотр раздела Тайный покупатель
55588,2021-03-27 00:47:07,Информер ВК. Показ
55588,2021-04-07 09:46:33,Информер ВК. Показ
55588,2021-04-08 08:02:06,Информер ВК. Показ
62346,2021-04-16 11:53:58,Информер ВК. Показ
62346,2021-04-16 11:59:10,Информер ВК. Показ
62346,2021-04-16 12:00:03,Информер ВК. Показ
75326,2021-04-05 07:33:17,Гарантированный платеж за деньги
75326,2021-04-21 19:40:58,Включение интернета на 20 минут
76220,2021-03-27 00:09:33,Включение интернета на 20 минут
76220,2021-03-30 21:00:03,Включение интернета на 20 минут
76220,2021-04-04 01:50:18,Включение интернета на 20 минут
76220,2021-04-07 20:57:33,Включение интернета на 20 минут
76220,2021-04-17 23:49:04,Включение интернета на 20 минут
76220,2021-04-23 19:57:42,Включение интернета на 20 минут
76230,2021-03-16 18:46:32,Включение интернета на 20 минут
76843,2021-03-14 18:44:08,Гарантированный платеж за деньги
76843,2021-04-18 22:59:55,Гарантированный платеж за деньги
76843,2021-04-23 00:50:26,Включение интернета на 20 минут
76843,2021-04-27 23:08:52,Включение интернета на 20 минут
76843,2021-04-27 23:08:53,Включение интернета на 20 минут
76843,2021-04-28 23:15:49,Включение интернета на 20 минут
8214,2021-03-13 09:15:36,Информер ВК. Показ
78702,2021-04-16 12:09:40,Информер ВК. Показ
78762,2021-03-23 14:01:03,Включение интернета на 20 минут
78762,2021-03-25 19:02:42,Информер ВК. Показ
78872,2021-03-13 19:13:16,Информер ВК. Показ
78872,2021-03-13 19:21:05,Информер ВК. Показ
78872,2021-03-13 19:24:28,Информер ВК. Показ
78872,2021-03-19 23:50:46,Включение интернета на 20 минут
79236,2021-03-26 08:40:47,Информер ВК. Показ
79236,2021-03-26 08:42:23,Информер ВК. Показ
79236,2021-04-09 15:45:35,Информер ВК. Показ
80811,2021-03-10 19:49:35,Принято заявление и доп. соглашение по переезду
80811,2021-03-10 19:49:39,Информер ВК. Показ
81834,2021-03-04 19:26:32,Гарантированный платеж за деньги
9631,2021-03-26 16:24:54,Информер ВК. Показ
9631,2021-03-26 16:25:12,Информер ВК. Показ
9631,2021-03-29 13:19:16,Информер ВК. Показ
9631,2021-03-29 13:21:16,Просмотр раздела Тайный покупатель
9631,2021-03-29 14:26:58,Смена пароля
72396,2021-03-05 06:27:11,Информер ВК. Показ
72396,2021-03-09 11:34:08,Информер ВК. Показ
72396,2021-03-09 11:36:28,Информер ВК. Показ
72396,2021-03-15 21:36:27,Включение интернета на 20 минут
72396,2021-03-26 21:45:33,Гарантированный платеж за деньги
72396,2021-04-07 11:29:53,Информер ВК. Показ
72396,2021-04-17 19:13:26,Информер ВК. Показ
72396,2021-04-18 21:56:47,Информер ВК. Показ
72396,2021-04-18 21:56:54,Включение интернета на 20 минут
82159,2021-03-08 14:07:18,Включение интернета на 20 минут
82159,2021-03-12 13:09:35,Включение интернета на 20 минут
82159,2021-03-13 18:03:04,Включение интернета на 20 минут
82159,2021-03-18 12:09:19,Включение интернета на 20 минут
82159,2021-03-20 15:52:53,Включение интернета на 20 минут
82159,2021-03-24 11:43:33,Включение интернета на 20 минут
82159,2021-03-26 22:06:23,Включение интернета на 20 минут
82159,2021-03-30 16:18:41,Включение интернета на 20 минут
14633,2021-03-03 22:33:42,Информер ВК. Показ
14633,2021-03-03 22:34:48,Информер ВК. Показ
14633,2021-03-03 22:40:31,Гарантированный платеж за деньги
14633,2021-03-10 21:17:56,Информер ВК. Показ
83130,2021-03-01 22:08:24,Информер ВК. Показ
83130,2021-03-20 21:14:49,Информер ВК. Показ
83130,2021-04-03 17:51:12,Информер ВК. Показ
83130,2021-04-03 17:51:25,Информер ВК. Показ
83130,2021-04-03 17:52:39,Включение интернета на 20 минут
83130,2021-04-03 17:53:48,Включение интернета на 20 минут с IVR
83130,2021-04-05 19:40:44,Абонент оставил отзыв в Личном кабинете
83130,2021-04-05 19:41:10,Включение интернета на 20 минут
83130,2021-04-07 20:31:28,Включение интернета на 20 минут
55867,2021-03-05 22:35:32,Информер ВК. Показ
83467,2021-03-18 06:54:11,Включение интернета на 20 минут
83972,2021-03-14 15:02:12,Включение интернета на 20 минут
83972,2021-03-15 10:33:50,Информер ВК. Показ
83972,2021-03-15 10:34:35,Информер ВК. Показ
83972,2021-03-15 10:35:43,Информер ВК. Показ
77434,2021-03-17 20:03:13,Гарантированный платеж за деньги
77434,2021-04-03 13:53:29,Гарантированный платеж за деньги
77434,2021-04-10 21:00:16,Гарантированный платеж за деньги
77434,2021-04-10 21:07:46,Включение интернета на 20 минут
77434,2021-04-13 21:16:29,Информер ВК. Показ
77434,2021-04-13 21:16:57,Включение интернета на 20 минут
84950,2021-03-04 22:17:30,Включение интернета на 20 минут
84950,2021-03-04 22:17:31,Включение интернета на 20 минут
84950,2021-03-22 23:38:29,Информер ВК. Показ
84950,2021-04-18 19:02:06,Информер ВК. Показ
84950,2021-04-18 19:05:42,Включение интернета на 20 минут
85204,2021-03-11 13:51:51,Включение интернета на 20 минут
85204,2021-04-11 18:16:43,Гарантированный платеж за деньги
85204,2021-04-16 14:47:52,Включение интернета на 20 минут
85287,2021-03-23 13:34:22,Информер ВК. Показ
85287,2021-03-26 21:31:32,Получение подарка в ЛК: сутки интернета на максимальной скорости
85287,2021-03-26 21:31:35,Получение подарка в ЛК: 1 месяц бесплатного просмотра IPTV
85287,2021-03-26 21:31:43,Информер ВК. Показ
85287,2021-03-26 21:31:53,Включение интернета на 20 минут
85287,2021-03-26 21:32:52,Информер ВК. Показ
85287,2021-03-28 02:40:06,Гарантированный платеж за деньги
85287,2021-03-28 02:40:11,Включение интернета на 20 минут
85287,2021-03-31 10:36:47,Включение интернета на 20 минут
85287,2021-03-31 20:38:12,Смена пароля
85287,2021-04-12 13:58:14,Включение автоматической активации ГП
85287,2021-04-24 11:35:55,Информер ВК. Показ
85287,2021-04-25 14:00:33,Включение интернета на 20 минут
85287,2021-04-25 14:00:42,Гарантированный платеж за деньги
85325,2021-03-22 21:14:00,Включение интернета на 20 минут с IVR
86172,2021-03-23 19:34:29,Включение интернета на 20 минут
86204,2021-04-26 10:53:09,Включение интернета на 20 минут с IVR
86421,2021-03-26 16:55:35,Включение интернета на 20 минут
86421,2021-03-26 16:55:36,Включение интернета на 20 минут
88171,2021-03-27 15:02:11,Включение интернета на 20 минут
88171,2021-03-27 15:02:22,Включение интернета на 20 минут
88171,2021-04-02 15:19:45,Включение интернета на 20 минут
88171,2021-04-02 15:19:46,Включение интернета на 20 минут
88171,2021-04-16 18:46:49,Информер ВК. Показ
88171,2021-04-16 19:24:52,Информер ВК. Показ
88171,2021-04-20 10:01:09,Включение интернета на 20 минут
88171,2021-04-20 10:01:10,Включение интернета на 20 минут
88740,2021-04-07 08:42:52,Информер ВК. Показ
88740,2021-04-07 08:43:20,Просмотр раздела Тайный покупатель
89026,2021-03-02 11:18:52,Информер ВК. Показ
89026,2021-03-25 16:11:01,Информер ВК. Показ
89026,2021-03-25 16:12:00,Информер ВК. Показ
89026,2021-04-09 12:44:28,Информер ВК. Показ
89026,2021-04-27 20:32:50,Информер ВК. Показ
89026,2021-04-27 20:33:45,Информер ВК. Показ
90950,2021-03-01 20:33:10,Включение интернета на 20 минут
90950,2021-03-02 22:44:32,Гарантированный платеж за деньги
90950,2021-03-06 10:35:25,Включение интернета на 20 минут
90950,2021-03-09 16:27:44,Включение интернета на 20 минут
90950,2021-03-14 16:43:56,Гарантированный платеж за деньги
90950,2021-03-17 17:01:13,Включение интернета на 20 минут
90950,2021-03-20 20:25:53,Гарантированный платеж за деньги
90950,2021-03-24 19:05:28,Включение интернета на 20 минут
90950,2021-03-31 21:41:15,Гарантированный платеж за деньги
90950,2021-04-05 19:30:14,Включение интернета на 20 минут
90950,2021-04-06 21:35:06,Включение интернета на 20 минут
90950,2021-04-06 21:56:45,Гарантированный платеж за деньги
92359,2021-03-26 08:21:07,Включение интернета на 20 минут
92359,2021-03-30 20:39:55,Включение интернета на 20 минут
92359,2021-03-30 20:40:30,Информер ВК. Показ
92359,2021-03-30 20:40:57,Гарантированный платеж за деньги
92359,2021-04-06 22:14:27,Информер ВК. Показ
93518,2021-04-17 14:32:25,Принято заявление и доп. соглашение по переезду
93518,2021-04-17 14:32:29,Информер ВК. Показ
93518,2021-04-17 14:33:18,Информер ВК. Показ
93518,2021-04-17 14:36:34,Информер ВК. Показ
93518,2021-04-19 11:00:27,Включение интернета на 20 минут с IVR
93789,2021-03-25 17:45:35,Включение интернета на 20 минут
93789,2021-03-25 17:45:36,Включение интернета на 20 минут
93898,2021-03-10 19:05:30,Информер ВК. Показ
93898,2021-03-10 19:09:26,Информер ВК. Показ
93898,2021-03-10 19:11:41,Информер ВК. Показ
93898,2021-04-11 00:07:31,Включение интернета на 20 минут с IVR
93898,2021-04-14 21:44:14,Включение IPTV-пакета
93936,2021-04-16 20:47:21,Включение интернета на 20 минут с IVR
94160,2021-03-07 10:55:57,Включение интернета на 20 минут
94451,2021-03-15 15:04:31,Информер ВК. Показ
94451,2021-03-15 15:08:16,Гарантированный платеж за деньги
94451,2021-03-18 22:04:29,Информер ВК. Показ
94451,2021-03-18 22:06:12,Информер ВК. Показ
94451,2021-03-18 22:06:23,Гарантированный платеж за деньги
94451,2021-03-25 22:00:31,Гарантированный платеж за деньги
94451,2021-03-29 13:25:30,Гарантированный платеж за деньги
94451,2021-04-01 13:39:28,Получение подарка в ЛК: 1 месяц бесплатного просмотра IPTV
94451,2021-04-01 13:39:38,Получение подарка в ЛК: сутки интернета на максимальной скорости
94451,2021-04-01 16:03:04,Выключение IPTV-пакета
94451,2021-04-01 16:20:57,Гарантированный платеж за деньги
94451,2021-04-09 17:16:40,Включение интернета на 20 минут
94451,2021-04-09 17:43:46,Гарантированный платеж за деньги
94567,2021-03-13 19:29:45,Включение интернета на 20 минут
94567,2021-03-13 19:34:05,Информер ВК. Показ
94567,2021-03-13 19:34:55,Информер ВК. Показ
94567,2021-03-13 19:35:22,Информер ВК. Показ
94567,2021-03-22 15:23:03,Просмотр раздела Тайный покупатель
94567,2021-03-22 15:24:52,Отключение услуги Автоплатёж
94936,2021-03-11 17:56:47,Информер ВК. Показ
94936,2021-03-11 17:59:02,Информер ВК. Показ
94936,2021-03-11 17:59:08,Информер ВК. Показ
94936,2021-03-11 18:02:43,Смена тарифа
94936,2021-03-18 08:11:28,Отключение услуги Автоплатёж
94940,2021-03-22 23:05:11,Информер ВК. Показ
94940,2021-03-22 23:05:51,Включение интернета на 20 минут
94940,2021-03-22 23:07:29,Информер ВК. Показ
94940,2021-04-24 17:25:28,Включение интернета на 20 минут с IVR
95030,2021-04-14 15:59:54,Информер ВК. Показ
95030,2021-04-17 21:05:17,Информер ВК. Показ
95030,2021-04-18 13:01:25,Информер ВК. Показ
95374,2021-03-11 15:57:17,Информер ВК. Показ
95374,2021-03-11 16:03:00,Информер ВК. Показ
95374,2021-03-11 16:05:33,Отключение услуги Автоплатёж
95374,2021-03-11 16:06:04,Включение ограничения функций ТВ
95374,2021-03-11 16:07:21,Информер ВК. Показ
95374,2021-04-20 10:19:45,Информер ВК. Показ
95374,2021-04-20 10:20:19,Информер ВК. Показ
95420,2021-04-08 11:44:37,Включение интернета на 20 минут
95567,2021-04-19 22:49:13,Включение интернета на 20 минут
96699,2021-04-17 16:14:03,Включение интернета на 20 минут с IVR
97979,2021-03-30 22:55:00,Информер ВК. Показ
97979,2021-04-11 20:57:45,Информер ВК. Показ
98091,2021-04-20 10:24:03,Включение интернета на 20 минут с IVR
98860,2021-03-01 08:16:10,Включение интернета на 20 минут
98860,2021-03-04 08:11:16,Включение интернета на 20 минут
98860,2021-03-05 08:21:25,Включение интернета на 20 минут
98860,2021-03-10 13:21:10,Информер ВК. Показ
98860,2021-03-10 13:21:25,Включение интернета на 20 минут
98860,2021-03-12 09:04:00,Включение интернета на 20 минут
98860,2021-03-12 14:34:05,Информер ВК. Показ
98860,2021-03-14 07:55:28,Включение интернета на 20 минут
98860,2021-03-19 19:02:53,Включение интернета на 20 минут
98860,2021-04-09 09:00:21,Информер ВК. Показ
98860,2021-04-09 09:00:37,Включение интернета на 20 минут
98970,2021-03-03 16:34:30,Гарантированный платеж за деньги
98970,2021-03-11 18:36:45,Гарантированный платеж за деньги
98970,2021-03-16 19:42:34,Гарантированный платеж за деньги
98970,2021-03-22 20:54:37,Гарантированный платеж за деньги
98970,2021-03-26 22:59:45,Гарантированный платеж за деньги
98970,2021-03-30 00:42:21,Гарантированный платеж за деньги
98970,2021-03-30 00:42:37,Включение интернета на 20 минут
98970,2021-04-03 07:26:31,Гарантированный платеж за деньги
98991,2021-03-18 14:44:18,Гарантированный платеж за деньги
98991,2021-03-22 07:16:22,Информер ВК. Показ
99061,2021-04-06 23:06:25,Включение интернета на 20 минут
99459,2021-04-11 12:33:13,Информер ВК. Показ
99964,2021-04-09 00:55:11,Гарантированный платеж за деньги
100209,2021-03-13 19:44:15,Гарантированный платеж за деньги
100209,2021-03-13 19:44:50,Включение интернета на 20 минут
100209,2021-04-17 01:06:37,Гарантированный платеж за деньги
100209,2021-04-17 01:06:45,Включение интернета на 20 минут
100713,2021-03-02 10:50:58,Включение интернета на 20 минут
100713,2021-03-10 11:34:14,Получение подарка в ЛК: 1 месяц бесплатного просмотра IPTV
100713,2021-03-10 11:34:16,Получение подарка в ЛК: сутки интернета на максимальной скорости
100713,2021-03-10 11:34:17,Информер ВК. Показ
100713,2021-03-10 11:34:26,Информер ВК. Показ
100713,2021-03-10 11:35:18,Без границ платно. Отключение
100713,2021-03-10 11:35:26,Гарантированный платеж за деньги
100713,2021-03-13 11:57:54,Включение интернета на 20 минут
100713,2021-03-19 11:00:46,Информер ВК. Показ
100713,2021-03-23 22:48:25,Гарантированный платеж за деньги
100713,2021-03-27 18:21:11,Включение интернета на 20 минут
100713,2021-04-09 11:34:03,Гарантированный платеж за деньги
100713,2021-04-12 11:49:44,Информер ВК. Показ
100713,2021-04-12 11:49:50,Включение интернета на 20 минут
100713,2021-04-12 12:13:32,Информер ВК. Показ
100713,2021-04-23 22:10:34,Информер ВК. Показ
100713,2021-04-23 22:10:45,Гарантированный платеж за деньги
101946,2021-04-02 16:22:54,Информер ВК. Показ
101946,2021-04-02 16:23:18,Включение интернета на 20 минут
101946,2021-04-02 16:24:11,Гарантированный платеж за деньги
101946,2021-04-02 16:24:20,Информер ВК. Показ
102753,2021-03-10 21:21:09,Включение интернета на 20 минут
102753,2021-03-10 21:44:03,Информер ВК. Показ
102753,2021-03-11 19:29:58,Информер ВК. Показ
102753,2021-03-11 19:30:13,Информер ВК. Показ
103255,2021-03-02 21:42:38,Включение интернета на 20 минут
103255,2021-03-03 10:26:48,Включение IPTV-пакета
103255,2021-03-04 22:00:10,Гарантированный платеж за деньги
103255,2021-03-04 22:02:02,Включение интернета на 20 минут
103255,2021-03-07 22:46:48,Включение интернета на 20 минут
103255,2021-03-07 23:50:19,Выключение IPTV-пакета
103255,2021-03-09 12:11:39,Гарантированный платеж за деньги
103255,2021-03-12 12:28:15,Включение интернета на 20 минут
103255,2021-03-13 12:47:39,Гарантированный платеж за деньги
103255,2021-03-16 14:03:13,Включение интернета на 20 минут
103255,2021-03-20 18:58:55,Гарантированный платеж за деньги
103255,2021-03-23 19:20:44,Информер ВК. Показ
103255,2021-03-24 19:52:27,Информер ВК. Показ
103255,2021-03-24 19:52:40,Гарантированный платеж за деньги
103255,2021-03-27 20:03:03,Включение интернета на 20 минут
103255,2021-03-27 20:03:06,Информер ВК. Показ
103255,2021-03-27 20:08:58,Гарантированный платеж за деньги
103255,2021-03-30 20:09:09,Включение интернета на 20 минут
103255,2021-03-30 20:27:58,Гарантированный платеж за деньги
103255,2021-04-10 20:37:45,Гарантированный платеж за деньги
103255,2021-04-14 21:41:59,Включение интернета на 20 минут
103255,2021-04-14 21:42:12,Гарантированный платеж за деньги
103255,2021-04-17 00:40:51,Абонент оставил отзыв в Личном кабинете
103255,2021-04-17 22:32:18,Включение интернета на 20 минут
103255,2021-04-18 23:33:33,Гарантированный платеж за деньги
103255,2021-04-23 04:46:53,Гарантированный платеж за деньги
103255,2021-04-26 07:53:40,Включение интернета на 20 минут
103255,2021-04-26 08:41:15,Информер ВК. Показ
103742,2021-04-27 19:48:53,Информер ВК. Показ
103742,2021-04-27 19:51:24,Информер ВК. Показ
103767,2021-03-26 22:17:15,Информер ВК. Показ
103767,2021-03-27 13:02:11,Информер ВК. Показ
103767,2021-03-27 13:06:43,Информер ВК. Показ
104686,2021-04-07 20:40:40,Информер ВК. Показ
104686,2021-04-07 20:41:58,Отключение услуги Автоплатёж
104686,2021-04-07 20:42:21,Информер ВК. Показ
104686,2021-04-11 21:51:53,Включение интернета на 20 минут
104686,2021-04-13 10:58:48,Информер ВК. Показ
106467,2021-03-05 12:46:43,Включение интернета на 20 минут с IVR
106467,2021-03-05 18:37:47,Принято заявление и доп. соглашение по переезду
106467,2021-03-05 18:37:52,Абонент оставил отзыв в Личном кабинете
107693,2021-04-04 19:06:36,Включение интернета на 20 минут
107693,2021-04-04 19:07:41,Информер ВК. Показ
29046,2021-03-11 09:15:05,Включение интернета на 20 минут
29046,2021-03-11 09:15:06,Включение интернета на 20 минут
29046,2021-03-11 09:19:32,Информер ВК. Показ
29046,2021-03-11 09:20:19,Информер ВК. Показ
29046,2021-04-05 16:04:58,Информер ВК. Показ
108419,2021-03-13 10:03:23,Гарантированный платеж за деньги
108419,2021-04-07 13:08:59,Информер ВК. Показ
108728,2021-03-11 20:59:50,Информер ВК. Показ
108728,2021-03-11 21:07:17,Информер ВК. Показ
108728,2021-03-11 21:29:29,Информер ВК. Показ
108728,2021-03-22 21:45:15,Включение интернета на 20 минут
108728,2021-03-22 21:46:07,Гарантированный платеж за деньги
108728,2021-03-28 09:06:00,Включение интернета на 20 минут
108728,2021-03-28 10:09:03,Смена тарифа
108728,2021-03-31 12:08:02,Гарантированный платеж за деньги
108885,2021-04-06 20:58:01,Информер ВК. Показ
108885,2021-04-06 21:02:21,Информер ВК. Показ
108885,2021-04-07 15:37:41,Включение интернета на 20 минут с IVR
110162,2021-03-01 07:26:13,Гарантированный платеж за деньги
110162,2021-03-07 12:28:48,Гарантированный платеж за деньги
110162,2021-03-08 02:47:57,Информер ВК. Показ
110162,2021-03-14 16:07:43,Информер ВК. Показ
110162,2021-03-14 16:07:58,Гарантированный платеж за деньги
110162,2021-03-15 20:50:38,Информер ВК. Показ
110162,2021-03-24 16:14:39,Гарантированный платеж за деньги
110162,2021-03-29 17:09:32,Гарантированный платеж за деньги
110162,2021-04-10 00:35:21,Включение интернета на 20 минут с IVR
110520,2021-03-01 19:11:53,Информер ВК. Показ
111671,2021-03-22 20:53:51,Информер ВК. Показ
111671,2021-03-22 20:54:40,Турбокнопка платно (1 час)
111671,2021-03-22 20:55:26,Информер ВК. Показ
111671,2021-04-08 18:51:41,Информер ВК. Показ
111704,2021-03-03 08:01:55,Информер ВК. Показ
111704,2021-03-03 08:02:13,Гарантированный платеж за деньги
111704,2021-03-03 08:02:20,Информер ВК. Показ
111704,2021-03-07 08:04:38,Гарантированный платеж за деньги
111704,2021-03-10 10:39:44,Гарантированный платеж за деньги
111704,2021-03-13 09:02:25,Включение автоматической активации ГП
111704,2021-03-17 16:34:38,Гарантированный платеж за деньги
111704,2021-03-20 16:42:24,Включение интернета на 20 минут
111704,2021-03-20 16:42:25,Включение интернета на 20 минут
111704,2021-03-20 16:42:50,Получение подарка в ЛК: 1 месяц бесплатного просмотра IPTV
111704,2021-03-20 16:42:59,Получение подарка в ЛК: сутки интернета на максимальной скорости
111704,2021-03-20 16:43:13,Информер ВК. Показ
111704,2021-03-22 17:10:07,Гарантированный платеж за деньги
111704,2021-03-28 17:39:32,Гарантированный платеж за деньги
111704,2021-04-02 21:39:49,Гарантированный платеж за деньги
111704,2021-04-07 22:03:11,Информер ВК. Показ
111704,2021-04-07 22:03:21,Гарантированный платеж за деньги
111704,2021-04-07 22:03:28,Информер ВК. Показ
111704,2021-04-12 22:22:02,Гарантированный платеж за деньги
112087,2021-03-04 10:32:55,Информер ВК. Показ
112087,2021-03-14 21:55:02,Информер ВК. Показ
112087,2021-03-31 19:05:17,Информер ВК. Показ
112087,2021-04-05 15:43:39,Информер ВК. Показ
112087,2021-04-09 22:32:46,Гарантированный платеж за деньги
112087,2021-04-09 22:33:15,Включение интернета на 20 минут
112946,2021-04-09 09:33:23,Гарантированный платеж за деньги
113301,2021-03-01 23:17:38,Информер ВК. Показ
113301,2021-03-01 23:18:08,Информер ВК. Показ
113301,2021-03-01 23:18:13,Информер ВК. Показ
113301,2021-03-01 23:18:33,Турбокнопка платно (1 сутки)
113301,2021-03-29 22:39:07,Включение интернета на 20 минут
113301,2021-03-30 22:55:36,Включение интернета на 20 минут
113301,2021-04-01 04:34:31,Включение интернета на 20 минут
113301,2021-04-03 04:06:22,Информер ВК. Показ
113301,2021-04-03 04:54:57,Включение интернета на 20 минут
113301,2021-04-03 15:03:43,Информер ВК. Показ
113301,2021-04-04 05:37:28,Включение интернета на 20 минут
113301,2021-04-07 10:49:09,Включение интернета на 20 минут
113370,2021-03-22 12:54:45,Информер ВК. Показ
113370,2021-03-22 12:55:52,Информер ВК. Показ
113370,2021-03-22 13:07:04,Информер ВК. Показ
113370,2021-03-22 13:07:31,Отключение услуги Автоплатёж
115988,2021-03-12 17:50:37,Показ информатора об изменении уведомлений через ВК платформу
115988,2021-03-12 17:50:47,Включение интернета на 20 минут
115988,2021-03-12 17:52:11,Показ информатора об изменении уведомлений через ВК платформу
115988,2021-04-12 14:06:16,Показ информатора об изменении уведомлений через ВК платформу
115988,2021-04-12 18:47:14,Показ информатора об изменении уведомлений через ВК платформу
115988,2021-04-12 18:47:26,Гарантированный платеж за деньги
115988,2021-04-12 18:47:34,Показ информатора об изменении уведомлений через ВК платформу
115988,2021-04-15 20:55:18,Гарантированный платеж за деньги
116076,2021-04-20 20:21:55,Включение интернета на 20 минут с IVR
116076,2021-04-20 20:26:57,Включение интернета на 20 минут
116087,2021-03-25 21:39:19,Включение интернета на 20 минут
116802,2021-03-26 23:17:08,Гарантированный платеж за деньги
117598,2021-03-16 03:46:05,Включение интернета на 20 минут
118300,2021-03-01 09:20:13,Информер ВК. Показ
118300,2021-03-27 12:37:36,Информер ВК. Показ
118300,2021-03-27 12:38:33,Информер ВК. Показ
118300,2021-04-11 21:03:40,Получение подарка в ЛК: 1 месяц бесплатного просмотра IPTV
118300,2021-04-11 21:03:48,Получение подарка в ЛК: сутки интернета на максимальной скорости
118300,2021-04-11 21:04:01,Информер ВК. Показ
118300,2021-04-13 09:56:53,Смена пароля
118300,2021-04-13 09:58:53,Смена пароля
118300,2021-04-13 09:59:17,Смена пароля
118930,2021-03-06 10:09:12,Информер ВК. Показ
118930,2021-03-06 10:09:27,Гарантированный платеж за деньги
118930,2021-03-12 13:11:03,Информер ВК. Показ
118930,2021-03-12 13:11:13,Гарантированный платеж за деньги
118930,2021-03-21 13:38:24,Информер ВК. Показ
118930,2021-03-21 13:43:23,Смена тарифа
118930,2021-03-29 09:50:22,Гарантированный платеж за деньги
119396,2021-03-18 11:39:36,Информер ВК. Показ
119396,2021-03-18 11:40:34,Просмотр раздела Тайный покупатель
119396,2021-03-18 11:41:01,Информер ВК. Показ
119396,2021-04-16 06:38:47,Информер ВК. Показ
119460,2021-03-10 15:50:11,Информер ВК. Показ
119460,2021-03-14 18:26:10,Информер ВК. Показ
119460,2021-04-04 20:15:04,Включение интернета на 20 минут с IVR
119502,2021-03-12 07:36:05,Включение интернета на 20 минут
119539,2021-03-11 21:49:01,Информер ВК. Показ
119539,2021-03-11 21:57:35,Просмотр раздела Тайный покупатель
119539,2021-03-11 22:09:35,Информер ВК. Показ
119539,2021-03-21 20:28:12,Информер ВК. Показ
119579,2021-03-28 22:02:09,Информер ВК. Показ
119579,2021-03-28 22:02:13,Информер ВК. Показ
119579,2021-03-28 22:02:24,Гарантированный платеж за деньги
119579,2021-03-31 16:19:48,Получение подарка в ЛК: 1 месяц бесплатного просмотра IPTV
119579,2021-03-31 16:19:51,Получение подарка в ЛК: сутки интернета на максимальной скорости
119579,2021-03-31 16:19:57,Информер ВК. Показ
119579,2021-04-01 08:52:04,Включение интернета на 20 минут
119579,2021-04-02 11:32:56,Включение интернета на 20 минут
119579,2021-04-16 17:22:55,Включение интернета на 20 минут
120988,2021-03-06 12:37:15,Гарантированный платеж за деньги
120988,2021-03-18 22:44:50,Гарантированный платеж за деньги
120988,2021-03-21 23:01:41,Включение интернета на 20 минут
120988,2021-03-23 00:23:51,Включение интернета на 20 минут
120988,2021-03-27 00:36:05,Включение интернета на 20 минут
120988,2021-03-29 22:51:17,Включение интернета на 20 минут
120988,2021-04-06 10:47:01,Гарантированный платеж за деньги
121082,2021-03-10 10:50:34,Информер ВК. Показ
121082,2021-03-10 10:50:45,Турбокнопка бесплатно
121082,2021-04-01 20:59:53,Информер ВК. Показ
121082,2021-04-01 21:01:56,Информер ВК. Показ
121082,2021-04-27 21:13:38,Информер ВК. Показ
121423,2021-03-10 09:16:08,Включение интернета на 20 минут
121423,2021-03-12 15:43:34,Включение интернета на 20 минут
121512,2021-03-03 16:55:15,Включение интернета на 20 минут с IVR
121512,2021-03-04 01:59:13,Включение интернета на 20 минут
121512,2021-03-04 02:00:11,Информер ВК. Показ
121512,2021-03-04 02:00:52,Информер ВК. Показ
121512,2021-03-04 02:01:21,Информер ВК. Показ
121512,2021-03-04 02:01:48,Без границ бесплатно. Отключение
121512,2021-03-04 02:02:06,Без границ бесплатно. Включение
121512,2021-03-04 02:31:06,Без границ бесплатно. Отключение
121512,2021-03-04 02:31:19,Без границ бесплатно. Включение
121512,2021-03-04 03:51:22,Без границ бесплатно. Отключение
121512,2021-03-04 03:51:35,Без границ бесплатно. Включение
121512,2021-03-04 03:52:06,Без границ бесплатно. Отключение
121512,2021-03-04 03:52:27,Абонент оставил отзыв в Личном кабинете
121512,2021-03-04 03:52:54,Без границ бесплатно. Включение
121512,2021-03-04 04:08:51,Без границ бесплатно. Отключение
121512,2021-03-04 04:09:19,Без границ платно. Включение
121512,2021-03-04 04:09:29,Без границ платно. Отключение
121512,2021-03-04 04:09:39,Без границ платно. Включение
122024,2021-03-01 14:00:46,Включение интернета на 20 минут
122024,2021-03-12 22:30:00,Гарантированный платеж за деньги
122024,2021-03-15 22:37:11,Включение интернета на 20 минут
122024,2021-03-28 00:48:07,Гарантированный платеж за деньги
122024,2021-03-31 18:28:25,Включение интернета на 20 минут
122376,2021-03-26 17:11:14,Информер ВК. Показ
122997,2021-03-02 13:31:24,Включение интернета на 20 минут
122997,2021-03-10 12:42:06,Включение интернета на 20 минут
122997,2021-04-04 16:08:05,Включение интернета на 20 минут
123037,2021-03-20 08:16:11,Принято заявление и доп. соглашение по переезду
123037,2021-03-20 08:16:15,Информер ВК. Показ
123037,2021-03-20 08:16:38,Информер ВК. Показ
123037,2021-03-20 08:20:02,Информер ВК. Показ
123037,2021-04-07 16:04:08,Включение интернета на 20 минут
123604,2021-03-12 11:28:35,Включение IPTV-пакета
124914,2021-03-13 19:54:25,Включение интернета на 20 минут
125315,2021-04-02 23:13:35,Получение подарка в ЛК: 1 месяц бесплатного просмотра IPTV
125315,2021-04-02 23:13:45,Получение подарка в ЛК: сутки интернета на максимальной скорости
125315,2021-04-02 23:13:50,Информер ВК. Показ
125315,2021-04-02 23:14:58,Информер ВК. Показ
126073,2021-04-21 09:30:35,Гарантированный платеж за деньги
126334,2021-03-03 19:21:48,Гарантированный платеж за деньги
126334,2021-03-14 23:23:54,Гарантированный платеж за деньги
126334,2021-03-23 23:02:56,Гарантированный платеж за деньги
126334,2021-04-04 11:24:37,Гарантированный платеж за деньги
126334,2021-04-11 12:05:48,Гарантированный платеж за деньги
126364,2021-04-08 16:19:42,Включение интернета на 20 минут с IVR
126413,2021-03-19 10:23:15,Принято заявление и доп. соглашение по переезду
126413,2021-03-19 10:23:20,Информер ВК. Показ
126413,2021-03-19 10:30:12,Информер ВК. Показ
126849,2021-03-04 17:47:54,Информер ВК. Показ
126849,2021-03-04 18:43:56,Информер ВК. Показ
127738,2021-03-19 10:24:22,Включение интернета на 20 минут
127738,2021-03-19 10:24:23,Включение интернета на 20 минут
127738,2021-03-30 09:03:09,Включение интернета на 20 минут
127738,2021-03-30 09:04:26,Получение подарка в ЛК: 1 месяц бесплатного просмотра IPTV
127738,2021-03-30 09:05:01,Получение подарка в ЛК: сутки интернета на максимальной скорости
127738,2021-03-30 09:05:20,Информер ВК. Показ
127738,2021-03-30 09:05:50,Гарантированный платеж за деньги
127897,2021-03-01 20:01:49,Гарантированный платеж за деньги
127897,2021-03-04 20:17:09,Включение интернета на 20 минут
127897,2021-03-04 20:23:20,Гарантированный платеж за деньги
127897,2021-03-07 20:32:08,Информер ВК. Показ
127897,2021-03-07 20:33:16,Информер ВК. Показ
127897,2021-03-07 20:35:26,Гарантированный платеж за деньги
127897,2021-03-10 20:50:37,Гарантированный платеж за деньги
127897,2021-03-13 21:52:05,Включение интернета на 20 минут
127897,2021-03-13 21:54:11,Гарантированный платеж за деньги
127897,2021-03-16 22:06:16,Гарантированный платеж за деньги
127897,2021-03-19 23:54:17,Гарантированный платеж за деньги
127897,2021-03-23 14:15:38,Информер ВК. Показ
127897,2021-03-23 22:47:41,Гарантированный платеж за деньги
127897,2021-03-26 23:03:58,Гарантированный платеж за деньги
127897,2021-03-30 17:28:59,Гарантированный платеж за деньги
128206,2021-03-15 18:50:56,Информер ВК. Показ
128206,2021-03-16 18:54:11,Информер ВК. Показ
128206,2021-03-17 18:53:10,Информер ВК. Показ
128206,2021-04-15 19:09:07,Информер ВК. Показ
128206,2021-04-16 19:36:21,Информер ВК. Показ
128206,2021-04-18 18:32:25,Информер ВК. Показ
128206,2021-04-20 18:55:59,Получение подарка в ЛК: 1 месяц бесплатного просмотра IPTV
128206,2021-04-20 18:56:04,Получение подарка в ЛК: сутки интернета на максимальной скорости
128466,2021-03-12 18:50:35,Принято заявление и доп. соглашение по переезду
128466,2021-03-12 18:50:38,Информер ВК. Показ
128523,2021-03-02 17:43:13,Включение интернета на 20 минут с IVR
128694,2021-03-15 21:16:22,Получение подарка в ЛК: 1 месяц бесплатного просмотра IPTV
128694,2021-03-15 21:16:42,Получение подарка в ЛК: сутки интернета на максимальной скорости
128694,2021-04-29 12:28:19,Информер ВК. Показ
132057,2021-03-03 14:27:17,Гарантированный платеж за деньги
132057,2021-03-11 01:16:11,Гарантированный платеж за деньги
132057,2021-03-17 00:56:19,Включение интернета на 20 минут
132057,2021-03-22 09:40:15,Включение интернета на 20 минут
132057,2021-03-26 00:33:37,Включение интернета на 20 минут
132057,2021-03-29 00:42:15,Включение интернета на 20 минут
132057,2021-03-29 00:42:21,Гарантированный платеж за деньги
132057,2021-04-02 00:12:48,Включение интернета на 20 минут
132057,2021-04-11 01:31:09,Гарантированный платеж за деньги
132397,2021-03-01 22:59:54,Включение интернета на 20 минут с IVR
132397,2021-03-04 23:16:58,Включение интернета на 20 минут с IVR
133028,2021-03-01 20:21:07,Информер ВК. Показ
133028,2021-03-03 21:09:32,Информер ВК. Показ
133028,2021-03-03 21:10:04,Гарантированный платеж за деньги
133028,2021-03-09 18:40:57,Гарантированный платеж за деньги
133028,2021-03-15 19:51:14,Гарантированный платеж за деньги
133028,2021-03-20 21:19:42,Гарантированный платеж за деньги
133028,2021-03-26 21:22:47,Гарантированный платеж за деньги
133028,2021-04-03 09:41:53,Информер ВК. Показ
133028,2021-04-03 09:42:06,Информер ВК. Показ
133028,2021-04-03 09:44:09,Виртуальное бессмертие. Использование
133028,2021-04-05 14:24:35,Информер ВК. Показ
133028,2021-04-05 14:24:44,Гарантированный платеж за деньги
133028,2021-04-08 23:23:55,Виртуальное бессмертие. Использование
133028,2021-04-13 19:47:56,Гарантированный платеж за деньги
133028,2021-04-19 18:13:53,Гарантированный платеж за деньги
133028,2021-04-22 18:30:28,Виртуальное бессмертие. Использование
133751,2021-03-02 19:19:12,Информер ВК. Показ
133751,2021-03-06 02:03:19,Гарантированный платеж за деньги
133751,2021-03-15 08:33:41,Информер ВК. Показ
133751,2021-03-29 19:02:12,Получение подарка в ЛК: 1 месяц бесплатного просмотра IPTV
133751,2021-03-29 19:02:25,Получение подарка в ЛК: сутки интернета на максимальной скорости
133751,2021-03-29 19:02:58,Информер ВК. Показ
134020,2021-03-01 13:11:38,Включение интернета на 20 минут
134020,2021-03-01 14:46:38,Виртуальное бессмертие. Использование
134020,2021-03-01 18:38:09,Виртуальное бессмертие. Использование
134020,2021-03-01 21:40:10,Виртуальное бессмертие. Использование
134020,2021-03-02 00:05:14,Виртуальное бессмертие. Использование
134020,2021-03-02 10:35:31,Виртуальное бессмертие. Использование
134020,2021-03-02 11:44:46,Виртуальное бессмертие. Использование
134020,2021-03-02 14:05:35,Виртуальное бессмертие. Использование
134020,2021-03-02 18:00:54,Виртуальное бессмертие. Использование
134020,2021-03-02 19:13:05,Виртуальное бессмертие. Использование
134020,2021-03-02 21:22:57,Виртуальное бессмертие. Использование
134020,2021-03-03 15:29:14,Включение интернета на 20 минут
134020,2021-03-03 15:57:07,Виртуальное бессмертие. Использование
134020,2021-03-03 22:24:47,Виртуальное бессмертие. Использование
134020,2021-03-04 07:15:18,Виртуальное бессмертие. Использование
134020,2021-03-04 19:02:00,Виртуальное бессмертие. Использование
134020,2021-03-04 21:12:27,Виртуальное бессмертие. Использование
134020,2021-03-04 22:53:30,Включение интернета на 20 минут
134020,2021-03-05 00:09:26,Виртуальное бессмертие. Использование
134020,2021-03-05 04:11:53,Виртуальное бессмертие. Использование
134020,2021-03-05 07:04:34,Виртуальное бессмертие. Использование
134020,2021-03-06 01:44:38,Виртуальное бессмертие. Использование
134020,2021-03-06 07:39:57,Виртуальное бессмертие. Использование
134020,2021-03-06 11:17:52,Виртуальное бессмертие. Использование
134020,2021-03-06 12:19:19,Включение интернета на 20 минут
134020,2021-03-06 12:47:02,Виртуальное бессмертие. Использование
134020,2021-03-06 14:05:55,Виртуальное бессмертие. Использование
134020,2021-03-06 16:12:13,Виртуальное бессмертие. Использование
134020,2021-03-06 20:00:52,Виртуальное бессмертие. Использование
134020,2021-03-06 21:53:01,Виртуальное бессмертие. Использование
134020,2021-03-07 01:04:46,Виртуальное бессмертие. Использование
134020,2021-03-07 08:14:17,Виртуальное бессмертие. Использование
134020,2021-03-07 11:34:18,Виртуальное бессмертие. Использование
134020,2021-03-07 13:13:33,Виртуальное бессмертие. Использование
134020,2021-03-07 14:22:53,Виртуальное бессмертие. Использование
134020,2021-03-07 21:23:57,Виртуальное бессмертие. Использование
134020,2021-03-08 07:06:29,Включение интернета на 20 минут
134020,2021-03-08 18:41:10,Виртуальное бессмертие. Использование
134020,2021-03-08 22:16:33,Виртуальное бессмертие. Использование
134020,2021-03-08 23:40:33,Виртуальное бессмертие. Использование
134020,2021-03-09 07:06:44,Виртуальное бессмертие. Использование
134020,2021-03-09 17:16:16,Виртуальное бессмертие. Использование
134020,2021-03-09 18:38:40,Виртуальное бессмертие. Использование
134020,2021-03-09 20:09:52,Включение интернета на 20 минут
134020,2021-03-10 02:26:25,Виртуальное бессмертие. Использование
134020,2021-03-10 09:39:51,Виртуальное бессмертие. Использование
134020,2021-03-10 11:54:41,Виртуальное бессмертие. Использование
134020,2021-03-10 14:05:06,Виртуальное бессмертие. Использование
134020,2021-03-10 19:29:51,Виртуальное бессмертие. Использование
134020,2021-03-10 20:52:37,Включение интернета на 20 минут
134020,2021-03-10 21:18:29,Виртуальное бессмертие. Использование
134020,2021-03-11 19:58:03,Виртуальное бессмертие. Использование
134020,2021-03-11 22:20:16,Включение интернета на 20 минут
134020,2021-03-11 23:24:06,Виртуальное бессмертие. Использование
134020,2021-03-12 07:06:14,Виртуальное бессмертие. Использование
134020,2021-03-12 19:39:19,Виртуальное бессмертие. Использование
134020,2021-03-12 21:02:46,Виртуальное бессмертие. Использование
134020,2021-03-12 22:24:41,Включение интернета на 20 минут
134020,2021-03-13 00:25:21,Виртуальное бессмертие. Использование
134020,2021-03-13 07:04:02,Виртуальное бессмертие. Использование
134020,2021-03-13 16:43:30,Виртуальное бессмертие. Использование
134020,2021-03-13 18:40:45,Виртуальное бессмертие. Использование
134020,2021-03-13 19:58:34,Виртуальное бессмертие. Использование
134020,2021-03-13 21:55:05,Виртуальное бессмертие. Использование
134020,2021-03-14 14:31:32,Виртуальное бессмертие. Использование
134020,2021-03-14 20:53:57,Виртуальное бессмертие. Использование
134020,2021-03-14 21:57:15,Включение интернета на 20 минут
134020,2021-03-15 15:11:47,Виртуальное бессмертие. Использование
134020,2021-03-15 20:13:11,Виртуальное бессмертие. Использование
134020,2021-03-15 21:25:22,Виртуальное бессмертие. Использование
134020,2021-03-15 22:58:11,Виртуальное бессмертие. Использование
134020,2021-03-16 07:03:53,Виртуальное бессмертие. Использование
134020,2021-03-16 20:07:44,Виртуальное бессмертие. Использование
134020,2021-03-16 21:29:15,Виртуальное бессмертие. Использование
134020,2021-03-17 07:04:02,Включение интернета на 20 минут
134020,2021-03-17 18:18:47,Виртуальное бессмертие. Использование
134020,2021-03-17 20:53:34,Виртуальное бессмертие. Использование
134020,2021-03-17 22:00:57,Виртуальное бессмертие. Использование
134020,2021-03-17 23:40:01,Виртуальное бессмертие. Использование
134020,2021-03-18 08:09:53,Включение интернета на 20 минут
134020,2021-03-18 11:10:06,Виртуальное бессмертие. Использование
134020,2021-03-18 21:47:40,Виртуальное бессмертие. Использование
134020,2021-03-18 22:50:21,Виртуальное бессмертие. Использование
134020,2021-03-19 00:09:18,Виртуальное бессмертие. Использование
134020,2021-03-19 01:09:56,Виртуальное бессмертие. Использование
134020,2021-03-19 08:41:16,Виртуальное бессмертие. Использование
134020,2021-03-19 10:40:04,Виртуальное бессмертие. Использование
134020,2021-03-19 11:53:25,Включение интернета на 20 минут
134020,2021-03-19 20:55:53,Виртуальное бессмертие. Использование
134020,2021-03-19 22:13:24,Виртуальное бессмертие. Использование
134020,2021-03-19 23:19:06,Виртуальное бессмертие. Использование
134020,2021-03-20 03:23:15,Виртуальное бессмертие. Использование
134020,2021-03-20 07:05:57,Виртуальное бессмертие. Использование
134020,2021-03-20 16:10:24,Виртуальное бессмертие. Использование
134020,2021-03-20 17:00:48,Включение интернета на 20 минут
134020,2021-03-20 17:44:02,Виртуальное бессмертие. Использование
134020,2021-03-20 19:08:40,Виртуальное бессмертие. Использование
134020,2021-03-20 21:00:53,Виртуальное бессмертие. Использование
134020,2021-03-20 22:11:03,Виртуальное бессмертие. Использование
134020,2021-03-20 23:20:42,Виртуальное бессмертие. Использование
134020,2021-03-21 07:06:06,Виртуальное бессмертие. Использование
134020,2021-03-21 18:40:23,Виртуальное бессмертие. Использование
134020,2021-03-22 01:24:01,Включение интернета на 20 минут
134020,2021-03-22 08:21:13,Виртуальное бессмертие. Использование
134020,2021-03-22 12:00:49,Виртуальное бессмертие. Использование
134020,2021-03-22 15:14:57,Виртуальное бессмертие. Использование
134020,2021-03-23 16:00:39,Включение интернета на 20 минут
134020,2021-03-23 21:03:41,Виртуальное бессмертие. Использование
134020,2021-03-23 22:20:10,Виртуальное бессмертие. Использование
134020,2021-03-24 07:04:36,Виртуальное бессмертие. Использование
134020,2021-03-24 18:59:22,Виртуальное бессмертие. Использование
134020,2021-03-24 20:52:59,Виртуальное бессмертие. Использование
134020,2021-03-24 22:10:44,Виртуальное бессмертие. Использование
134020,2021-03-24 23:13:09,Включение интернета на 20 минут
134020,2021-03-24 23:48:22,Виртуальное бессмертие. Использование
134020,2021-03-25 07:03:25,Виртуальное бессмертие. Использование
134020,2021-03-25 18:30:19,Виртуальное бессмертие. Использование
134020,2021-03-25 20:45:53,Виртуальное бессмертие. Использование
134020,2021-03-25 21:53:26,Виртуальное бессмертие. Использование
134020,2021-03-26 01:07:55,Виртуальное бессмертие. Использование
134020,2021-03-26 17:10:36,Виртуальное бессмертие. Использование
134020,2021-03-26 19:33:45,Виртуальное бессмертие. Использование
134020,2021-03-26 20:38:13,Виртуальное бессмертие. Использование
134020,2021-03-26 21:40:10,Виртуальное бессмертие. Использование
134020,2021-03-27 19:14:29,Виртуальное бессмертие. Использование
134020,2021-03-27 20:16:02,Виртуальное бессмертие. Использование
134020,2021-03-27 21:53:18,Виртуальное бессмертие. Использование
134020,2021-03-27 22:49:24,Включение интернета на 20 минут
134020,2021-03-27 22:49:25,Включение интернета на 20 минут
134020,2021-03-28 07:04:58,Виртуальное бессмертие. Использование
134020,2021-03-28 18:52:44,Виртуальное бессмертие. Использование
134020,2021-03-28 19:57:51,Виртуальное бессмертие. Использование
134020,2021-03-28 22:33:36,Виртуальное бессмертие. Использование
134020,2021-03-29 07:02:46,Виртуальное бессмертие. Использование
134020,2021-03-29 18:45:08,Виртуальное бессмертие. Использование
134020,2021-03-29 19:57:40,Включение интернета на 20 минут
134020,2021-03-29 19:57:41,Включение интернета на 20 минут
134020,2021-03-29 23:38:38,Виртуальное бессмертие. Использование
134020,2021-03-30 08:31:53,Виртуальное бессмертие. Использование
134020,2021-03-30 10:43:20,Виртуальное бессмертие. Использование
134020,2021-03-30 22:05:22,Виртуальное бессмертие. Использование
134020,2021-03-31 02:40:41,Виртуальное бессмертие. Использование
134020,2021-03-31 08:05:49,Виртуальное бессмертие. Использование
134020,2021-03-31 11:08:01,Включение интернета на 20 минут
134020,2021-03-31 11:30:26,Виртуальное бессмертие. Использование
134020,2021-03-31 15:33:58,Виртуальное бессмертие. Использование
134020,2021-03-31 21:32:32,Виртуальное бессмертие. Использование
134020,2021-03-31 23:24:59,Виртуальное бессмертие. Использование
134020,2021-04-01 07:04:20,Виртуальное бессмертие. Использование
134020,2021-04-01 19:23:18,Виртуальное бессмертие. Использование
134020,2021-04-01 22:35:56,Виртуальное бессмертие. Использование
134020,2021-04-02 07:05:04,Виртуальное бессмертие. Использование
134020,2021-04-02 19:05:41,Включение интернета на 20 минут
134020,2021-04-02 19:35:51,Виртуальное бессмертие. Использование
134020,2021-04-03 00:43:54,Виртуальное бессмертие. Использование
134020,2021-04-03 09:25:41,Виртуальное бессмертие. Использование
134020,2021-04-03 10:32:34,Виртуальное бессмертие. Использование
134020,2021-04-03 11:42:21,Виртуальное бессмертие. Использование
134020,2021-04-03 14:11:25,Виртуальное бессмертие. Использование
134020,2021-04-04 16:03:01,Включение интернета на 20 минут
134020,2021-04-04 16:32:57,Виртуальное бессмертие. Использование
134020,2021-04-04 19:00:27,Виртуальное бессмертие. Использование
134020,2021-04-04 21:39:42,Виртуальное бессмертие. Использование
134020,2021-04-04 22:53:38,Виртуальное бессмертие. Использование
134020,2021-04-05 07:04:48,Виртуальное бессмертие. Использование
134020,2021-04-05 19:32:34,Виртуальное бессмертие. Использование
134020,2021-04-05 19:34:17,Включение интернета на 20 минут
134020,2021-04-05 22:36:47,Виртуальное бессмертие. Использование
134020,2021-04-06 07:04:54,Виртуальное бессмертие. Использование
134020,2021-04-06 16:56:48,Виртуальное бессмертие. Использование
134020,2021-04-06 18:10:30,Виртуальное бессмертие. Использование
134020,2021-04-07 00:17:52,Виртуальное бессмертие. Использование
134020,2021-04-07 01:55:03,Включение интернета на 20 минут
134020,2021-04-07 09:34:33,Виртуальное бессмертие. Использование
134020,2021-04-07 15:58:01,Виртуальное бессмертие. Использование
134020,2021-04-07 20:57:20,Виртуальное бессмертие. Использование
134020,2021-04-07 22:00:27,Виртуальное бессмертие. Использование
134020,2021-04-07 23:14:51,Виртуальное бессмертие. Использование
134020,2021-04-07 23:18:23,Информер ВК. Показ
134020,2021-04-09 07:04:06,Информер ВК. Показ
134020,2021-04-09 07:04:22,Виртуальное бессмертие. Использование
134020,2021-04-09 19:32:51,Виртуальное бессмертие. Использование
134020,2021-04-09 21:01:16,Виртуальное бессмертие. Использование
134020,2021-04-09 22:09:23,Включение интернета на 20 минут
134020,2021-04-10 04:00:49,Виртуальное бессмертие. Использование
134020,2021-04-10 07:05:38,Виртуальное бессмертие. Использование
134020,2021-04-10 16:17:07,Виртуальное бессмертие. Использование
134020,2021-04-11 21:31:59,Включение интернета на 20 минут
134020,2021-04-11 21:38:43,Виртуальное бессмертие. Использование
134020,2021-04-11 22:46:44,Виртуальное бессмертие. Использование
134020,2021-04-12 06:50:57,Виртуальное бессмертие. Использование
134020,2021-04-12 09:59:13,Виртуальное бессмертие. Использование
134020,2021-04-12 11:02:01,Виртуальное бессмертие. Использование
134020,2021-04-12 21:40:34,Виртуальное бессмертие. Использование
134020,2021-04-12 22:47:51,Включение интернета на 20 минут
134020,2021-04-12 23:11:22,Виртуальное бессмертие. Использование
134020,2021-04-13 07:03:53,Виртуальное бессмертие. Использование
134020,2021-04-13 17:03:42,Виртуальное бессмертие. Использование
134020,2021-04-13 21:00:19,Виртуальное бессмертие. Использование
134020,2021-04-13 22:02:55,Виртуальное бессмертие. Использование
134020,2021-04-14 00:10:12,Включение интернета на 20 минут
134020,2021-04-14 00:10:38,Виртуальное бессмертие. Использование
134020,2021-04-14 07:05:24,Виртуальное бессмертие. Использование
134020,2021-04-14 19:34:23,Виртуальное бессмертие. Использование
134020,2021-04-16 23:33:58,Включение интернета на 20 минут
134020,2021-04-17 07:06:12,Виртуальное бессмертие. Использование
134020,2021-04-17 17:48:22,Виртуальное бессмертие. Использование
134020,2021-04-17 18:49:02,Виртуальное бессмертие. Использование
134020,2021-04-17 20:22:00,Виртуальное бессмертие. Использование
134020,2021-04-17 21:25:17,Виртуальное бессмертие. Использование
134020,2021-04-17 22:41:47,Виртуальное бессмертие. Использование
134020,2021-04-18 07:05:17,Виртуальное бессмертие. Использование
134020,2021-04-18 19:37:55,Виртуальное бессмертие. Использование
134020,2021-04-18 20:45:52,Виртуальное бессмертие. Использование
134020,2021-04-19 15:43:46,Виртуальное бессмертие. Использование
134020,2021-04-19 16:45:38,Виртуальное бессмертие. Использование
134020,2021-04-19 17:51:48,Включение интернета на 20 минут
134020,2021-04-19 22:06:57,Виртуальное бессмертие. Использование
134020,2021-04-20 22:18:17,Виртуальное бессмертие. Использование
134020,2021-04-21 07:04:28,Виртуальное бессмертие. Использование
134020,2021-04-21 19:09:04,Виртуальное бессмертие. Использование
134020,2021-04-21 20:46:16,Виртуальное бессмертие. Использование
134020,2021-04-21 21:49:51,Виртуальное бессмертие. Использование
134020,2021-04-21 23:21:41,Включение интернета на 20 минут
134020,2021-04-22 07:04:24,Виртуальное бессмертие. Использование
134020,2021-04-22 17:11:27,Виртуальное бессмертие. Использование
134020,2021-04-22 21:19:05,Виртуальное бессмертие. Использование
134020,2021-04-22 22:42:38,Виртуальное бессмертие. Использование
134020,2021-04-22 23:55:08,Включение интернета на 20 минут
134020,2021-04-22 23:55:47,Виртуальное бессмертие. Использование
134020,2021-04-23 09:06:03,Виртуальное бессмертие. Использование
134020,2021-04-23 15:54:43,Виртуальное бессмертие. Использование
134020,2021-04-23 17:01:24,Виртуальное бессмертие. Использование
134020,2021-04-24 12:35:26,Виртуальное бессмертие. Использование
134020,2021-04-24 19:00:01,Виртуальное бессмертие. Использование
135192,2021-04-01 19:04:11,Информер ВК. Показ
135192,2021-04-01 19:05:12,Гарантированный платеж за деньги
135192,2021-04-01 19:05:53,Информер ВК. Показ
135192,2021-04-01 20:05:49,Информер ВК. Показ
135339,2021-03-24 18:50:52,Включение интернета на 20 минут
135427,2021-03-17 18:50:39,Информер ВК. Показ
135427,2021-03-19 09:14:31,Информер ВК. Показ
135427,2021-03-20 00:21:46,Информер ВК. Показ
135702,2021-03-11 17:26:06,Принято заявление и доп. соглашение по переезду
135702,2021-03-11 17:26:09,Информер ВК. Показ
135702,2021-03-11 18:07:51,Информер ВК. Показ
136162,2021-03-12 20:02:59,Информер ВК. Показ
136162,2021-03-12 20:05:01,Включение интернета на 20 минут
136162,2021-03-12 20:06:13,Информер ВК. Показ
136162,2021-03-12 20:12:41,Информер ВК. Показ
136371,2021-04-15 10:04:15,Гарантированный платеж за деньги
136595,2021-03-03 22:38:06,Гарантированный платеж за деньги
136595,2021-03-07 17:22:30,Гарантированный платеж за деньги
136595,2021-03-10 18:02:28,Гарантированный платеж за деньги
136595,2021-03-13 18:12:40,Гарантированный платеж за деньги
136595,2021-03-16 18:55:44,Гарантированный платеж за деньги
136595,2021-03-19 20:33:44,Гарантированный платеж за деньги
136595,2021-03-22 21:24:47,Гарантированный платеж за деньги
136803,2021-03-10 07:24:53,Гарантированный платеж за деньги
137500,2021-04-25 12:09:30,Включение интернета на 20 минут с IVR
137631,2021-04-02 22:56:44,Включение интернета на 20 минут
137631,2021-04-02 22:58:16,Информер ВК. Показ
137631,2021-04-02 22:58:41,Гарантированный платеж за деньги
137673,2021-03-24 22:09:59,Информер ВК. Показ
137673,2021-04-20 18:06:53,Информер ВК. Показ
137673,2021-04-20 18:11:50,Информер ВК. Показ
137685,2021-03-10 14:27:43,Включение интернета на 20 минут
137685,2021-03-13 14:35:39,Включение интернета на 20 минут
137685,2021-03-17 19:59:58,Включение интернета на 20 минут
137685,2021-04-01 20:23:10,Включение интернета на 20 минут
137685,2021-04-04 20:34:55,Включение интернета на 20 минут
137685,2021-04-08 21:01:08,Включение интернета на 20 минут
137685,2021-04-08 21:02:52,Информер ВК. Показ
137685,2021-04-08 21:04:47,Включение интернета на 20 минут с IVR
137685,2021-04-11 21:16:00,Включение интернета на 20 минут
137950,2021-03-29 18:28:06,Принято заявление и доп. соглашение по переезду
137950,2021-03-29 18:28:09,Информер ВК. Показ
140593,2021-03-14 01:01:25,Включение интернета на 20 минут
140593,2021-03-29 10:04:50,Гарантированный платеж за деньги
140593,2021-04-07 10:38:18,Включение интернета на 20 минут
140892,2021-03-21 12:33:29,Гарантированный платеж за деньги
140892,2021-03-24 18:00:12,Информер ВК. Показ
140892,2021-03-24 18:02:56,Информер ВК. Показ
140892,2021-03-24 18:03:08,Информер ВК. Показ
140892,2021-03-24 18:05:30,Включение интернета на 20 минут
140892,2021-03-27 20:30:02,Смена тарифа
140892,2021-03-31 20:47:36,Гарантированный платеж за деньги
141226,2021-04-10 18:12:17,Принято заявление и доп. соглашение по переезду
141226,2021-04-10 18:12:20,Информер ВК. Показ
141226,2021-04-10 18:14:00,Информер ВК. Показ
141226,2021-04-10 18:16:07,Информер ВК. Показ
141612,2021-03-20 09:56:56,Информер ВК. Показ
141612,2021-03-20 09:57:16,Просмотр раздела Тайный покупатель
141612,2021-03-20 09:57:23,Информер ВК. Показ
142761,2021-04-13 13:05:43,Информер ВК. Показ
142761,2021-04-13 13:06:09,Информер ВК. Показ
144398,2021-03-25 17:39:34,Информер ВК. Показ
144398,2021-04-02 10:33:29,Включение интернета на 20 минут с IVR
144840,2021-03-01 18:31:50,Гарантированный платеж за деньги
144840,2021-03-04 20:39:52,Включение интернета на 20 минут
146645,2021-03-17 20:23:49,Включение интернета на 20 минут
146645,2021-04-03 11:52:39,Гарантированный платеж за деньги
147313,2021-03-20 10:36:50,Информер ВК. Показ
147313,2021-03-20 10:37:41,Информер ВК. Показ
147313,2021-03-20 10:37:55,Информер ВК. Показ
147488,2021-03-07 21:32:31,Информер ВК. Показ
147488,2021-03-07 21:32:37,Включение интернета на 20 минут
147488,2021-03-07 21:35:00,Информер ВК. Показ
147720,2021-04-19 19:38:06,Гарантированный платеж за деньги
149149,2021-03-02 18:44:09,Информер ВК. Показ
149149,2021-03-19 16:33:57,Информер ВК. Показ
149764,2021-03-09 16:51:23,Включение интернета на 20 минут с IVR
150068,2021-04-09 18:57:30,Информер ВК. Показ
150068,2021-04-09 19:08:47,Информер ВК. Показ
150068,2021-04-09 19:11:04,Гарантированный платеж за деньги
150068,2021-04-09 19:12:18,Информер ВК. Показ
150068,2021-04-09 19:14:15,Просмотр раздела Тайный покупатель
150068,2021-04-13 14:15:02,Включение интернета на 20 минут с IVR
150501,2021-03-10 17:55:45,Информер ВК. Показ
150501,2021-04-09 08:51:45,Информер ВК. Показ
150501,2021-04-09 08:52:29,Информер ВК. Показ
150540,2021-03-29 20:53:10,Информер ВК. Показ
150540,2021-04-03 18:13:05,Информер ВК. Показ
150540,2021-04-03 20:18:52,Информер ВК. Показ
151022,2021-03-21 10:06:03,Включение интернета на 20 минут
151218,2021-03-29 15:02:25,Включение интернета на 20 минут
151218,2021-03-31 18:48:49,Включение интернета на 20 минут
151218,2021-04-27 18:28:12,Информер ВК. Показ
151218,2021-04-27 18:47:54,Информер ВК. Показ
151218,2021-04-27 18:58:54,Информер ВК. Показ
152287,2021-03-01 09:30:07,Включение интернета на 20 минут
152287,2021-03-14 18:38:38,Информер ВК. Показ
152287,2021-03-14 18:39:26,Информер ВК. Показ
152287,2021-03-19 22:14:12,Информер ВК. Показ
152339,2021-03-19 22:54:17,Включение интернета на 20 минут
152339,2021-03-19 22:54:18,Включение интернета на 20 минут
152339,2021-04-20 15:29:40,Включение интернета на 20 минут с IVR
152383,2021-04-16 21:54:52,Информер ВК. Показ
152383,2021-04-16 21:54:57,Информер ВК. Показ
152383,2021-04-16 21:55:06,Информер ВК. Показ
152793,2021-03-08 15:47:36,Включение интернета на 20 минут
153077,2021-03-11 10:34:38,Информер ВК. Показ
153077,2021-03-25 10:50:30,Информер ВК. Показ
153077,2021-03-26 10:37:14,Информер ВК. Показ
153077,2021-04-15 22:22:12,Информер ВК. Показ
153077,2021-04-15 22:22:22,Абонент оставил отзыв в Личном кабинете
154169,2021-03-04 21:54:57,Информер ВК. Показ
154169,2021-03-04 21:55:25,Информер ВК. Показ
154942,2021-03-12 19:24:59,Гарантированный платеж за деньги
154942,2021-03-14 20:34:05,Информер ВК. Показ
154942,2021-03-24 22:33:09,Информер ВК. Показ
154942,2021-03-26 09:13:24,Информер ВК. Показ
154942,2021-04-15 19:12:02,Информер ВК. Показ
154942,2021-04-15 20:35:31,Гарантированный платеж за деньги
154942,2021-04-18 22:16:43,Гарантированный платеж за деньги
154942,2021-04-21 22:21:29,Гарантированный платеж за деньги
154942,2021-04-24 22:32:22,Гарантированный платеж за деньги
155495,2021-03-27 22:46:19,Включение интернета на 20 минут
155633,2021-03-10 18:26:24,Включение интернета на 20 минут
155633,2021-03-10 18:26:25,Включение интернета на 20 минут
155633,2021-03-10 19:33:14,Информер ВК. Показ
155633,2021-03-10 19:33:30,Информер ВК. Показ
155633,2021-03-11 19:00:45,Информер ВК. Показ
155633,2021-04-10 22:38:57,Гарантированный платеж за деньги
156145,2021-04-02 20:55:10,Гарантированный платеж за деньги
156145,2021-04-10 18:44:11,Включение интернета на 20 минут
156363,2021-04-10 10:51:37,Гарантированный платеж за деньги
156379,2021-03-23 19:20:14,Принято заявление и доп. соглашение по переезду
156379,2021-03-23 19:20:18,Информер ВК. Показ
156379,2021-03-23 19:20:32,Информер ВК. Показ
156379,2021-03-23 19:21:05,Информер ВК. Показ
156473,2021-03-28 15:15:47,Информер ВК. Показ
156473,2021-03-28 15:18:31,Информер ВК. Показ
156473,2021-04-03 05:11:45,Включение интернета на 20 минут с IVR
156473,2021-04-04 10:02:44,Включение интернета на 20 минут с IVR
156924,2021-03-28 21:15:24,Информер ВК. Показ
156924,2021-03-28 21:16:38,Информер ВК. Показ
157373,2021-03-01 17:05:33,Информер ВК. Показ
157373,2021-03-01 21:54:49,Информер ВК. Показ
157373,2021-03-01 21:55:46,Информер ВК. Показ
157373,2021-04-04 14:01:38,Информер ВК. Показ
157426,2021-03-04 22:33:23,Включение интернета на 20 минут
157426,2021-03-22 21:44:04,Включение интернета на 20 минут
157426,2021-03-22 21:44:05,Включение интернета на 20 минут
157426,2021-03-30 18:16:42,Включение интернета на 20 минут
157426,2021-04-05 21:57:15,Включение интернета на 20 минут
157426,2021-04-18 11:39:15,Включение интернета на 20 минут
157484,2021-03-04 00:42:33,Включение интернета на 20 минут
157484,2021-03-07 17:42:02,Включение интернета на 20 минут
157484,2021-03-10 22:41:51,Включение интернета на 20 минут
157484,2021-03-11 23:22:29,Включение интернета на 20 минут
157484,2021-03-14 16:04:48,Информер ВК. Показ
157484,2021-03-14 16:05:02,Отключение услуги Автоплатёж
157484,2021-03-23 21:39:16,Информер ВК. Показ
157484,2021-03-24 09:40:37,Информер ВК. Показ
157778,2021-04-02 13:10:04,Информер ВК. Показ
157778,2021-04-02 13:10:14,Информер ВК. Показ
157778,2021-04-02 13:10:25,Информер ВК. Показ
158001,2021-03-01 21:25:54,Гарантированный платеж за деньги
158001,2021-03-23 21:56:13,Гарантированный платеж за деньги
158001,2021-04-07 11:59:38,Информер ВК. Показ
158001,2021-04-10 20:00:56,Гарантированный платеж за деньги
158521,2021-03-09 12:50:59,Гарантированный платеж за деньги
158521,2021-03-15 17:00:49,Включение интернета на 20 минут
158560,2021-04-05 20:58:56,Информер ВК. Показ
158560,2021-04-19 14:53:42,Включение интернета на 20 минут с IVR
158599,2021-03-31 17:27:20,Информер ВК. Показ
158599,2021-03-31 17:27:41,Просмотр раздела Тайный покупатель
158599,2021-03-31 17:27:53,Информер ВК. Показ
158599,2021-03-31 19:59:10,Информер ВК. Показ
158606,2021-03-01 13:11:20,Информер ВК. Показ
158606,2021-03-01 13:13:45,Информер ВК. Показ
158606,2021-03-01 13:14:13,Информер ВК. Показ
158606,2021-03-05 14:49:02,Включение интернета на 20 минут
158606,2021-03-05 14:50:25,Гарантированный платеж за деньги
158606,2021-03-09 20:21:12,Гарантированный платеж за деньги
158606,2021-03-19 17:14:17,Включение интернета на 20 минут
158606,2021-03-19 17:17:45,Гарантированный платеж за деньги
158606,2021-03-31 10:01:08,Включение интернета на 20 минут
158606,2021-03-31 10:01:51,Гарантированный платеж за деньги
158606,2021-04-02 09:06:48,Информер ВК. Показ
159180,2021-03-07 23:13:50,Включение интернета на 20 минут
159367,2021-03-14 14:19:52,Информер ВК. Показ
159367,2021-03-14 14:20:00,Информер ВК. Показ
159367,2021-03-14 14:20:10,Информер ВК. Показ
159367,2021-04-11 11:08:48,Включение интернета на 20 минут с IVR
159367,2021-04-14 18:27:13,Получение подарка в ЛК: сутки интернета на максимальной скорости
159367,2021-04-14 18:27:17,Получение подарка в ЛК: 1 месяц бесплатного просмотра IPTV
159367,2021-04-14 18:27:32,Информер ВК. Показ
159367,2021-04-14 18:27:54,Информер ВК. Показ
159367,2021-04-15 22:52:43,Включение интернета на 20 минут с IVR
159378,2021-03-12 16:53:59,Включение интернета на 20 минут
159378,2021-04-10 12:39:02,Включение интернета на 20 минут
159378,2021-04-10 12:39:03,Включение интернета на 20 минут
159378,2021-04-14 09:52:36,Включение интернета на 20 минут
159378,2021-04-14 09:52:37,Включение интернета на 20 минут
159390,2021-03-14 18:55:55,Включение интернета на 20 минут с IVR
159717,2021-03-10 18:41:01,Информер ВК. Показ
159717,2021-03-10 18:41:31,Гарантированный платеж за деньги
159717,2021-03-10 18:41:48,Информер ВК. Показ
159717,2021-03-30 21:37:36,Информер ВК. Показ
159717,2021-03-30 21:37:54,Просмотр раздела Тайный покупатель
160127,2021-03-01 00:03:32,Включение интернета на 20 минут с IVR
160127,2021-03-20 01:02:27,Включение интернета на 20 минут с IVR
160127,2021-03-30 22:27:53,Информер ВК. Показ
160174,2021-03-08 09:39:16,Информер ВК. Показ
161029,2021-04-01 19:31:53,Информер ВК. Показ
161029,2021-04-01 19:32:41,Информер ВК. Показ
161029,2021-04-01 19:33:59,Информер ВК. Показ
161836,2021-03-31 01:45:16,Информер ВК. Показ
161836,2021-04-07 20:35:27,Включение интернета на 20 минут
183236,2021-03-12 10:32:48,Информер ВК. Показ
183236,2021-04-15 22:24:09,Информер ВК. Показ
183345,2021-03-17 15:45:51,Гарантированный платеж за деньги
183345,2021-03-21 19:00:56,Включение интернета на 20 минут
183926,2021-04-19 17:26:49,Включение интернета на 20 минут с IVR
184024,2021-03-24 09:21:09,Информер ВК. Показ
184024,2021-03-24 10:00:02,Информер ВК. Показ
184024,2021-04-29 14:05:04,Включение интернета на 20 минут
184024,2021-04-29 14:05:05,Включение интернета на 20 минут
184397,2021-03-21 10:19:28,Гарантированный платеж за деньги
184397,2021-03-24 20:07:43,Включение интернета на 20 минут
185175,2021-04-17 11:56:54,Гарантированный платеж за деньги
185542,2021-04-04 11:28:48,Информер ВК. Показ
188046,2021-04-08 09:58:18,Информер ВК. Показ
188046,2021-04-08 10:02:10,Информер ВК. Показ
188046,2021-04-08 10:02:45,Информер ВК. Показ
188046,2021-04-12 07:49:21,Гарантированный платеж за деньги
188261,2021-03-28 18:11:40,Информер ВК. Показ
188261,2021-03-28 18:11:53,Информер ВК. Показ
188261,2021-03-28 18:13:23,Информер ВК. Показ
188261,2021-04-18 18:25:51,Принято заявление и доп. соглашение по переезду
188261,2021-04-18 18:27:34,Абонент оставил отзыв в Личном кабинете
188261,2021-04-23 09:09:56,Включение интернета на 20 минут
188261,2021-04-28 18:23:32,Информер ВК. Показ
188261,2021-04-28 18:25:30,Информер ВК. Показ
188261,2021-04-28 18:26:16,Информер ВК. Показ
188261,2021-04-28 19:38:15,Абонент оставил отзыв в Личном кабинете
189202,2021-03-02 23:12:14,Включение интернета на 20 минут
189202,2021-03-03 23:23:36,Включение интернета на 20 минут
189202,2021-03-06 02:44:56,Включение интернета на 20 минут
189202,2021-03-07 02:55:08,Включение интернета на 20 минут
189202,2021-03-09 07:12:21,Включение интернета на 20 минут
189202,2021-03-11 14:59:07,Включение интернета на 20 минут
189202,2021-03-14 16:06:12,Включение интернета на 20 минут
189202,2021-03-17 19:03:21,Включение интернета на 20 минут
189202,2021-03-19 19:12:13,Включение интернета на 20 минут
189202,2021-03-22 19:24:36,Включение интернета на 20 минут
189202,2021-03-25 19:31:52,Включение интернета на 20 минут
189595,2021-03-04 11:51:42,Информер ВК. Показ
189595,2021-03-04 11:52:24,Турбокнопка бесплатно
189685,2021-03-02 04:56:36,Информер ВК. Показ
189685,2021-03-21 04:48:15,Включение интернета на 20 минут с IVR
190678,2021-03-01 17:06:32,Включение интернета на 20 минут с IVR
190678,2021-03-01 17:32:34,Информер ВК. Показ
190678,2021-03-01 17:32:39,Информер ВК. Показ
190678,2021-03-01 19:13:19,Информер ВК. Показ
190678,2021-03-01 19:13:25,Абонент оставил отзыв в Личном кабинете
190678,2021-03-01 19:13:49,Просмотр раздела Тайный покупатель
190906,2021-03-01 20:04:45,Включение интернета на 20 минут с IVR
190906,2021-03-20 16:32:18,Информер ВК. Показ
190975,2021-04-21 21:38:46,Включение интернета на 20 минут
190975,2021-04-25 13:03:19,Включение интернета на 20 минут
191307,2021-04-21 20:14:56,Получение подарка в ЛК: 1 месяц бесплатного просмотра IPTV
191307,2021-04-21 20:14:59,Получение подарка в ЛК: сутки интернета на максимальной скорости
191307,2021-04-21 20:14:59,Информер ВК. Показ
191606,2021-03-03 00:35:32,Информер ВК. Показ
192273,2021-03-05 21:04:21,Информер ВК. Показ
192273,2021-03-05 21:06:33,Информер ВК. Показ
192273,2021-03-05 21:06:37,Информер ВК. Показ
192273,2021-03-05 21:11:30,Включение интернета на 20 минут
192507,2021-03-04 22:21:30,Гарантированный платеж за деньги
192507,2021-03-08 22:42:40,Гарантированный платеж за деньги
192507,2021-03-12 17:43:19,Гарантированный платеж за деньги
192507,2021-03-17 19:07:41,Гарантированный платеж за деньги
192507,2021-03-21 00:56:32,Гарантированный платеж за деньги
192507,2021-03-23 23:20:11,Информер ВК. Показ
192507,2021-03-25 09:42:07,Гарантированный платеж за деньги
192507,2021-04-02 21:38:34,Информер ВК. Показ
192507,2021-04-02 21:38:42,Гарантированный платеж за деньги
192507,2021-04-06 12:23:31,Получение подарка в ЛК: сутки интернета на максимальной скорости
192507,2021-04-06 12:23:34,Получение подарка в ЛК: 1 месяц бесплатного просмотра IPTV
192507,2021-04-06 12:23:53,Информер ВК. Показ
192507,2021-04-06 13:18:01,Гарантированный платеж за деньги
192507,2021-04-09 21:24:52,Гарантированный платеж за деньги
192507,2021-04-14 17:27:15,Гарантированный платеж за деньги
192507,2021-04-18 00:31:28,Гарантированный платеж за деньги
192507,2021-04-21 19:19:51,Гарантированный платеж за деньги
192507,2021-04-24 22:00:32,Информер ВК. Показ
192507,2021-04-24 22:18:35,Гарантированный платеж за деньги
192722,2021-04-03 00:49:59,Информер ВК. Показ
192722,2021-04-03 19:26:26,Включение интернета на 20 минут
192722,2021-04-06 19:40:43,Информер ВК. Показ
192722,2021-04-06 19:40:54,Гарантированный платеж за деньги
192722,2021-04-11 17:03:18,Информер ВК. Показ
192722,2021-04-11 22:43:27,Турбокнопка платно (1 час)
193408,2021-03-09 18:20:46,Информер ВК. Показ
193408,2021-03-09 18:20:50,Информер ВК. Закрытие
193408,2021-03-21 00:00:46,Включение интернета на 20 минут
193408,2021-03-21 00:00:47,Включение интернета на 20 минут
193408,2021-03-21 00:29:17,Гарантированный платеж за деньги
193408,2021-03-24 12:33:26,Включение интернета на 20 минут
193408,2021-04-10 23:27:29,Информер ВК. Показ
193408,2021-04-14 15:37:11,Информер ВК. Показ
194831,2021-04-20 17:47:46,Включение интернета на 20 минут с IVR
195011,2021-04-25 20:48:57,Информер ВК. Показ
195133,2021-03-01 00:02:01,Включение интернета на 20 минут
195416,2021-03-22 20:56:11,Информер ВК. Показ
195416,2021-03-22 20:56:21,Информер ВК. Показ
195416,2021-03-22 21:12:55,Информер ВК. Показ
195557,2021-03-16 22:17:54,Информер ВК. Показ
195557,2021-03-16 22:19:34,Информер ВК. Показ
195575,2021-03-19 19:58:43,Включение интернета на 20 минут с IVR
196084,2021-03-28 22:36:56,Включение интернета на 20 минут
196084,2021-03-28 22:37:03,Включение интернета на 20 минут
196502,2021-04-11 12:11:25,Информер ВК. Показ
196502,2021-04-11 12:12:12,Отключение услуги Автоплатёж
196502,2021-04-11 12:12:39,Информер ВК. Показ
196502,2021-04-11 12:13:16,Информер ВК. Показ
196887,2021-03-20 18:59:16,Информер ВК. Показ
196887,2021-03-20 18:59:20,Информер ВК. Показ
196887,2021-03-20 19:11:20,Информер ВК. Показ
196887,2021-03-31 21:20:47,Абонент оставил отзыв в Личном кабинете
196901,2021-03-26 16:47:16,Информер ВК. Показ
196901,2021-04-02 01:37:00,Информер ВК. Показ
196901,2021-04-02 01:37:20,Смена тарифа
197532,2021-03-06 11:03:34,Гарантированный платеж за деньги
197532,2021-03-10 14:22:05,Информер ВК. Показ
197532,2021-03-12 22:50:51,Информер ВК. Показ
197532,2021-03-17 23:13:54,Информер ВК. Показ
197532,2021-03-19 11:51:24,Гарантированный платеж за деньги
199150,2021-03-03 18:14:11,Гарантированный платеж за деньги
199150,2021-03-06 22:57:15,Виртуальное бессмертие. Отключение
199150,2021-03-06 22:57:21,Виртуальное бессмертие. Включение
199150,2021-03-06 22:57:31,Виртуальное бессмертие. Отключение
199150,2021-03-07 13:32:42,Гарантированный платеж за деньги
199150,2021-03-10 17:26:14,Информер ВК. Показ
199150,2021-03-10 17:40:13,Гарантированный платеж за деньги
199150,2021-03-13 17:58:09,Гарантированный платеж за деньги
199150,2021-03-16 18:54:11,Информер ВК. Показ
199150,2021-03-16 18:58:10,Гарантированный платеж за деньги
199150,2021-03-19 19:35:26,Информер ВК. Показ
199150,2021-03-19 19:59:15,Гарантированный платеж за деньги
199150,2021-03-22 20:26:49,Гарантированный платеж за деньги
199150,2021-03-26 06:34:21,Гарантированный платеж за деньги
199316,2021-04-10 14:31:07,Включение интернета на 20 минут с IVR
199316,2021-04-21 19:52:35,Гарантированный платеж за деньги
199544,2021-03-19 11:32:15,Получение подарка в ЛК: 1 месяц бесплатного просмотра IPTV
199544,2021-03-19 11:32:24,Получение подарка в ЛК: сутки интернета на максимальной скорости
199544,2021-03-19 11:32:48,Информер ВК. Показ
199544,2021-03-19 11:33:28,Информер ВК. Показ
199544,2021-03-19 11:36:05,Информер ВК. Показ
199807,2021-03-18 09:35:28,Информер ВК. Показ
199807,2021-03-18 09:38:02,Включение интернета на 20 минут с IVR
199807,2021-03-21 10:30:35,Информер ВК. Показ
199807,2021-03-21 10:30:42,Включение интернета на 20 минут
199807,2021-03-21 10:57:34,Включение интернета на 20 минут с IVR
199807,2021-03-23 11:58:24,Включение интернета на 20 минут
199807,2021-03-26 12:51:03,Информер ВК. Показ
199807,2021-03-26 12:52:28,Включение интернета на 20 минут
199807,2021-04-01 13:25:45,Включение интернета на 20 минут с IVR
199807,2021-04-14 14:30:12,Включение интернета на 20 минут
200274,2021-03-08 21:56:42,Включение интернета на 20 минут
200274,2021-03-08 21:56:43,Включение интернета на 20 минут
200750,2021-04-02 00:24:13,Включение интернета на 20 минут
200750,2021-04-02 00:24:14,Включение интернета на 20 минут
200750,2021-04-02 00:26:40,Гарантированный платеж за деньги
200750,2021-04-02 17:02:13,Информер ВК. Показ
201516,2021-03-20 15:48:44,Информер ВК. Показ
201516,2021-03-20 15:50:17,Информер ВК. Показ
201516,2021-03-20 16:09:38,Информер ВК. Показ
201522,2021-03-23 10:10:37,Просмотр раздела Тайный покупатель
201522,2021-03-23 10:10:58,Информер ВК. Показ
201522,2021-03-23 12:36:53,Информер ВК. Показ
201522,2021-03-23 12:37:24,Информер ВК. Показ
201522,2021-03-23 17:50:58,Отключение услуги Автоплатёж
202034,2021-03-06 20:48:07,Включение интернета на 20 минут с IVR
202790,2021-03-15 20:38:35,Включение интернета на 20 минут
202790,2021-03-15 20:38:41,Гарантированный платеж за деньги
202790,2021-03-18 20:44:03,Включение интернета на 20 минут
202790,2021-04-24 17:23:04,Принято заявление и доп. соглашение по переезду
202790,2021-04-24 17:23:06,Информер ВК. Показ
202790,2021-04-24 17:23:30,Информер ВК. Показ
202790,2021-04-24 17:24:56,Информер ВК. Показ
204795,2021-03-09 11:12:03,Информер ВК. Показ
205268,2021-03-07 18:33:51,Включение интернета на 20 минут с IVR
205268,2021-03-09 14:01:49,Информер ВК. Показ
205268,2021-03-09 14:56:59,Информер ВК. Показ
205268,2021-03-09 14:57:46,Информер ВК. Показ
205268,2021-03-09 14:58:18,Включение автоматической активации ГП
205268,2021-03-10 20:20:53,Включение интернета на 20 минут с IVR
205268,2021-03-20 20:20:40,Включение автоматической активации ГП
205268,2021-03-30 21:18:08,Смена тарифа
205513,2021-03-08 16:23:52,Включение интернета на 20 минут с IVR
205513,2021-03-11 17:46:15,Включение интернета на 20 минут с IVR
205513,2021-03-12 18:57:55,Включение интернета на 20 минут с IVR
205513,2021-04-11 16:54:21,Гарантированный платеж за деньги
205811,2021-04-01 18:24:08,Включение интернета на 20 минут
205811,2021-04-01 18:26:09,Просмотр раздела Тайный покупатель
206734,2021-03-15 20:25:17,Включение интернета на 20 минут
206734,2021-03-15 20:25:18,Включение интернета на 20 минут
206756,2021-03-26 16:48:34,Включение интернета на 20 минут с IVR
207276,2021-04-02 03:03:20,Гарантированный платеж за деньги
207276,2021-04-20 19:53:52,Информер ВК. Показ
207276,2021-04-20 20:07:45,Информер ВК. Показ
207276,2021-04-21 15:59:41,Информер ВК. Показ
207880,2021-03-02 03:18:05,Включение интернета на 20 минут
207880,2021-03-03 22:22:37,Гарантированный платеж за деньги
207880,2021-03-14 20:26:47,Включение интернета на 20 минут
207880,2021-03-16 01:59:58,Включение интернета на 20 минут
207880,2021-03-16 22:51:05,Гарантированный платеж за деньги
207880,2021-03-17 19:35:32,Информер ВК. Показ
207880,2021-03-19 23:03:23,Включение интернета на 20 минут
207880,2021-03-19 23:26:35,Гарантированный платеж за деньги
207880,2021-03-26 01:02:34,Гарантированный платеж за деньги
207880,2021-03-29 01:16:47,Включение интернета на 20 минут
207880,2021-03-29 01:16:48,Включение интернета на 20 минут
207880,2021-03-29 01:47:32,Информер ВК. Показ
207880,2021-03-29 01:47:50,Гарантированный платеж за деньги
207880,2021-04-01 02:08:54,Включение интернета на 20 минут
207880,2021-04-01 02:08:55,Включение интернета на 20 минут
207880,2021-04-01 10:46:05,Гарантированный платеж за деньги
207880,2021-04-05 13:32:11,Гарантированный платеж за деньги
207880,2021-04-08 17:36:56,Включение интернета на 20 минут
207880,2021-04-08 20:47:26,Информер ВК. Показ
207880,2021-04-08 21:40:46,Гарантированный платеж за деньги
207880,2021-04-15 03:01:17,Включение интернета на 20 минут
207880,2021-04-16 18:39:09,Включение интернета на 20 минут
207880,2021-04-19 19:05:42,Включение интернета на 20 минут
207880,2021-04-20 22:06:06,Гарантированный платеж за деньги
207880,2021-04-24 17:38:36,Гарантированный платеж за деньги
207880,2021-04-28 21:33:04,Включение интернета на 20 минут
208306,2021-04-07 09:23:31,Включение интернета на 20 минут
208598,2021-04-05 00:12:20,Гарантированный платеж за деньги
208598,2021-04-05 16:55:24,Информер ВК. Показ
208598,2021-04-05 16:55:55,Информер ВК. Показ
209464,2021-04-04 15:08:34,Принято заявление и доп. соглашение по переезду
209464,2021-04-04 15:08:37,Информер ВК. Показ
209464,2021-04-04 15:09:13,Информер ВК. Показ
209464,2021-04-04 15:12:43,Информер ВК. Показ
209464,2021-04-05 15:25:39,Гарантированный платеж за деньги
209464,2021-04-08 15:37:09,Виртуальное бессмертие. Использование
209464,2021-04-08 19:12:34,Виртуальное бессмертие. Использование
209464,2021-04-08 20:19:55,Виртуальное бессмертие. Использование
209464,2021-04-09 07:18:28,Виртуальное бессмертие. Использование
209464,2021-04-09 08:19:02,Виртуальное бессмертие. Использование
209464,2021-04-09 09:37:28,Виртуальное бессмертие. Использование
209464,2021-04-09 12:31:26,Виртуальное бессмертие. Использование
209464,2021-04-09 13:53:48,Виртуальное бессмертие. Использование
209464,2021-04-09 14:55:19,Включение интернета на 20 минут
209464,2021-04-09 16:48:41,Виртуальное бессмертие. Использование
209464,2021-04-09 17:51:54,Виртуальное бессмертие. Использование
209464,2021-04-09 18:53:09,Виртуальное бессмертие. Использование
209464,2021-04-09 23:18:10,Виртуальное бессмертие. Использование
209464,2021-04-10 06:49:13,Виртуальное бессмертие. Использование
209464,2021-04-10 10:08:54,Виртуальное бессмертие. Использование
209464,2021-04-10 11:24:55,Виртуальное бессмертие. Использование
209464,2021-04-10 12:57:34,Виртуальное бессмертие. Использование
209464,2021-04-10 15:53:56,Виртуальное бессмертие. Использование
209464,2021-04-10 17:16:03,Виртуальное бессмертие. Использование
209464,2021-04-10 18:17:41,Виртуальное бессмертие. Использование
209464,2021-04-10 19:33:19,Виртуальное бессмертие. Использование
209464,2021-04-10 22:04:45,Виртуальное бессмертие. Использование
209464,2021-04-11 08:44:10,Виртуальное бессмертие. Использование
209464,2021-04-11 10:35:48,Виртуальное бессмертие. Использование
209464,2021-04-11 10:42:04,Включение интернета на 20 минут
209464,2021-04-11 11:53:57,Виртуальное бессмертие. Использование
209464,2021-04-11 12:59:06,Виртуальное бессмертие. Использование
209464,2021-04-11 14:33:38,Виртуальное бессмертие. Использование
209464,2021-04-11 16:55:08,Виртуальное бессмертие. Использование
209464,2021-04-11 18:01:05,Виртуальное бессмертие. Использование
209464,2021-04-11 19:20:11,Виртуальное бессмертие. Использование
209464,2021-04-11 23:39:37,Виртуальное бессмертие. Использование
209464,2021-04-12 08:01:35,Виртуальное бессмертие. Использование
209464,2021-04-12 09:24:13,Виртуальное бессмертие. Использование
209464,2021-04-12 10:45:45,Виртуальное бессмертие. Использование
209464,2021-04-12 11:47:08,Виртуальное бессмертие. Использование
209464,2021-04-12 13:36:16,Виртуальное бессмертие. Использование
209464,2021-04-12 14:50:05,Виртуальное бессмертие. Использование
209464,2021-04-12 16:04:07,Виртуальное бессмертие. Использование
209464,2021-04-12 17:05:10,Виртуальное бессмертие. Использование
209464,2021-04-12 18:18:25,Виртуальное бессмертие. Использование
209464,2021-04-12 19:18:36,Виртуальное бессмертие. Использование
209464,2021-04-12 20:22:10,Виртуальное бессмертие. Использование
209464,2021-04-13 03:28:09,Виртуальное бессмертие. Использование
209464,2021-04-13 04:29:25,Виртуальное бессмертие. Использование
209464,2021-04-13 07:48:30,Виртуальное бессмертие. Использование
209464,2021-04-13 08:54:32,Виртуальное бессмертие. Использование
209464,2021-04-13 10:06:37,Виртуальное бессмертие. Использование
209464,2021-04-13 11:38:22,Виртуальное бессмертие. Использование
209464,2021-04-13 13:21:17,Виртуальное бессмертие. Использование
209464,2021-04-13 14:22:00,Виртуальное бессмертие. Использование
209464,2021-04-13 15:36:50,Виртуальное бессмертие. Использование
209464,2021-04-13 17:10:19,Виртуальное бессмертие. Использование
209464,2021-04-13 19:40:38,Виртуальное бессмертие. Использование
209464,2021-04-13 20:41:21,Виртуальное бессмертие. Использование
209464,2021-04-14 07:14:01,Виртуальное бессмертие. Использование
209464,2021-04-14 08:53:26,Виртуальное бессмертие. Использование
209464,2021-04-14 09:56:06,Виртуальное бессмертие. Использование
209464,2021-04-14 11:01:51,Виртуальное бессмертие. Использование
209464,2021-04-14 12:02:39,Виртуальное бессмертие. Использование
209464,2021-04-14 13:06:03,Виртуальное бессмертие. Использование
209464,2021-04-14 15:07:11,Виртуальное бессмертие. Использование
209464,2021-04-14 16:14:26,Виртуальное бессмертие. Использование
209464,2021-04-14 20:28:37,Виртуальное бессмертие. Использование
209464,2021-04-14 22:27:43,Виртуальное бессмертие. Использование
209464,2021-04-14 23:29:22,Виртуальное бессмертие. Использование
209464,2021-04-15 07:14:46,Виртуальное бессмертие. Использование
209464,2021-04-15 09:11:07,Виртуальное бессмертие. Использование
209464,2021-04-15 10:46:20,Виртуальное бессмертие. Использование
209464,2021-04-15 11:55:19,Виртуальное бессмертие. Использование
209464,2021-04-15 12:59:12,Виртуальное бессмертие. Использование
209464,2021-04-15 15:00:04,Виртуальное бессмертие. Использование
209464,2021-04-15 18:33:23,Виртуальное бессмертие. Использование
209464,2021-04-15 20:08:54,Виртуальное бессмертие. Использование
209464,2021-04-15 21:36:52,Виртуальное бессмертие. Использование
209464,2021-04-16 01:51:21,Виртуальное бессмертие. Использование
209464,2021-04-16 07:04:43,Виртуальное бессмертие. Использование
209464,2021-04-16 08:06:08,Виртуальное бессмертие. Использование
209464,2021-04-16 09:08:48,Виртуальное бессмертие. Использование
209464,2021-04-16 11:03:14,Виртуальное бессмертие. Отключение
209464,2021-04-16 11:03:22,Виртуальное бессмертие. Включение
209464,2021-04-16 11:13:42,Виртуальное бессмертие. Использование
209464,2021-04-16 12:14:09,Виртуальное бессмертие. Использование
209464,2021-04-16 13:16:29,Виртуальное бессмертие. Использование
209464,2021-04-16 17:13:31,Виртуальное бессмертие. Использование
209464,2021-04-16 19:41:30,Виртуальное бессмертие. Использование
209464,2021-04-16 21:08:05,Виртуальное бессмертие. Использование
209464,2021-04-16 22:16:23,Виртуальное бессмертие. Использование
209464,2021-04-17 01:31:59,Виртуальное бессмертие. Использование
209464,2021-04-17 08:00:50,Виртуальное бессмертие. Использование
209464,2021-04-17 09:02:01,Виртуальное бессмертие. Использование
209464,2021-04-17 10:03:57,Виртуальное бессмертие. Использование
209464,2021-04-17 11:28:13,Виртуальное бессмертие. Использование
209464,2021-04-17 14:04:31,Виртуальное бессмертие. Использование
209464,2021-04-17 15:24:00,Виртуальное бессмертие. Использование
209464,2021-04-17 16:56:11,Виртуальное бессмертие. Использование
209464,2021-04-17 18:58:20,Виртуальное бессмертие. Использование
209464,2021-04-17 21:10:32,Виртуальное бессмертие. Использование
209464,2021-04-18 02:26:38,Виртуальное бессмертие. Использование
209464,2021-04-18 07:19:19,Виртуальное бессмертие. Использование
209464,2021-04-18 08:20:12,Виртуальное бессмертие. Использование
209464,2021-04-18 11:24:31,Виртуальное бессмертие. Использование
209464,2021-04-18 12:36:06,Виртуальное бессмертие. Использование
209464,2021-04-18 17:06:59,Виртуальное бессмертие. Использование
209464,2021-04-18 18:53:44,Виртуальное бессмертие. Использование
209464,2021-04-18 19:54:05,Виртуальное бессмертие. Использование
209464,2021-04-19 08:01:33,Виртуальное бессмертие. Использование
209464,2021-04-19 09:29:45,Виртуальное бессмертие. Использование
209464,2021-04-20 10:21:24,Виртуальное бессмертие. Использование
209464,2021-04-20 11:48:21,Виртуальное бессмертие. Использование
209464,2021-04-20 13:04:20,Виртуальное бессмертие. Использование
209464,2021-04-20 18:44:09,Виртуальное бессмертие. Использование
209464,2021-04-25 18:43:11,Виртуальное бессмертие. Использование
209464,2021-04-25 19:50:51,Виртуальное бессмертие. Использование
209464,2021-04-26 06:54:25,Виртуальное бессмертие. Использование
209464,2021-04-26 08:43:17,Виртуальное бессмертие. Использование
209464,2021-04-26 09:50:21,Виртуальное бессмертие. Использование
209464,2021-04-26 11:38:46,Виртуальное бессмертие. Использование
209464,2021-04-26 12:40:05,Виртуальное бессмертие. Использование
209464,2021-04-26 13:40:44,Виртуальное бессмертие. Использование
209464,2021-04-26 14:41:29,Виртуальное бессмертие. Использование
209464,2021-04-26 17:05:54,Виртуальное бессмертие. Использование
209464,2021-04-26 18:53:27,Виртуальное бессмертие. Использование
209464,2021-04-26 20:01:38,Виртуальное бессмертие. Использование
209464,2021-04-26 22:57:40,Виртуальное бессмертие. Использование
209464,2021-04-27 07:36:43,Виртуальное бессмертие. Использование
209464,2021-04-27 19:26:21,Виртуальное бессмертие. Использование
209464,2021-04-28 07:32:00,Виртуальное бессмертие. Использование
209464,2021-04-28 13:05:38,Виртуальное бессмертие. Использование
209464,2021-04-28 19:23:07,Виртуальное бессмертие. Использование
209464,2021-04-29 12:14:09,Виртуальное бессмертие. Использование
209464,2021-04-29 21:10:44,Виртуальное бессмертие. Использование
210788,2021-03-08 14:30:37,Информер ВК. Показ
210788,2021-03-08 14:32:08,Информер ВК. Показ
210788,2021-03-28 16:52:38,Информер ВК. Показ
212095,2021-04-17 20:00:39,Принято заявление и доп. соглашение по переезду
212095,2021-04-17 20:00:42,Информер ВК. Показ
212095,2021-04-17 20:05:18,Информер ВК. Показ
212095,2021-04-20 12:14:14,Включение интернета на 20 минут с IVR
212431,2021-03-03 08:20:39,Гарантированный платеж за деньги
212431,2021-03-11 21:08:16,Гарантированный платеж за деньги
212431,2021-03-11 21:10:29,Информер ВК. Показ
212431,2021-03-16 20:43:25,Информер ВК. Показ
212431,2021-03-17 21:56:12,Информер ВК. Показ
212968,2021-03-10 22:21:44,Включение интернета на 20 минут
212968,2021-03-10 22:22:01,Информер ВК. Показ
213016,2021-03-01 16:14:42,Включение интернета на 20 минут
213329,2021-03-01 18:58:05,Информер ВК. Показ
213329,2021-03-02 19:55:48,Информер ВК. Показ
213406,2021-03-03 11:36:56,Включение интернета на 20 минут
213463,2021-03-14 14:37:54,Информер ВК. Показ
213463,2021-03-14 14:38:12,Включение интернета на 20 минут
213522,2021-03-12 09:38:49,Включение интернета на 20 минут
213522,2021-03-14 19:07:36,Смена пароля
213522,2021-04-12 13:48:16,Гарантированный платеж за деньги
213729,2021-03-25 23:05:34,Включение интернета на 20 минут
213871,2021-04-24 19:06:49,Гарантированный платеж за деньги
214001,2021-03-15 02:22:19,Гарантированный платеж за деньги
214010,2021-03-10 23:18:00,Гарантированный платеж за деньги
214010,2021-03-14 00:57:53,Информер ВК. Показ
214010,2021-03-14 00:58:51,Включение интернета на 20 минут
214010,2021-03-14 01:00:55,Информер ВК. Показ
214010,2021-03-14 01:07:01,Просмотр раздела Тайный покупатель
214010,2021-03-14 01:07:35,Информер ВК. Показ
214010,2021-03-17 00:14:49,Включение интернета на 20 минут
214061,2021-03-28 18:02:06,Включение интернета на 20 минут
214061,2021-03-28 18:02:07,Включение интернета на 20 минут
214491,2021-04-07 17:37:01,Информер ВК. Показ
214491,2021-04-07 17:37:35,Информер ВК. Показ
214491,2021-04-22 15:00:55,Информер ВК. Показ
214545,2021-04-09 20:04:21,Информер ВК. Показ
214545,2021-04-09 20:09:23,Информер ВК. Показ
214545,2021-04-09 20:18:15,Информер ВК. Показ
214545,2021-04-10 20:54:23,Включение интернета на 20 минут
214545,2021-04-11 22:37:00,Включение интернета на 20 минут
214545,2021-04-13 23:26:17,Включение интернета на 20 минут
214655,2021-04-05 16:19:17,Информер ВК. Показ
214655,2021-04-23 13:25:30,Включение интернета на 20 минут
214756,2021-03-14 17:21:16,Включение интернета на 20 минут
214854,2021-03-01 13:27:21,Включение интернета на 20 минут
215211,2021-03-05 11:22:25,Информер ВК. Показ
215211,2021-03-05 11:23:08,Информер ВК. Показ
215211,2021-03-05 11:24:24,Гарантированный платеж за деньги
215211,2021-03-05 11:26:50,Информер ВК. Показ
215295,2021-03-16 20:08:35,Информер ВК. Показ
215295,2021-03-16 20:21:27,Информер ВК. Показ
215295,2021-03-16 20:22:40,Информер ВК. Показ
215345,2021-03-08 00:14:52,Информер ВК. Показ
215345,2021-03-08 00:15:16,Просмотр раздела Тайный покупатель
215345,2021-03-08 00:15:31,Информер ВК. Показ
215345,2021-03-08 00:19:28,Информер ВК. Показ
215364,2021-03-05 13:13:30,Включение интернета на 20 минут
215630,2021-03-05 11:10:26,Гарантированный платеж за деньги
215630,2021-03-22 22:03:44,Гарантированный платеж за деньги
215630,2021-04-08 19:36:04,Включение интернета на 20 минут
215630,2021-04-08 19:36:11,Информер ВК. Показ
215630,2021-04-08 19:36:27,Гарантированный платеж за деньги
216025,2021-03-11 14:03:54,Включение интернета на 20 минут
216025,2021-03-11 14:03:55,Включение интернета на 20 минут
216025,2021-03-11 14:07:32,Информер ВК. Показ
216025,2021-03-11 14:07:56,Информер ВК. Показ
216025,2021-03-23 13:02:10,Информер ВК. Показ
216099,2021-04-02 18:44:22,Информер ВК. Показ
216099,2021-04-02 18:44:33,Отключение услуги Автоплатёж
216099,2021-04-02 18:46:03,Информер ВК. Показ
216099,2021-04-02 18:46:09,Информер ВК. Закрытие
216150,2021-03-03 18:45:33,Информер ВК. Показ
216150,2021-03-03 18:45:43,Гарантированный платеж за деньги
216150,2021-03-04 23:40:35,Информер ВК. Показ
216150,2021-03-06 10:53:28,Информер ВК. Показ
216150,2021-03-09 19:11:04,Гарантированный платеж за деньги
216150,2021-03-12 19:28:56,Гарантированный платеж за деньги
216150,2021-03-15 12:33:12,Тайный покупатель. Отправлена анкета
216150,2021-03-15 16:43:18,Бонус-скорость
216150,2021-03-19 01:17:45,Бонус-скорость
216150,2021-03-19 19:32:31,Гарантированный платеж за деньги
216150,2021-03-23 19:48:31,Включение интернета на 20 минут
216150,2021-03-23 19:49:26,Гарантированный платеж за деньги
216150,2021-03-26 20:00:08,Гарантированный платеж за деньги
216150,2021-03-29 20:19:56,Включение интернета на 20 минут
216150,2021-03-29 20:21:08,Гарантированный платеж за деньги
216232,2021-03-29 18:28:59,Информер ВК. Показ
216232,2021-03-29 18:35:20,Информер ВК. Показ
216232,2021-03-29 18:40:22,Информер ВК. Показ
216363,2021-03-19 10:45:46,Получение подарка в ЛК: 1 месяц бесплатного просмотра IPTV
216363,2021-03-19 10:45:48,Получение подарка в ЛК: сутки интернета на максимальной скорости
216363,2021-03-19 10:45:55,Информер ВК. Показ
216363,2021-03-19 10:46:11,Информер ВК. Показ
216363,2021-03-19 10:51:24,Информер ВК. Показ
216514,2021-03-16 17:38:34,Информер ВК. Показ
216576,2021-04-13 20:02:03,Информер ВК. Показ
216576,2021-04-13 20:09:57,Информер ВК. Показ
216576,2021-04-13 21:02:09,Информер ВК. Показ
216592,2021-04-03 15:42:48,Включение интернета на 20 минут с IVR
217600,2021-03-18 17:56:32,Включение интернета на 20 минут
217600,2021-04-19 07:28:36,Гарантированный платеж за деньги
218136,2021-04-11 13:08:23,Включение интернета на 20 минут
219528,2021-04-07 18:32:31,Включение интернета на 20 минут с IVR
219528,2021-04-07 18:43:40,Просмотр раздела Тайный покупатель
219528,2021-04-07 18:45:12,Информер ВК. Показ
219528,2021-04-07 19:00:21,Информер ВК. Показ
219528,2021-04-07 19:02:06,Информер ВК. Показ
219528,2021-04-11 13:57:09,Включение интернета на 20 минут с IVR
219679,2021-03-06 12:40:49,Гарантированный платеж за деньги
219679,2021-04-10 11:22:34,Гарантированный платеж за деньги
220160,2021-04-16 07:18:47,Информер ВК. Показ
220193,2021-04-05 00:05:02,Гарантированный платеж за деньги
220508,2021-03-21 23:58:11,Получение подарка в ЛК: 1 месяц бесплатного просмотра IPTV
220508,2021-03-21 23:58:14,Получение подарка в ЛК: сутки интернета на максимальной скорости
220508,2021-03-21 23:58:57,Информер ВК. Показ
220508,2021-04-20 01:23:11,Гарантированный платеж за деньги
220561,2021-04-10 12:25:27,Включение интернета на 20 минут с IVR
220561,2021-04-12 19:31:30,Гарантированный платеж за деньги
220682,2021-03-28 21:40:29,Информер ВК. Показ
221259,2021-04-03 22:17:46,Включение IPTV-пакета
221259,2021-04-06 19:51:22,Информер ВК. Показ
221259,2021-04-06 22:24:26,Включение интернета на 20 минут
221259,2021-04-06 22:24:33,Информер ВК. Показ
221259,2021-04-06 22:24:58,Гарантированный платеж за деньги
221259,2021-04-09 22:32:00,Информер ВК. Показ
221259,2021-04-09 22:32:19,Включение интернета на 20 минут
221259,2021-04-09 22:32:33,Гарантированный платеж за деньги
221259,2021-04-12 22:36:37,Гарантированный платеж за деньги
221259,2021-04-19 12:21:03,Гарантированный платеж за деньги
221259,2021-04-22 15:00:01,Гарантированный платеж за деньги
221259,2021-04-28 18:29:01,Включение интернета на 20 минут
221473,2021-03-19 22:21:40,Включение интернета на 20 минут
221473,2021-04-24 01:26:33,Включение интернета на 20 минут с IVR
221773,2021-04-26 15:03:45,Гарантированный платеж за деньги
222090,2021-03-26 19:22:11,Принято заявление и доп. соглашение по переезду
222090,2021-03-26 19:22:16,Информер ВК. Показ
222090,2021-03-26 19:23:32,Информер ВК. Показ
222090,2021-03-26 19:26:07,Информер ВК. Показ
222090,2021-03-28 00:01:37,Включение интернета на 20 минут
222090,2021-04-01 00:05:08,Включение интернета на 20 минут
222210,2021-03-02 21:52:43,Включение интернета на 20 минут
222210,2021-03-02 21:52:44,Включение интернета на 20 минут
222210,2021-03-02 21:54:16,Информер ВК. Показ
222210,2021-03-02 21:58:40,Информер ВК. Показ
222210,2021-03-02 22:19:43,Гарантированный платеж за деньги
222210,2021-03-06 18:01:21,Информер ВК. Показ
222210,2021-03-06 18:04:30,Гарантированный платеж за деньги
222210,2021-03-09 18:42:18,Гарантированный платеж за деньги
222210,2021-03-12 20:13:56,Гарантированный платеж за деньги
222210,2021-03-15 20:27:15,Гарантированный платеж за деньги
222210,2021-03-18 22:10:10,Гарантированный платеж за деньги
222210,2021-03-22 16:55:25,Гарантированный платеж за деньги
222210,2021-03-26 19:56:46,Гарантированный платеж за деньги
222210,2021-03-30 19:05:32,Гарантированный платеж за деньги
222210,2021-04-02 20:09:16,Гарантированный платеж за деньги
222210,2021-04-05 12:46:16,Информер ВК. Показ
222210,2021-04-05 12:46:19,Информер ВК. Показ
222210,2021-04-06 19:24:01,Информер ВК. Показ
222210,2021-04-06 19:27:15,Гарантированный платеж за деньги
222210,2021-04-10 12:45:12,Гарантированный платеж за деньги
222210,2021-04-13 20:20:00,Гарантированный платеж за деньги
222210,2021-04-17 11:12:10,Включение интернета на 20 минут с IVR
222210,2021-04-20 03:00:40,Включение интернета на 20 минут
222210,2021-04-20 03:09:02,Гарантированный платеж за деньги
222210,2021-04-23 11:20:10,Включение интернета на 20 минут
222210,2021-04-23 11:29:41,Гарантированный платеж за деньги
222374,2021-04-01 13:50:14,Получение подарка в ЛК: 1 месяц бесплатного просмотра IPTV
222374,2021-04-01 13:50:19,Получение подарка в ЛК: сутки интернета на максимальной скорости
222374,2021-04-01 13:50:24,Информер ВК. Показ
222374,2021-04-01 13:59:16,Информер ВК. Показ
222374,2021-04-01 13:59:18,Информер ВК. Показ
222484,2021-04-04 08:57:48,Гарантированный платеж за деньги
223041,2021-03-06 16:40:49,Включение интернета на 20 минут с IVR
223041,2021-04-06 21:06:37,Включение интернета на 20 минут с IVR
223155,2021-03-03 01:29:29,Получение подарка в ЛК: сутки интернета на максимальной скорости
223155,2021-03-03 01:29:32,Получение подарка в ЛК: 1 месяц бесплатного просмотра IPTV
223155,2021-03-04 03:07:08,Информер ВК. Показ
223155,2021-03-08 22:54:38,Информер ВК. Показ
223155,2021-03-09 13:11:55,Включение интернета на 20 минут
223156,2021-03-12 20:11:49,Включение интернета на 20 минут
223156,2021-04-02 12:53:42,Получение подарка в ЛК: 1 месяц бесплатного просмотра IPTV
223156,2021-04-02 12:53:59,Получение подарка в ЛК: сутки интернета на максимальной скорости
223156,2021-04-02 12:54:32,Информер ВК. Показ
223156,2021-04-02 12:57:26,Информер ВК. Показ
223156,2021-04-02 13:04:45,Информер ВК. Показ
223201,2021-04-05 09:45:42,Включение интернета на 20 минут с IVR
223554,2021-03-17 12:41:30,Информер ВК. Показ
223554,2021-03-17 12:44:23,Просмотр раздела Тайный покупатель
223554,2021-03-17 12:45:05,Информер ВК. Показ
223554,2021-03-17 12:47:09,Информер ВК. Показ
223554,2021-03-19 11:19:54,Включение интернета на 20 минут
223554,2021-04-24 14:27:26,Информер ВК. Показ
223566,2021-03-19 11:22:08,Гарантированный платеж за деньги
223566,2021-03-23 16:13:49,Включение интернета на 20 минут с IVR
223566,2021-04-21 15:39:56,Информер ВК. Показ
223566,2021-04-21 15:40:15,Информер ВК. Показ
223566,2021-04-21 15:42:13,Информер ВК. Показ
224376,2021-03-04 22:28:44,Получение подарка в ЛК: 1 месяц бесплатного просмотра IPTV
224376,2021-03-04 22:28:50,Получение подарка в ЛК: сутки интернета на максимальной скорости
224376,2021-03-04 22:34:56,Информер ВК. Показ
224376,2021-03-04 22:36:16,Информер ВК. Показ
224376,2021-04-26 20:57:26,Информер ВК. Показ
224444,2021-03-13 20:49:37,Включение интернета на 20 минут
224444,2021-03-13 20:50:23,Получение подарка в ЛК: 1 месяц бесплатного просмотра IPTV
224444,2021-03-13 20:51:12,Получение подарка в ЛК: сутки интернета на максимальной скорости
224444,2021-03-13 20:54:01,Информер ВК. Показ
224444,2021-03-13 20:58:27,Информер ВК. Показ
224444,2021-03-13 20:58:44,Информер ВК. Показ
224877,2021-03-06 00:37:45,Гарантированный платеж за деньги
224877,2021-03-12 19:24:51,Информер ВК. Показ
224877,2021-03-12 19:25:08,Гарантированный платеж за деньги
224877,2021-03-16 16:14:28,Информер ВК. Показ
224877,2021-03-16 16:14:42,Включение интернета на 20 минут
224877,2021-03-16 16:18:34,Информер ВК. Показ
224877,2021-03-16 18:39:35,Гарантированный платеж за деньги
224877,2021-03-19 18:43:35,Гарантированный платеж за деньги
224877,2021-03-25 19:46:17,Гарантированный платеж за деньги
224877,2021-03-29 14:19:38,Включение интернета на 20 минут
224877,2021-03-29 14:29:29,Гарантированный платеж за деньги
224877,2021-04-01 21:28:01,Включение интернета на 20 минут
224904,2021-03-27 20:35:37,Принято заявление и доп. соглашение по переезду
224904,2021-03-27 20:35:40,Информер ВК. Показ
224904,2021-03-27 20:38:19,Информер ВК. Показ
224904,2021-03-27 20:38:42,Информер ВК. Показ
225384,2021-04-11 15:32:07,Информер ВК. Показ
225402,2021-03-13 15:30:18,Гарантированный платеж за деньги
239498,2021-03-01 14:37:48,Гарантированный платеж за деньги
239498,2021-03-04 16:29:22,Информер ВК. Показ
239498,2021-03-04 16:30:22,Информер ВК. Показ
239498,2021-03-04 16:30:25,Включение интернета на 20 минут
239498,2021-03-04 16:32:52,Информер ВК. Показ
239498,2021-03-04 16:34:37,Гарантированный платеж за деньги
239498,2021-03-08 21:05:25,Включение интернета на 20 минут
239498,2021-03-08 21:05:26,Включение интернета на 20 минут
239498,2021-03-20 16:52:24,Смена тарифа
239498,2021-04-09 22:47:16,Включение интернета на 20 минут
239498,2021-04-09 22:47:45,Информер ВК. Показ
239498,2021-04-09 22:49:01,Информер ВК. Показ
239498,2021-04-09 22:49:46,Гарантированный платеж за деньги
239498,2021-04-13 19:20:49,Информер ВК. Показ
239953,2021-03-07 22:19:32,Включение интернета на 20 минут
239953,2021-03-30 18:23:44,Информер ВК. Показ
239953,2021-03-30 18:24:32,Просмотр раздела Тайный покупатель
239953,2021-03-30 18:25:11,Информер ВК. Показ
239953,2021-03-30 18:25:36,Информер ВК. Показ
239953,2021-04-08 08:19:51,Гарантированный платеж за деньги
239981,2021-03-28 09:01:40,Информер ВК. Показ
239981,2021-03-28 09:02:13,Информер ВК. Показ
239981,2021-03-28 09:02:58,Информер ВК. Показ
239981,2021-03-28 09:07:33,Смена тарифа
240092,2021-03-01 20:57:38,Включение интернета на 20 минут с IVR
240098,2021-03-08 11:37:53,Включение интернета на 20 минут
240285,2021-03-05 22:21:37,Включение интернета на 20 минут
240833,2021-04-23 10:54:23,Включение интернета на 20 минут
240833,2021-04-23 10:54:24,Включение интернета на 20 минут
240833,2021-04-23 16:20:05,Гарантированный платеж за деньги
241317,2021-03-03 22:21:51,Гарантированный платеж за деньги
241317,2021-03-07 04:03:12,Включение интернета на 20 минут с IVR
241317,2021-03-13 09:20:38,Включение интернета на 20 минут с IVR
241317,2021-04-13 13:58:26,Информер ВК. Показ
241317,2021-04-13 13:58:37,Гарантированный платеж за деньги
241317,2021-04-17 00:31:36,Включение интернета на 20 минут с IVR
241317,2021-04-20 12:15:16,Включение интернета на 20 минут с IVR
241353,2021-04-26 10:29:04,Информер ВК. Показ
241353,2021-04-26 10:29:33,Информер ВК. Закрытие
241353,2021-04-26 10:29:41,Просмотр раздела Тайный покупатель
241353,2021-04-26 10:30:11,Виртуальное бессмертие. Включение
241353,2021-04-26 10:37:13,Гарантированный платеж за деньги
266910,2021-03-01 09:53:18,Гарантированный платеж за деньги
266910,2021-03-17 13:36:06,Включение IPTV-пакета
267636,2021-04-09 23:39:12,Получение подарка в ЛК: 1 месяц бесплатного просмотра IPTV
267636,2021-04-09 23:40:58,Информер ВК. Показ
267636,2021-04-09 23:48:44,Информер ВК. Показ
267636,2021-04-09 23:50:08,Получение подарка в ЛК: сутки интернета на максимальной скорости
267636,2021-04-09 23:50:48,Информер ВК. Показ
267636,2021-04-27 18:53:29,Включение интернета на 20 минут
267697,2021-03-20 23:38:48,Информер ВК. Показ
267697,2021-03-28 20:59:16,Информер ВК. Показ
267697,2021-03-28 20:59:20,Включение интернета на 20 минут
267697,2021-03-28 21:07:28,Информер ВК. Показ
267851,2021-03-02 21:18:06,Включение интернета на 20 минут
267851,2021-03-03 16:50:15,Гарантированный платеж за деньги
267851,2021-03-06 17:07:14,Гарантированный платеж за деньги
267851,2021-03-09 20:13:18,Гарантированный платеж за деньги
267851,2021-03-12 21:41:05,Информер ВК. Показ
267851,2021-03-12 21:41:18,Информер ВК. Показ
267851,2021-03-12 21:44:29,Гарантированный платеж за деньги
267851,2021-03-16 18:08:38,Информер ВК. Показ
267851,2021-03-16 18:08:53,Гарантированный платеж за деньги
267851,2021-03-19 18:27:35,Включение интернета на 20 минут
267851,2021-03-19 18:57:32,Гарантированный платеж за деньги
267851,2021-03-22 23:37:58,Гарантированный платеж за деньги
267851,2021-03-26 23:02:30,Включение интернета на 20 минут
267851,2021-03-26 23:42:53,Гарантированный платеж за деньги
267851,2021-03-30 17:39:24,Гарантированный платеж за деньги
267851,2021-04-02 17:54:36,Включение интернета на 20 минут
267851,2021-04-02 17:54:37,Включение интернета на 20 минут
267851,2021-04-03 17:25:25,Гарантированный платеж за деньги
267851,2021-04-06 19:04:14,Гарантированный платеж за деньги
267851,2021-04-09 19:45:07,Гарантированный платеж за деньги
267851,2021-04-12 20:45:42,Гарантированный платеж за деньги
267851,2021-04-16 00:52:36,Информер ВК. Показ
267851,2021-04-16 00:52:52,Гарантированный платеж за деньги
268002,2021-03-07 21:09:30,Принято заявление и доп. соглашение по переезду
268002,2021-03-07 21:09:33,Информер ВК. Показ
268002,2021-03-07 21:09:39,Информер ВК. Показ
268002,2021-03-07 21:11:59,Информер ВК. Показ
268409,2021-04-13 19:03:32,Информер ВК. Показ
268409,2021-04-13 19:04:14,Информер ВК. Показ
268409,2021-04-13 19:05:38,Информер ВК. Показ
268409,2021-04-13 19:17:35,Включение интернета на 20 минут
268901,2021-03-12 00:35:17,Информер ВК. Показ
268901,2021-03-13 14:59:17,Информер ВК. Показ
268901,2021-03-24 11:44:43,Информер ВК. Показ
268901,2021-03-29 22:17:17,Включение интернета на 20 минут
268901,2021-03-29 22:17:47,Гарантированный платеж за деньги
268901,2021-04-01 23:21:30,Включение интернета на 20 минут
268901,2021-04-04 23:37:19,Гарантированный платеж за деньги
268901,2021-04-08 11:38:47,Включение интернета на 20 минут
268901,2021-04-08 13:36:10,Гарантированный платеж за деньги
268901,2021-04-11 19:59:18,Включение интернета на 20 минут
268901,2021-04-11 20:51:14,Гарантированный платеж за деньги
268917,2021-03-01 13:09:44,Включение интернета на 20 минут
268917,2021-03-01 13:10:31,Информер ВК. Показ
268917,2021-03-01 13:10:52,Информер ВК. Показ
268917,2021-03-13 18:58:40,Включение IPTV-пакета
268917,2021-03-22 16:16:43,Включение интернета на 20 минут с IVR
268917,2021-03-24 23:45:34,Информер ВК. Показ
269095,2021-04-05 08:52:15,Включение интернета на 20 минут
269095,2021-04-05 08:52:16,Включение интернета на 20 минут
269141,2021-03-05 18:27:16,Включение интернета на 20 минут
269276,2021-03-23 21:35:28,Информер ВК. Показ
269276,2021-04-07 05:26:31,Гарантированный платеж за деньги
269312,2021-03-11 21:04:09,Включение интернета на 20 минут
269329,2021-03-10 21:26:42,Включение интернета на 20 минут
269329,2021-04-17 13:08:08,Информер ВК. Показ
269404,2021-03-31 19:53:15,Информер ВК. Показ
269404,2021-03-31 19:54:47,Информер ВК. Показ
269404,2021-03-31 19:55:44,Информер ВК. Показ
269404,2021-03-31 20:14:41,Гарантированный платеж за деньги
269405,2021-04-03 17:35:38,Информер ВК. Показ
269405,2021-04-08 13:31:53,Информер ВК. Показ
269533,2021-03-08 22:08:45,Включение интернета на 20 минут
269533,2021-03-08 22:08:46,Включение интернета на 20 минут
269557,2021-03-06 15:53:51,Включение интернета на 20 минут
269557,2021-04-06 20:37:48,Гарантированный платеж за деньги
269637,2021-03-07 15:03:02,Принято заявление и доп. соглашение по переезду
269637,2021-03-07 15:03:05,Информер ВК. Показ
269637,2021-03-07 15:06:47,Информер ВК. Показ
269637,2021-03-25 13:13:27,Включение интернета на 20 минут
269796,2021-03-07 14:29:48,Включение интернета на 20 минут
269815,2021-03-27 11:48:59,Информер ВК. Показ
269815,2021-03-27 11:49:28,Информер ВК. Показ
269815,2021-03-27 11:52:01,Смена пароля
269815,2021-03-27 11:52:10,Информер ВК. Показ
269859,2021-04-07 18:44:50,Включение интернета на 20 минут с IVR
269883,2021-03-09 14:26:03,Включение интернета на 20 минут
269892,2021-03-01 23:18:41,Включение интернета на 20 минут
269892,2021-03-01 23:19:17,Гарантированный платеж за деньги
269898,2021-03-28 10:52:31,Информер ВК. Показ
269898,2021-03-28 10:52:44,Информер ВК. Показ
269898,2021-03-28 10:52:48,Включение интернета на 20 минут
269898,2021-03-28 10:53:20,Информер ВК. Показ
269898,2021-03-30 16:08:49,Гарантированный платеж за деньги
269942,2021-04-13 23:35:57,Гарантированный платеж за деньги
269970,2021-03-02 22:42:36,Информер ВК. Показ
269970,2021-03-02 22:43:32,Информер ВК. Показ
269970,2021-03-02 22:50:48,Включение интернета на 20 минут
269970,2021-03-02 22:52:00,Информер ВК. Показ
269999,2021-03-07 18:26:15,Информер ВК. Показ
269999,2021-03-07 18:27:02,Информер ВК. Показ
269999,2021-03-07 18:27:11,Информер ВК. Показ
269999,2021-03-07 18:28:23,Включение интернета на 20 минут
270023,2021-03-25 16:28:05,Принято заявление и доп. соглашение по переезду
270023,2021-03-25 16:28:07,Информер ВК. Показ
270023,2021-03-25 16:28:56,Информер ВК. Показ
270023,2021-03-25 16:32:14,Информер ВК. Показ
270119,2021-03-15 20:56:23,Включение интернета на 20 минут
270119,2021-04-07 17:47:51,Информер ВК. Показ
270129,2021-03-11 17:20:07,Включение интернета на 20 минут
270234,2021-03-09 23:27:09,Включение интернета на 20 минут
270247,2021-03-21 13:05:42,Информер ВК. Показ
270247,2021-03-21 16:39:45,Информер ВК. Показ
270405,2021-03-01 17:23:08,Гарантированный платеж за деньги
270405,2021-03-01 17:25:49,Информер ВК. Показ
270405,2021-03-01 17:27:16,Информер ВК. Показ
270405,2021-03-01 17:28:21,Информер ВК. Показ
270405,2021-03-08 20:24:44,Гарантированный платеж за деньги
270405,2021-03-13 11:48:00,Гарантированный платеж за деньги
270405,2021-03-16 21:50:34,Гарантированный платеж за деньги
270405,2021-03-22 10:29:13,Гарантированный платеж за деньги
270405,2021-03-25 11:05:13,Гарантированный платеж за деньги
270405,2021-04-09 09:21:50,Информер ВК. Показ
270405,2021-04-09 09:22:32,Информер ВК. Показ
270405,2021-04-09 09:22:49,Гарантированный платеж за деньги
270405,2021-04-09 09:33:52,Информер ВК. Показ
270405,2021-04-12 10:52:15,Гарантированный платеж за деньги
270405,2021-04-15 12:22:10,Гарантированный платеж за деньги
270405,2021-04-21 21:09:22,Гарантированный платеж за деньги
270405,2021-04-24 23:15:24,Гарантированный платеж за деньги
270571,2021-03-14 11:05:21,Включение интернета на 20 минут
270599,2021-04-15 23:00:18,Информер ВК. Показ
270599,2021-04-15 23:01:37,Гарантированный платеж за деньги
270654,2021-03-07 13:42:11,Гарантированный платеж за деньги
270654,2021-03-11 22:07:38,Гарантированный платеж за деньги
270654,2021-03-15 00:55:43,Информер ВК. Показ
270654,2021-03-15 00:58:39,Информер ВК. Показ
270654,2021-03-15 00:58:58,Гарантированный платеж за деньги
270654,2021-03-18 01:36:45,Информер ВК. Показ
270654,2021-03-18 01:37:02,Гарантированный платеж за деньги
270654,2021-03-21 19:06:58,Гарантированный платеж за деньги
270654,2021-04-02 17:24:17,Гарантированный платеж за деньги
270893,2021-04-10 02:06:31,Информер ВК. Показ
270893,2021-04-10 02:07:03,Информер ВК. Показ
270893,2021-04-10 02:07:16,Информер ВК. Показ
270893,2021-04-10 02:07:42,Включение интернета на 20 минут
270923,2021-03-08 23:13:07,Гарантированный платеж за деньги
270975,2021-04-24 18:26:12,Информер ВК. Показ
270975,2021-04-24 18:27:31,Информер ВК. Показ
271049,2021-03-06 15:05:15,Гарантированный платеж за деньги
271049,2021-03-26 12:43:15,Включение интернета на 20 минут с IVR
271049,2021-03-29 18:02:43,Включение интернета на 20 минут с IVR
271049,2021-04-02 16:10:07,Включение интернета на 20 минут
271049,2021-04-02 16:10:16,Информер ВК. Показ
271049,2021-04-02 16:11:44,Информер ВК. Показ
271049,2021-04-02 16:12:16,Гарантированный платеж за деньги
271049,2021-04-06 00:41:28,Включение интернета на 20 минут
271049,2021-04-14 15:29:04,Включение интернета на 20 минут
271049,2021-04-14 15:29:05,Включение интернета на 20 минут
271049,2021-04-25 19:52:42,Информер ВК. Показ
271082,2021-03-05 14:49:47,Принято заявление и доп. соглашение по переезду
271082,2021-03-05 14:49:50,Информер ВК. Показ
271082,2021-03-05 14:50:35,Информер ВК. Показ
271082,2021-03-05 14:52:03,Информер ВК. Показ
271082,2021-03-05 15:22:17,Абонент оставил отзыв в Личном кабинете
271082,2021-03-05 15:40:00,Включение IPTV-пакета
271082,2021-03-06 22:16:00,Гарантированный платеж за деньги
271082,2021-03-10 10:56:11,Включение интернета на 20 минут
271179,2021-03-28 21:48:50,Включение интернета на 20 минут
271241,2021-03-04 18:45:24,Принято заявление и доп. соглашение по переезду
271241,2021-03-04 18:45:28,Информер ВК. Показ
271378,2021-03-03 03:02:04,Виртуальное бессмертие. Использование
271378,2021-04-03 00:42:56,Информер ВК. Показ
271378,2021-04-03 00:43:17,Включение интернета на 20 минут
271378,2021-04-03 00:43:27,Гарантированный платеж за деньги
271378,2021-04-06 04:26:06,Информер ВК. Показ
271378,2021-04-06 04:27:19,Виртуальное бессмертие. Отключение
271378,2021-04-06 04:27:27,Информер ВК. Показ
271378,2021-04-06 04:27:53,Виртуальное бессмертие. Включение
271378,2021-04-06 04:30:43,Виртуальное бессмертие. Отключение
271378,2021-04-06 04:31:11,Включение интернета на 20 минут
271378,2021-04-06 04:33:44,Виртуальное бессмертие. Включение
271378,2021-04-06 04:36:00,Виртуальное бессмертие. Отключение
271378,2021-04-06 04:40:40,Включение ограничения функций ТВ
271378,2021-04-06 04:55:11,Виртуальное бессмертие. Включение
271378,2021-04-06 04:55:26,Отключение  ограничения функций ТВ
271378,2021-04-06 04:56:51,Виртуальное бессмертие. Отключение
271378,2021-04-06 04:57:57,Виртуальное бессмертие. Включение
271378,2021-04-06 05:22:48,Виртуальное бессмертие. Отключение
271378,2021-04-06 05:23:34,Виртуальное бессмертие. Включение
271378,2021-04-25 12:20:38,Виртуальное бессмертие. Отключение
271378,2021-04-25 12:21:35,Виртуальное бессмертие. Включение
271378,2021-04-25 12:38:48,Включение интернета на 20 минут
271378,2021-04-25 13:07:35,Гарантированный платеж за деньги
271702,2021-03-08 16:37:38,Информер ВК. Показ
271702,2021-03-08 16:38:02,Информер ВК. Показ
271702,2021-03-08 16:40:00,Информер ВК. Показ
271722,2021-03-08 17:56:14,Включение интернета на 20 минут
271819,2021-03-14 18:38:18,Информер ВК. Показ
271819,2021-03-17 22:38:34,Информер ВК. Показ
271819,2021-03-25 21:37:33,Информер ВК. Показ
271819,2021-03-25 21:37:53,Включение интернета на 20 минут
271819,2021-04-20 15:25:14,Информер ВК. Показ
271819,2021-04-23 14:28:17,Информер ВК. Показ
271820,2021-03-21 08:20:11,Информер ВК. Показ
271820,2021-03-21 08:20:34,Гарантированный платеж за деньги
271820,2021-03-24 11:17:24,Включение интернета на 20 минут
271820,2021-04-16 08:22:04,Информер ВК. Показ
271820,2021-04-16 08:22:40,Информер ВК. Показ
271927,2021-03-03 20:08:50,Гарантированный платеж за деньги
271927,2021-03-09 12:25:44,Гарантированный платеж за деньги
271927,2021-03-15 18:07:17,Гарантированный платеж за деньги
271927,2021-03-23 21:58:16,Гарантированный платеж за деньги
271927,2021-03-29 19:08:28,Гарантированный платеж за деньги
271927,2021-04-06 19:28:00,Гарантированный платеж за деньги
271927,2021-04-19 20:38:38,Гарантированный платеж за деньги
271927,2021-04-22 21:18:03,Гарантированный платеж за деньги
271952,2021-03-10 19:38:36,Информер ВК. Показ
271952,2021-03-19 18:29:39,Информер ВК. Показ
271952,2021-03-22 20:20:16,Информер ВК. Показ
271980,2021-04-06 16:30:32,Получение подарка в ЛК: сутки интернета на максимальной скорости
271980,2021-04-06 16:30:34,Получение подарка в ЛК: 1 месяц бесплатного просмотра IPTV
271980,2021-04-06 16:31:09,Информер ВК. Показ
271980,2021-04-06 16:31:27,Отключение услуги Автоплатёж
271980,2021-04-06 16:31:49,Информер ВК. Показ
272061,2021-03-12 20:05:39,Включение интернета на 20 минут
272070,2021-03-11 21:33:12,Включение интернета на 20 минут
272070,2021-03-11 21:33:16,Включение интернета на 20 минут
272070,2021-03-11 21:33:49,Получение подарка в ЛК: 1 месяц бесплатного просмотра IPTV
272070,2021-03-11 21:33:58,Получение подарка в ЛК: сутки интернета на максимальной скорости
272070,2021-03-11 21:34:04,Информер ВК. Показ
272070,2021-03-28 16:29:15,Включение интернета на 20 минут
272070,2021-03-28 16:30:17,Информер ВК. Показ
272070,2021-03-28 16:31:54,Информер ВК. Показ
272070,2021-04-18 18:57:35,Просмотр раздела Тайный покупатель
272139,2021-03-11 22:24:52,Информер ВК. Показ
272312,2021-03-01 22:14:09,Включение интернета на 20 минут
272312,2021-04-01 22:51:43,Гарантированный платеж за деньги
272312,2021-04-05 12:49:20,Включение интернета на 20 минут
272617,2021-03-05 22:11:36,Информер ВК. Показ
272617,2021-04-16 07:29:51,Включение интернета на 20 минут
272898,2021-03-05 15:21:07,Включение интернета на 20 минут
273246,2021-04-26 20:13:46,Гарантированный платеж за деньги
273292,2021-03-01 02:01:37,Информер ВК. Показ
273472,2021-03-03 19:09:56,Включение интернета на 20 минут
273472,2021-03-29 17:30:52,Информер ВК. Показ
273472,2021-03-29 17:31:14,Информер ВК. Показ
273528,2021-03-16 00:19:35,Информер ВК. Показ
273528,2021-03-16 00:20:27,Информер ВК. Показ
273528,2021-03-22 23:12:57,Информер ВК. Показ
273538,2021-03-03 17:24:30,Включение интернета на 20 минут
273538,2021-03-29 16:42:25,Информер ВК. Показ
273538,2021-04-02 21:44:42,Просмотр раздела Тайный покупатель
273538,2021-04-02 21:44:51,Включение интернета на 20 минут
273538,2021-04-06 22:08:58,Включение интернета на 20 минут
273538,2021-04-11 22:56:35,Гарантированный платеж за деньги
273538,2021-04-23 00:05:42,Включение интернета на 20 минут
273538,2021-04-27 10:54:52,Информер ВК. Показ
273680,2021-03-24 11:31:26,Информер ВК. Показ
273681,2021-03-02 14:33:22,Информер ВК. Показ
273695,2021-03-07 15:01:28,Включение интернета на 20 минут с IVR
273715,2021-03-18 09:29:44,Гарантированный платеж за деньги
273715,2021-03-21 18:29:03,Включение интернета на 20 минут
273715,2021-03-21 18:29:23,Получение подарка в ЛК: сутки интернета на максимальной скорости
273715,2021-04-21 22:09:07,Включение интернета на 20 минут
273715,2021-04-21 22:30:20,Гарантированный платеж за деньги
273811,2021-03-28 15:45:17,Без границ бесплатно. Включение
273849,2021-04-03 20:02:53,Включение интернета на 20 минут с IVR
273908,2021-03-10 21:13:42,Включение интернета на 20 минут
273908,2021-03-27 23:15:40,Информер ВК. Показ
273908,2021-04-20 13:24:44,Информер ВК. Показ
273908,2021-04-20 13:25:58,Информер ВК. Показ
274321,2021-03-03 22:37:34,Включение интернета на 20 минут
274321,2021-03-04 18:35:34,Информер ВК. Показ
274321,2021-03-04 18:36:10,Без границ бесплатно. Включение
274321,2021-03-04 18:58:03,Информер ВК. Показ
274321,2021-03-05 04:57:59,Гарантированный платеж за деньги
274321,2021-03-08 05:31:22,Включение интернета на 20 минут
274321,2021-03-09 19:32:09,Информер ВК. Показ
274321,2021-03-19 15:20:40,Включение IPTV-пакета
274601,2021-04-20 10:43:20,Включение интернета на 20 минут с IVR
274601,2021-04-20 14:25:58,Информер ВК. Показ
274710,2021-04-20 19:46:43,Принято заявление и доп. соглашение по переезду
274710,2021-04-20 19:46:46,Информер ВК. Показ
274786,2021-04-25 20:11:48,Включение интернета на 20 минут с IVR
274786,2021-04-26 10:08:26,Информер ВК. Показ
274786,2021-04-26 10:10:13,Информер ВК. Показ
275109,2021-03-01 12:21:43,Включение интернета на 20 минут с IVR
275285,2021-03-01 17:55:34,Информер ВК. Показ
275285,2021-03-15 11:24:56,Включение интернета на 20 минут с IVR
275308,2021-03-13 12:48:24,Информер ВК. Показ
275308,2021-03-13 12:50:07,Информер ВК. Показ
275308,2021-03-13 12:50:11,Информер ВК. Показ
275308,2021-03-16 22:03:37,Просмотр раздела Тайный покупатель
275409,2021-03-09 21:50:40,Включение интернета на 20 минут
275409,2021-03-10 22:01:57,Включение интернета на 20 минут
275409,2021-03-11 17:31:30,Гарантированный платеж за деньги
275409,2021-03-14 20:41:27,Включение интернета на 20 минут
275409,2021-04-12 19:36:14,Информер ВК. Показ
275628,2021-03-10 23:09:31,Информер ВК. Показ
275628,2021-03-14 01:43:09,Информер ВК. Показ
275628,2021-03-20 01:10:40,Информер ВК. Показ
275684,2021-03-06 15:02:52,Принято заявление и доп. соглашение по переезду
275684,2021-03-06 15:02:57,Информер ВК. Показ
275684,2021-03-06 15:27:19,Информер ВК. Показ
275684,2021-03-06 15:30:59,Информер ВК. Показ
275684,2021-03-07 18:14:37,Включение интернета на 20 минут
275684,2021-03-07 18:56:03,Гарантированный платеж за деньги
275684,2021-03-17 22:45:14,Включение интернета на 20 минут
275684,2021-03-17 22:52:37,Гарантированный платеж за деньги
275684,2021-03-20 23:12:52,Гарантированный платеж за деньги
275684,2021-03-25 12:36:36,Включение интернета на 20 минут
275684,2021-03-25 12:38:11,Гарантированный платеж за деньги
275684,2021-03-29 10:28:22,Гарантированный платеж за деньги
275684,2021-04-01 18:26:08,Гарантированный платеж за деньги
275744,2021-03-06 13:09:03,Включение интернета на 20 минут
275744,2021-03-06 13:31:27,Гарантированный платеж за деньги
275744,2021-03-06 16:25:40,Информер ВК. Показ
275744,2021-03-06 16:26:13,Информер ВК. Показ
275744,2021-03-06 16:26:30,Информер ВК. Показ
275744,2021-03-16 16:45:14,Включение интернета на 20 минут
275744,2021-03-20 01:36:43,Гарантированный платеж за деньги
275744,2021-03-23 01:54:51,Включение интернета на 20 минут
275744,2021-03-24 13:07:41,Гарантированный платеж за деньги
275744,2021-03-27 12:50:34,Просмотр раздела Тайный покупатель
275744,2021-03-31 14:09:34,Гарантированный платеж за деньги
275744,2021-03-31 14:09:37,Включение интернета на 20 минут
275744,2021-04-04 18:13:02,Гарантированный платеж за деньги
275744,2021-04-12 23:06:36,Получение подарка в ЛК: сутки интернета на максимальной скорости
275744,2021-04-12 23:06:41,Получение подарка в ЛК: 1 месяц бесплатного просмотра IPTV
275744,2021-04-12 23:07:08,Информер ВК. Показ
275931,2021-04-01 16:33:12,Включение IPTV-пакета
276027,2021-03-18 09:26:36,Включение интернета на 20 минут с IVR
276141,2021-03-17 08:50:29,Включение интернета на 20 минут
276141,2021-03-18 02:01:34,Гарантированный платеж за деньги
276141,2021-04-13 10:28:52,Информер ВК. Показ
276141,2021-04-13 10:34:48,Информер ВК. Показ
276304,2021-03-19 12:39:27,Информер ВК. Показ
276304,2021-03-20 17:56:10,Информер ВК. Показ
276304,2021-04-12 14:27:34,Информер ВК. Показ
276340,2021-03-26 19:37:50,Включение интернета на 20 минут
276350,2021-04-15 15:00:01,Информер ВК. Показ
276350,2021-04-15 15:00:09,Информер ВК. Показ
276350,2021-04-15 15:08:21,Информер ВК. Показ
276832,2021-03-25 23:53:05,Информер ВК. Показ
276832,2021-03-25 23:55:05,Информер ВК. Показ
276832,2021-03-25 23:55:18,Информер ВК. Показ
277024,2021-04-01 21:19:46,Включение интернета на 20 минут с IVR
277024,2021-04-13 16:21:21,Включение интернета на 20 минут с IVR
277447,2021-03-17 13:58:32,Информер ВК. Показ
277447,2021-03-17 13:59:06,Информер ВК. Показ
277447,2021-03-17 14:07:49,Информер ВК. Показ
277447,2021-03-17 14:08:36,Просмотр раздела Тайный покупатель
277475,2021-04-11 14:13:28,Включение интернета на 20 минут с IVR
277475,2021-04-22 15:28:14,Включение интернета на 20 минут с IVR
277964,2021-03-01 16:30:11,Включение интернета на 20 минут
277964,2021-03-01 16:39:37,Информер ВК. Показ
277964,2021-04-05 18:23:53,Гарантированный платеж за деньги
277964,2021-04-06 18:57:18,Информер ВК. Показ
277964,2021-04-06 19:00:23,Информер ВК. Показ
277964,2021-04-06 19:01:03,Информер ВК. Показ
277964,2021-04-20 17:07:41,Включение интернета на 20 минут
278002,2021-04-20 16:25:47,Гарантированный платеж за деньги
278002,2021-04-25 21:07:57,Информер ВК. Показ
278105,2021-04-28 19:23:27,Включение интернета на 20 минут
278105,2021-04-28 19:23:28,Включение интернета на 20 минут
278105,2021-04-28 19:29:00,Информер ВК. Показ
278130,2021-03-27 00:20:30,Включение интернета на 20 минут
278130,2021-04-27 18:02:57,Включение интернета на 20 минут с IVR
278350,2021-03-01 14:31:21,Информер ВК. Показ
278350,2021-03-05 19:12:17,Смена пароля
278350,2021-03-07 19:52:08,Смена пароля
278350,2021-03-09 19:24:52,Абонент оставил отзыв в Личном кабинете
278350,2021-03-27 19:54:06,Информер ВК. Показ
278350,2021-03-31 13:25:30,Информер ВК. Показ
278350,2021-04-02 22:43:23,Информер ВК. Показ
278350,2021-04-28 17:46:23,Включение интернета на 20 минут с IVR
278424,2021-03-02 17:21:32,Включение интернета на 20 минут с IVR
278424,2021-03-04 15:51:41,Информер ВК. Показ
278424,2021-03-04 15:52:58,Информер ВК. Показ
278455,2021-04-15 13:35:12,Информер ВК. Показ
278533,2021-03-08 22:24:57,Включение интернета на 20 минут
278533,2021-03-08 22:24:58,Включение интернета на 20 минут
278683,2021-03-01 19:54:16,Включение интернета на 20 минут
278688,2021-03-04 00:58:09,Включение интернета на 20 минут
278688,2021-03-06 16:19:13,Включение интернета на 20 минут с IVR
278688,2021-03-06 17:35:04,Информер ВК. Показ
278688,2021-03-06 17:35:11,Информер ВК. Показ
278688,2021-03-06 17:35:17,Информер ВК. Показ
278752,2021-03-03 20:05:03,Включение интернета на 20 минут
278957,2021-03-14 23:04:55,Просмотр раздела Тайный покупатель
278957,2021-03-14 23:05:13,Информер ВК. Показ
278957,2021-03-14 23:08:37,Информер ВК. Показ
278957,2021-03-14 23:09:14,Информер ВК. Показ
278957,2021-03-30 10:23:25,Получение подарка в ЛК: 1 месяц бесплатного просмотра IPTV
278957,2021-03-30 10:23:37,Получение подарка в ЛК: сутки интернета на максимальной скорости
279133,2021-04-12 09:01:58,Гарантированный платеж за деньги
279133,2021-04-12 09:02:09,Включение интернета на 20 минут
279133,2021-04-15 14:45:18,Включение интернета на 20 минут
279133,2021-04-15 15:41:34,Просмотр раздела Тайный покупатель
279202,2021-03-15 12:21:50,Включение IPTV-пакета
279202,2021-03-15 12:21:54,Включение IPTV-пакета
279250,2021-03-01 14:44:33,Включение интернета на 20 минут
279250,2021-03-13 21:41:38,Включение интернета на 20 минут
279250,2021-04-15 11:36:21,Включение интернета на 20 минут с IVR
279296,2021-03-14 18:49:09,Включение интернета на 20 минут с IVR
279323,2021-03-16 14:43:18,Гарантированный платеж за деньги
279323,2021-03-19 15:01:47,Включение интернета на 20 минут
279323,2021-03-25 15:49:14,Включение интернета на 20 минут
279323,2021-03-29 19:42:42,Включение интернета на 20 минут
279323,2021-03-29 19:42:43,Включение интернета на 20 минут
279323,2021-04-07 11:14:49,Информер ВК. Показ
279323,2021-04-07 11:20:08,Информер ВК. Показ
279323,2021-04-07 11:28:13,Информер ВК. Показ
279392,2021-03-03 16:18:58,Информер ВК. Показ
279404,2021-03-16 21:59:37,Информер ВК. Показ
279404,2021-03-16 21:59:54,Гарантированный платеж за деньги
279404,2021-03-17 12:10:45,Информер ВК. Показ
279404,2021-03-17 12:46:34,Информер ВК. Показ
279424,2021-03-14 23:27:00,Информер ВК. Показ
279424,2021-03-14 23:27:39,Информер ВК. Показ
279424,2021-03-16 21:08:32,Информер ВК. Показ
279498,2021-03-18 19:26:38,Информер ВК. Показ
279498,2021-03-18 19:43:30,Включение интернета на 20 минут
279584,2021-03-03 00:53:50,Включение интернета на 20 минут
279584,2021-03-06 23:00:26,Включение интернета на 20 минут
279584,2021-03-08 01:31:42,Включение интернета на 20 минут
279584,2021-03-09 02:03:07,Включение интернета на 20 минут
279584,2021-03-10 23:00:34,Включение интернета на 20 минут
279584,2021-03-12 23:14:29,Включение интернета на 20 минут
279584,2021-03-14 00:21:11,Включение интернета на 20 минут
279584,2021-03-15 00:47:10,Включение интернета на 20 минут
279584,2021-03-21 01:34:49,Включение интернета на 20 минут
279584,2021-03-25 23:41:44,Информер ВК. Показ
279584,2021-03-26 22:03:21,Информер ВК. Показ
279584,2021-03-26 22:05:16,Информер ВК. Показ
279584,2021-03-28 02:31:18,Включение интернета на 20 минут
279584,2021-03-28 02:31:19,Включение интернета на 20 минут
279584,2021-03-29 04:15:28,Включение интернета на 20 минут
279584,2021-04-01 11:19:10,Включение интернета на 20 минут
279625,2021-03-03 14:27:19,Информер ВК. Показ
279625,2021-03-03 14:28:06,Информер ВК. Показ
279625,2021-03-03 18:30:08,Информер ВК. Показ
279625,2021-03-03 18:30:53,Включение интернета на 20 минут
279625,2021-03-03 21:39:56,Гарантированный платеж за деньги
279625,2021-03-10 13:27:46,Гарантированный платеж за деньги
279625,2021-03-13 13:35:33,Включение интернета на 20 минут
279625,2021-03-14 14:47:48,Гарантированный платеж за деньги
279625,2021-03-20 12:56:21,Включение интернета на 20 минут
279625,2021-03-23 23:43:15,Гарантированный платеж за деньги
279625,2021-03-27 15:25:42,Включение интернета на 20 минут
279625,2021-03-27 20:51:25,Гарантированный платеж за деньги
279625,2021-04-02 20:28:11,Включение интернета на 20 минут
279625,2021-04-04 12:20:56,Включение интернета на 20 минут
279625,2021-04-04 12:49:34,Гарантированный платеж за деньги
279625,2021-04-11 01:39:23,Включение интернета на 20 минут
279971,2021-03-13 14:20:49,Информер ВК. Показ
279971,2021-03-13 14:22:54,Информер ВК. Показ
279971,2021-03-13 14:23:07,Информер ВК. Показ
279971,2021-03-16 12:22:08,Просмотр раздела Тайный покупатель
279980,2021-03-01 19:31:10,Информер ВК. Показ
279980,2021-03-01 20:03:36,Информер ВК. Показ
280010,2021-03-02 15:27:07,Информер ВК. Показ
280010,2021-03-02 16:07:17,Информер ВК. Показ
280010,2021-03-02 16:07:23,Информер ВК. Показ
280049,2021-03-02 21:54:10,Информер ВК. Показ
280049,2021-03-02 21:56:47,Информер ВК. Показ
280049,2021-03-02 21:57:51,Информер ВК. Показ
280049,2021-03-04 15:12:00,Абонент оставил отзыв в Личном кабинете
280049,2021-04-13 08:07:35,Информер ВК. Показ
280049,2021-04-13 08:08:16,Включение интернета на 20 минут
280089,2021-03-03 19:01:48,Информер ВК. Показ
280089,2021-03-06 13:39:06,Включение интернета на 20 минут
280089,2021-03-16 16:49:38,Информер ВК. Показ
280089,2021-03-16 16:50:24,Виртуальное бессмертие. Включение
280089,2021-03-16 16:51:33,Информер ВК. Показ
280089,2021-03-16 16:52:25,Включение интернета на 20 минут
280089,2021-03-16 16:57:43,Просмотр раздела Тайный покупатель
280089,2021-03-16 16:59:46,Без границ платно. Включение
280089,2021-03-21 02:48:38,Без границ платно. Отключение
280089,2021-03-21 02:50:37,Включение интернета на 20 минут
280089,2021-03-21 03:21:01,Виртуальное бессмертие. Использование
280136,2021-03-04 17:01:35,Информер ВК. Показ
280136,2021-03-04 17:07:29,Информер ВК. Показ
280136,2021-03-20 18:51:49,Информер ВК. Показ
280149,2021-03-06 13:32:52,Включение интернета на 20 минут
280158,2021-03-04 20:59:09,Информер ВК. Показ
280158,2021-03-04 21:02:48,Информер ВК. Показ
280248,2021-03-06 16:40:54,Информер ВК. Показ
280248,2021-03-06 16:48:17,Информер ВК. Показ
280248,2021-04-06 16:45:15,Включение интернета на 20 минут
280248,2021-04-06 17:49:22,Информер ВК. Показ
280248,2021-04-06 17:52:13,Информер ВК. Показ
280248,2021-04-06 18:00:25,Просмотр раздела Тайный покупатель
280248,2021-04-06 18:02:46,Информер ВК. Показ
280248,2021-04-06 18:04:59,Без границ бесплатно. Включение
280248,2021-04-06 23:29:49,Без границ бесплатно. Отключение
280248,2021-04-06 23:36:37,Виртуальное бессмертие. Включение
280299,2021-03-07 19:42:34,Информер ВК. Показ
280299,2021-03-09 00:02:55,Включение интернета на 20 минут
280330,2021-03-08 20:39:21,Информер ВК. Показ
280330,2021-03-28 19:48:25,Информер ВК. Показ
280330,2021-03-28 19:49:01,Информер ВК. Показ
280330,2021-03-28 19:50:21,Виртуальное бессмертие. Включение
280330,2021-03-28 19:56:04,Без границ бесплатно. Включение
280330,2021-03-28 19:57:13,Без границ бесплатно. Отключение
280330,2021-03-28 19:57:37,Просмотр раздела Тайный покупатель
280467,2021-03-21 19:09:49,Включение интернета на 20 минут
280467,2021-03-23 09:32:20,Включение интернета на 20 минут
280588,2021-03-14 17:31:37,Получение подарка в ЛК: 1 месяц бесплатного просмотра IPTV
280588,2021-03-14 17:31:41,Получение подарка в ЛК: сутки интернета на максимальной скорости
280588,2021-03-14 17:31:41,Информер ВК. Показ
280588,2021-03-14 17:32:57,Информер ВК. Показ
280588,2021-03-14 17:39:20,Информер ВК. Показ
280588,2021-03-16 17:49:49,Гарантированный платеж за деньги
280588,2021-03-19 22:07:46,Гарантированный платеж за деньги
280588,2021-03-22 22:17:26,Включение интернета на 20 минут
280588,2021-03-22 22:17:47,Гарантированный платеж за деньги
280588,2021-03-25 22:25:24,Гарантированный платеж за деньги
280588,2021-03-31 20:51:42,Включение интернета на 20 минут
280588,2021-04-01 09:50:34,Гарантированный платеж за деньги
280625,2021-03-25 21:13:55,Информер ВК. Показ
280625,2021-03-25 21:16:55,Информер ВК. Показ
280627,2021-03-15 18:52:27,Информер ВК. Показ
280627,2021-04-19 00:38:30,Включение интернета на 20 минут
280639,2021-03-15 21:05:42,Информер ВК. Показ
280639,2021-03-15 21:07:02,Информер ВК. Показ
280639,2021-03-15 21:07:07,Информер ВК. Показ
280760,2021-03-17 21:55:35,Информер ВК. Показ
280762,2021-03-18 09:30:43,Информер ВК. Показ
280762,2021-03-18 09:32:30,Информер ВК. Показ
280796,2021-03-18 19:23:46,Информер ВК. Показ
280796,2021-03-20 17:05:28,Информер ВК. Показ
280796,2021-03-20 17:05:43,Информер ВК. Показ
280796,2021-03-20 17:06:21,Просмотр раздела Тайный покупатель
280796,2021-03-28 19:07:14,Включение интернета на 20 минут
280796,2021-03-29 01:30:25,Виртуальное бессмертие. Включение
280796,2021-03-29 01:34:41,Виртуальное бессмертие. Отключение
280796,2021-03-29 01:34:47,Виртуальное бессмертие. Включение
280796,2021-03-29 01:51:42,Виртуальное бессмертие. Отключение
280796,2021-03-29 14:53:18,Виртуальное бессмертие. Включение
280802,2021-03-18 18:47:03,Информер ВК. Показ
280802,2021-03-18 18:48:25,Информер ВК. Показ
280802,2021-03-18 18:55:24,Информер ВК. Показ
280833,2021-03-19 13:02:33,Информер ВК. Показ
280833,2021-03-19 13:06:08,Информер ВК. Показ
280833,2021-03-19 13:06:15,Информер ВК. Показ
280833,2021-04-20 21:24:26,Включение интернета на 20 минут с IVR
280894,2021-03-20 16:55:18,Информер ВК. Показ
280894,2021-03-22 00:05:54,Включение интернета на 20 минут
280894,2021-03-22 00:29:19,Информер ВК. Показ
280894,2021-03-22 00:29:32,Информер ВК. Показ
280894,2021-03-22 11:39:29,Просмотр раздела Тайный покупатель
280894,2021-03-23 12:06:10,Включение интернета на 20 минут
280894,2021-03-26 15:40:37,Включение интернета на 20 минут
280894,2021-03-27 18:22:47,Включение интернета на 20 минут
280894,2021-03-27 21:54:42,Без границ бесплатно. Включение
280894,2021-03-29 00:24:10,Включение интернета на 20 минут
280894,2021-03-29 00:50:24,Без границ бесплатно. Отключение
280894,2021-03-29 00:52:49,Без границ бесплатно. Включение
280894,2021-03-29 00:59:35,Турбокнопка бесплатно
280894,2021-03-29 21:51:58,Без границ бесплатно. Отключение
280894,2021-03-30 15:53:33,Включение интернета на 20 минут
280894,2021-03-30 16:29:02,Без границ бесплатно. Включение
280894,2021-04-01 19:24:48,Включение интернета на 20 минут
280894,2021-04-02 22:18:39,Включение интернета на 20 минут
280894,2021-04-04 08:16:14,Включение интернета на 20 минут
280894,2021-04-05 19:18:17,Включение интернета на 20 минут
280894,2021-04-06 22:23:05,Включение интернета на 20 минут
280894,2021-04-07 22:34:08,Включение интернета на 20 минут
280894,2021-04-09 15:07:28,Включение интернета на 20 минут
280894,2021-04-10 15:56:33,Включение интернета на 20 минут
280894,2021-04-11 16:16:46,Включение интернета на 20 минут
280894,2021-04-12 20:02:53,Включение интернета на 20 минут
280894,2021-04-15 18:28:50,Включение интернета на 20 минут
280894,2021-04-18 10:49:25,Включение интернета на 20 минут
280894,2021-04-20 11:57:56,Включение интернета на 20 минут
280987,2021-03-23 10:33:11,Информер ВК. Показ
281008,2021-04-01 12:16:43,Информер ВК. Показ
281011,2021-03-23 14:28:21,Получение подарка в ЛК: 1 месяц бесплатного просмотра IPTV
281011,2021-03-23 14:28:23,Получение подарка в ЛК: сутки интернета на максимальной скорости
281011,2021-03-23 14:28:23,Информер ВК. Показ
281011,2021-03-23 14:29:22,Информер ВК. Показ
281011,2021-03-23 14:29:26,Информер ВК. Показ
281085,2021-03-28 23:12:45,Информер ВК. Показ
281085,2021-03-28 23:19:14,Смена пароля
281085,2021-03-28 23:19:43,Информер ВК. Показ
281085,2021-04-07 20:30:50,Информер ВК. Показ
281114,2021-03-25 16:32:50,Информер ВК. Показ
281114,2021-03-25 16:33:30,Информер ВК. Показ
281114,2021-03-25 16:37:19,Информер ВК. Показ
281114,2021-03-25 17:50:39,Просмотр раздела Тайный покупатель
281114,2021-04-25 17:02:22,Информер ВК. Показ
281114,2021-04-25 17:20:46,Гарантированный платеж за деньги
281166,2021-03-26 17:30:56,Информер ВК. Показ
281166,2021-03-26 17:31:02,Информер ВК. Показ
281166,2021-03-26 17:36:08,Информер ВК. Показ
281204,2021-03-27 17:11:15,Информер ВК. Показ
281216,2021-03-27 22:16:19,Информер ВК. Показ
281216,2021-03-27 22:20:05,Информер ВК. Показ
281216,2021-03-27 22:24:01,Информер ВК. Показ
281216,2021-04-13 12:13:36,Просмотр раздела Тайный покупатель
281246,2021-03-28 20:08:39,Информер ВК. Показ
281246,2021-03-28 20:13:03,Информер ВК. Показ
281246,2021-04-01 16:20:15,Включение интернета на 20 минут с IVR
281246,2021-04-04 09:12:50,Включение интернета на 20 минут с IVR
281246,2021-04-04 09:16:51,Информер ВК. Показ
281246,2021-04-04 09:17:31,Гарантированный платеж за деньги
281246,2021-04-07 09:46:20,Абонент оставил отзыв в Личном кабинете
281260,2021-03-29 13:23:01,Получение подарка в ЛК: 1 месяц бесплатного просмотра IPTV
281260,2021-03-29 13:23:06,Получение подарка в ЛК: сутки интернета на максимальной скорости
281264,2021-03-29 13:48:10,Информер ВК. Показ
281264,2021-03-29 13:56:35,Информер ВК. Показ
281264,2021-03-31 10:25:33,Включение интернета на 20 минут
281318,2021-03-30 16:13:38,Информер ВК. Показ
281318,2021-04-05 12:10:18,Гарантированный платеж за деньги
281318,2021-04-08 23:08:45,Информер ВК. Показ
281318,2021-04-08 23:10:34,Информер ВК. Показ
281318,2021-04-25 01:19:15,Виртуальное бессмертие. Включение
281318,2021-04-25 01:20:04,Виртуальное бессмертие. Использование
281318,2021-04-25 07:18:48,Виртуальное бессмертие. Использование
281318,2021-04-27 10:25:45,Виртуальное бессмертие. Использование
281318,2021-04-27 13:07:59,Виртуальное бессмертие. Использование
281318,2021-04-27 14:31:00,Виртуальное бессмертие. Использование
281318,2021-04-27 23:44:49,Виртуальное бессмертие. Использование
10711,2021-03-05 19:47:59,Информер ВК. Показ
10711,2021-03-05 19:48:15,Информер ВК. Показ
7812,2021-04-08 23:02:01,Информер ВК. Показ
7812,2021-04-11 16:55:31,Включение интернета на 20 минут с IVR
7812,2021-04-12 23:05:20,Информер ВК. Показ
9212,2021-03-08 19:51:17,Гарантированный платеж за деньги
10473,2021-03-06 17:37:38,Включение интернета на 20 минут
8039,2021-03-27 05:30:18,Информер ВК. Показ
8039,2021-03-27 05:30:19,Информер ВК. Показ
8039,2021-04-04 16:27:53,Гарантированный платеж за деньги
11857,2021-03-08 22:44:13,Информер ВК. Показ
11857,2021-03-31 20:28:57,Информер ВК. Показ
11857,2021-04-21 11:55:46,Информер ВК. Показ
11857,2021-04-21 11:56:06,Включение интернета на 20 минут
11857,2021-04-21 11:56:10,Информер ВК. Показ
10923,2021-03-18 12:37:06,Информер ВК. Показ
10923,2021-03-24 12:26:07,Информер ВК. Показ
10923,2021-04-20 14:39:02,Информер ВК. Показ
10923,2021-04-20 14:39:14,Включение интернета на 20 минут
29274,2021-04-10 01:11:34,Гарантированный платеж за деньги
30025,2021-03-15 02:52:50,Включение интернета на 20 минут
30025,2021-03-26 22:11:32,Включение интернета на 20 минут
30025,2021-03-26 22:11:33,Включение интернета на 20 минут
30025,2021-04-01 02:30:13,Включение интернета на 20 минут
30025,2021-04-07 18:42:54,Гарантированный платеж за деньги
30025,2021-04-10 22:55:46,Включение интернета на 20 минут
30025,2021-04-10 22:55:47,Включение интернета на 20 минут
30025,2021-04-13 05:21:53,Включение интернета на 20 минут
30025,2021-04-13 05:21:54,Включение интернета на 20 минут
30025,2021-04-26 01:17:11,Включение интернета на 20 минут
30025,2021-04-26 01:17:12,Включение интернета на 20 минут
9691,2021-03-27 10:24:19,Информер ВК. Показ
9691,2021-03-28 07:46:49,Информер ВК. Показ
9691,2021-03-28 21:15:24,Информер ВК. Показ
9691,2021-04-11 07:37:54,Турбокнопка бесплатно
9691,2021-04-15 09:12:25,Турбокнопка бесплатно
9691,2021-04-28 20:39:25,Информер ВК. Показ
9691,2021-04-28 20:39:44,Включение интернета на 20 минут
9691,2021-04-28 20:41:54,Информер ВК. Показ
9521,2021-03-16 20:54:41,Включение интернета на 20 минут
9521,2021-03-16 20:58:39,Информер ВК. Показ
9521,2021-03-16 20:59:16,Информер ВК. Показ
9521,2021-04-16 21:25:31,Информер ВК. Показ
9521,2021-04-16 21:25:38,Включение интернета на 20 минут
9521,2021-04-16 21:27:47,Информер ВК. Показ
9521,2021-04-27 19:22:18,Информер ВК. Показ
30463,2021-04-20 16:23:09,Информер ВК. Показ
30463,2021-04-20 16:28:10,Информер ВК. Показ
30463,2021-04-20 16:28:17,Информер ВК. Показ
30463,2021-04-28 15:41:56,Включение интернета на 20 минут
12135,2021-03-04 14:50:19,Информер ВК. Показ
12135,2021-04-06 13:10:37,Включение интернета на 20 минут
12135,2021-04-06 13:25:46,Информер ВК. Показ
14035,2021-03-03 23:00:21,Информер ВК. Показ
14035,2021-03-03 23:03:39,Информер ВК. Показ
14035,2021-03-23 20:58:48,Информер ВК. Показ
9488,2021-03-08 21:50:30,Информер ВК. Показ
9488,2021-03-08 21:51:09,Включение интернета на 20 минут
12802,2021-03-06 16:04:06,Информер ВК. Показ
12802,2021-03-06 16:05:09,Информер ВК. Показ
12802,2021-03-06 16:16:30,Информер ВК. Показ
12802,2021-03-06 16:16:50,Гарантированный платеж за деньги
9162,2021-03-13 23:03:40,Информер ВК. Показ
9162,2021-04-13 20:29:16,Информер ВК. Показ
9162,2021-04-13 20:29:20,Информер ВК. Показ
30798,2021-04-23 08:54:06,Информер ВК. Показ
30870,2021-03-06 18:58:16,Включение интернета на 20 минут
30870,2021-03-06 18:58:17,Включение интернета на 20 минут
30870,2021-04-06 19:23:41,Включение интернета на 20 минут
30870,2021-04-06 19:23:42,Включение интернета на 20 минут
9405,2021-04-16 11:45:11,Информер ВК. Показ
9405,2021-04-16 18:41:23,Информер ВК. Показ
9405,2021-04-16 18:41:41,Информер ВК. Показ
30630,2021-04-18 17:13:38,Информер ВК. Показ
30630,2021-04-20 23:25:53,Включение интернета на 20 минут
30630,2021-04-20 23:25:54,Включение интернета на 20 минут
11427,2021-03-06 19:53:00,Информер ВК. Показ
11427,2021-03-20 20:20:30,Информер ВК. Показ
11427,2021-04-10 21:02:16,Информер ВК. Показ
11427,2021-04-25 19:29:26,Информер ВК. Показ
11856,2021-04-04 14:20:38,Информер ВК. Показ
11856,2021-04-05 22:48:02,Гарантированный платеж за деньги
9402,2021-03-05 13:33:25,Информер ВК. Показ
9402,2021-04-14 15:46:19,Информер ВК. Показ
31019,2021-03-05 20:10:22,Получение подарка в ЛК: сутки интернета на максимальной скорости
31019,2021-03-05 20:13:39,Получение подарка в ЛК: 1 месяц бесплатного просмотра IPTV
31019,2021-03-05 20:13:48,Информер ВК. Показ
31019,2021-03-05 20:14:12,Информер ВК. Показ
31019,2021-03-31 22:51:17,Информер ВК. Показ
31019,2021-04-24 22:47:59,Информер ВК. Показ
8668,2021-03-17 15:44:08,Информер ВК. Показ
8668,2021-03-17 16:02:30,Информер ВК. Показ
8668,2021-04-21 08:34:30,Информер ВК. Показ
8668,2021-04-21 08:41:40,Информер ВК. Показ
12354,2021-03-28 12:31:44,Гарантированный платеж за деньги
12354,2021-03-31 12:54:50,Информер ВК. Показ
12354,2021-03-31 12:54:57,Включение интернета на 20 минут
12354,2021-03-31 12:55:05,Информер ВК. Показ
12354,2021-03-31 12:55:07,Информер ВК. Показ
29388,2021-03-07 13:29:01,Информер ВК. Показ
29388,2021-03-07 13:29:25,Турбокнопка бесплатно
29388,2021-03-14 11:03:38,Информер ВК. Показ
29388,2021-03-14 11:03:53,Турбокнопка бесплатно
29388,2021-03-28 09:44:38,Турбокнопка бесплатно
29388,2021-04-24 18:47:27,Информер ВК. Показ
29388,2021-04-24 18:47:51,Турбокнопка бесплатно
8093,2021-03-16 19:21:18,Включение интернета на 20 минут
8093,2021-03-22 08:37:15,Информер ВК. Показ
31035,2021-03-16 18:24:18,Информер ВК. Показ
31035,2021-04-22 22:22:56,Информер ВК. Показ
29268,2021-04-14 15:19:18,Включение интернета на 20 минут
29268,2021-04-14 16:03:19,Гарантированный платеж за деньги
29268,2021-04-17 16:39:41,Гарантированный платеж за деньги
29268,2021-04-20 20:24:54,Информер ВК. Показ
29268,2021-04-20 20:28:48,Включение интернета на 20 минут с IVR
14912,2021-03-20 17:39:59,Информер ВК. Показ
14912,2021-04-08 19:34:21,Информер ВК. Показ
14912,2021-04-12 19:44:59,Информер ВК. Показ
9870,2021-03-06 12:09:20,Информер ВК. Показ
31193,2021-03-12 00:50:45,Информер ВК. Показ
31193,2021-03-25 00:12:24,Информер ВК. Показ
31193,2021-04-20 00:50:44,Информер ВК. Показ
31193,2021-04-20 21:43:09,Информер ВК. Показ
10567,2021-04-10 07:54:09,Информер ВК. Показ
10567,2021-04-10 07:54:48,Информер ВК. Показ
10567,2021-04-10 07:54:53,Включение интернета на 20 минут
10567,2021-04-10 07:58:12,Информер ВК. Показ
28778,2021-03-28 19:36:51,Информер ВК. Показ
28778,2021-03-28 19:37:31,Информер ВК. Показ
28778,2021-04-29 22:06:31,Информер ВК. Показ
28778,2021-04-29 22:07:10,Абонент оставил отзыв в Личном кабинете
9302,2021-04-10 22:32:38,Информер ВК. Показ
11217,2021-04-02 10:08:47,Гарантированный платеж за деньги
10706,2021-03-23 09:08:04,Получение подарка в ЛК: сутки интернета на максимальной скорости
10706,2021-03-23 09:08:06,Получение подарка в ЛК: 1 месяц бесплатного просмотра IPTV
10706,2021-03-23 09:08:29,Информер ВК. Показ
10706,2021-03-23 09:14:33,Информер ВК. Показ
10706,2021-04-03 12:51:05,Информер ВК. Показ
10706,2021-04-03 13:01:34,Выключение IPTV-пакета
10706,2021-04-03 13:01:52,Выключение IPTV-пакета
10706,2021-04-03 13:02:14,Включение IPTV-пакета
10706,2021-04-03 13:02:45,Выключение IPTV-пакета
13697,2021-04-01 17:02:45,Информер ВК. Показ
13697,2021-04-01 17:03:04,Информер ВК. Показ
13697,2021-04-05 12:54:57,Информер ВК. Показ
31485,2021-03-03 14:23:29,Включение интернета на 20 минут с IVR
31552,2021-03-04 16:43:36,Информер ВК. Показ
31552,2021-04-06 21:15:37,Включение интернета на 20 минут
31552,2021-04-18 11:10:29,Информер ВК. Показ
28895,2021-03-08 18:20:01,Гарантированный платеж за деньги
28895,2021-03-11 18:41:30,Включение интернета на 20 минут
9777,2021-03-11 16:37:19,Турбокнопка бесплатно
9777,2021-03-13 17:55:38,Информер ВК. Показ
9777,2021-03-14 14:39:21,Информер ВК. Показ
9777,2021-03-15 13:19:53,Информер ВК. Показ
9777,2021-03-24 21:32:39,Смена тарифа
9777,2021-04-13 19:06:35,Информер ВК. Показ
9777,2021-04-14 14:43:07,Информер ВК. Показ
9777,2021-04-14 14:43:12,Турбокнопка платно (1 сутки)
9777,2021-04-15 17:33:37,Информер ВК. Показ
9777,2021-04-29 15:47:19,Изменение пакета HD. Закрытие лендинг-информера
12347,2021-03-27 09:57:22,Информер ВК. Показ
30724,2021-03-15 17:30:04,Включение интернета на 20 минут
30724,2021-03-15 17:30:05,Включение интернета на 20 минут
31940,2021-03-20 00:31:50,Гарантированный платеж за деньги
31940,2021-04-28 13:47:58,Информер ВК. Показ
31940,2021-04-28 14:13:33,Информер ВК. Показ
29480,2021-03-12 16:43:49,Информер ВК. Показ
29480,2021-03-13 14:35:10,Информер ВК. Показ
27982,2021-03-15 08:56:46,Включение интернета на 20 минут
27982,2021-03-15 08:56:47,Включение интернета на 20 минут
32126,2021-04-14 09:57:57,Информер ВК. Показ
32126,2021-04-14 10:00:18,Гарантированный платеж за деньги
32171,2021-03-26 19:31:37,Информер ВК. Показ
32171,2021-03-26 19:32:48,Информер ВК. Показ
11347,2021-03-11 01:36:03,Информер ВК. Показ
11347,2021-04-05 01:12:28,Получение подарка в ЛК: сутки интернета на максимальной скорости
11347,2021-04-05 01:12:32,Получение подарка в ЛК: 1 месяц бесплатного просмотра IPTV
11347,2021-04-05 01:12:42,Информер ВК. Показ
11347,2021-04-08 01:46:27,Информер ВК. Показ
11347,2021-04-26 00:36:45,Информер ВК. Показ
8322,2021-03-12 09:56:46,Информер ВК. Показ
8322,2021-03-14 21:50:41,Информер ВК. Показ
8322,2021-03-30 15:47:54,Информер ВК. Показ
8322,2021-04-14 22:40:45,Информер ВК. Показ
9869,2021-03-22 17:52:03,Информер ВК. Показ
32369,2021-03-01 14:47:38,Родительский контроль. Включение
32369,2021-03-01 17:09:30,Отключение управления услугами по паролю
32369,2021-03-01 18:40:13,Родительский контроль. Выключение
32369,2021-03-12 17:06:36,Родительский контроль. Включение
32369,2021-03-12 17:16:45,Родительский контроль. Выключение
32369,2021-03-12 21:21:21,Родительский контроль. Включение
32369,2021-03-12 21:24:23,Родительский контроль. Выключение
32369,2021-03-12 21:47:37,Родительский контроль. Включение
32369,2021-03-13 19:05:23,Родительский контроль. Выключение
32369,2021-03-15 21:45:04,Родительский контроль. Включение
32369,2021-03-18 22:03:59,Информер ВК. Показ
32369,2021-03-19 14:20:59,Информер ВК. Показ
32369,2021-03-19 14:34:10,Информер ВК. Показ
32369,2021-03-19 14:34:23,Родительский контроль. Выключение
32369,2021-03-25 22:06:55,Родительский контроль. Включение
32369,2021-03-26 13:25:27,Родительский контроль. Выключение
32369,2021-04-19 23:09:24,Информер ВК. Показ
32369,2021-04-19 23:09:49,Родительский контроль. Включение
32369,2021-04-20 15:17:45,Информер ВК. Показ
32369,2021-04-20 15:17:53,Информер ВК. Показ
32369,2021-04-22 06:40:31,Родительский контроль. Выключение
32859,2021-03-20 11:19:40,Включение интернета на 20 минут
32859,2021-03-23 20:15:20,Включение интернета на 20 минут с IVR
32859,2021-03-27 16:17:28,Включение интернета на 20 минут с IVR
32859,2021-03-27 16:18:07,Включение интернета на 20 минут
32859,2021-03-27 16:18:08,Включение интернета на 20 минут
9907,2021-03-08 21:07:47,Информер ВК. Показ
9907,2021-03-20 19:41:22,Информер ВК. Показ
9907,2021-03-23 19:26:11,Информер ВК. Показ
9907,2021-04-12 09:59:26,Информер ВК. Показ
9907,2021-04-23 08:46:59,Информер ВК. Показ
9907,2021-04-24 23:53:02,Информер ВК. Показ
28558,2021-03-30 11:52:34,Информер ВК. Показ
28558,2021-03-30 11:55:05,Информер ВК. Показ
28558,2021-03-30 11:55:08,Информер ВК. Показ
8139,2021-03-01 15:58:34,Информер ВК. Показ
8139,2021-04-02 12:47:48,Информер ВК. Показ
8139,2021-04-02 12:48:20,Информер ВК. Показ
29044,2021-03-08 21:07:24,Информер ВК. Показ
29044,2021-03-11 21:23:38,Информер ВК. Показ
29044,2021-03-14 21:20:48,Информер ВК. Показ
29044,2021-04-11 21:08:39,Информер ВК. Показ
29044,2021-04-12 21:18:33,Информер ВК. Показ
29044,2021-04-14 21:28:07,Информер ВК. Показ
29510,2021-04-12 16:30:11,Включение интернета на 20 минут
29510,2021-04-12 16:30:33,Информер ВК. Показ
29510,2021-04-12 16:30:37,Информер ВК. Показ
29510,2021-04-12 16:31:07,Информер ВК. Показ
33566,2021-04-20 13:58:59,Информер ВК. Показ
33566,2021-04-23 22:19:55,Просмотр раздела Тайный покупатель
33575,2021-04-03 10:03:37,Информер ВК. Показ
33575,2021-04-03 10:37:55,Информер ВК. Показ
14996,2021-04-03 20:25:28,Информер ВК. Показ
14879,2021-03-28 12:02:41,Информер ВК. Показ
14879,2021-03-28 12:02:54,Включение интернета на 20 минут
14879,2021-04-28 12:22:43,Информер ВК. Показ
14879,2021-04-28 12:23:17,Включение интернета на 20 минут
28545,2021-03-12 20:36:01,Включение интернета на 20 минут
28545,2021-03-12 20:36:02,Включение интернета на 20 минут
28545,2021-03-18 21:04:09,Включение интернета на 20 минут
28545,2021-04-12 21:31:41,Информер ВК. Показ
28545,2021-04-12 21:32:07,Включение интернета на 20 минут
28545,2021-04-12 21:32:24,Гарантированный платеж за деньги
11195,2021-03-02 08:41:14,Включение интернета на 20 минут
11195,2021-04-01 18:56:28,Информер ВК. Показ
11195,2021-04-01 19:29:55,Информер ВК. Показ
11195,2021-04-02 09:10:06,Включение интернета на 20 минут
11195,2021-04-02 09:10:13,Информер ВК. Показ
34152,2021-03-17 10:02:35,Информер ВК. Показ
13729,2021-04-20 14:40:47,Принято заявление и доп. соглашение по переезду
13729,2021-04-20 14:40:49,Информер ВК. Показ
34595,2021-04-05 16:34:12,Включение интернета на 20 минут
34595,2021-04-05 16:37:30,Информер ВК. Показ
34595,2021-04-08 22:16:05,Информер ВК. Показ
34629,2021-04-23 22:35:19,Включение интернета на 20 минут
34629,2021-04-23 22:35:39,Информер ВК. Показ
34629,2021-04-23 22:38:18,Информер ВК. Показ
28917,2021-03-22 21:47:00,Просмотр раздела Тайный покупатель
12524,2021-03-05 18:53:39,Информер ВК. Показ
12524,2021-03-10 13:03:16,Информер ВК. Показ
12524,2021-03-19 15:39:03,Информер ВК. Показ
12524,2021-04-08 20:00:19,Информер ВК. Показ
12524,2021-04-11 11:33:03,Информер ВК. Показ
12524,2021-04-27 12:30:19,Информер ВК. Показ
12524,2021-04-27 18:06:26,Турбокнопка платно (1 сутки)
7923,2021-03-01 15:59:54,Гарантированный платеж за деньги
7923,2021-03-03 00:53:09,Информер ВК. Показ
7923,2021-03-03 00:59:02,Информер ВК. Показ
7923,2021-03-05 15:59:25,Включение интернета на 20 минут
7923,2021-03-05 16:01:51,Гарантированный платеж за деньги
7923,2021-03-09 10:52:20,Гарантированный платеж за деньги
7923,2021-03-15 00:35:34,Гарантированный платеж за деньги
7923,2021-03-18 00:53:07,Включение интернета на 20 минут
7923,2021-03-18 00:56:57,Просмотр раздела Тайный покупатель
7923,2021-03-18 00:57:08,Гарантированный платеж за деньги
7923,2021-03-21 01:12:17,Гарантированный платеж за деньги
7923,2021-03-24 01:33:35,Гарантированный платеж за деньги
7923,2021-03-27 01:33:11,Информер ВК. Показ
7923,2021-03-27 01:41:49,Гарантированный платеж за деньги
7923,2021-03-30 15:46:43,Гарантированный платеж за деньги
7923,2021-04-03 19:31:40,Гарантированный платеж за деньги
7923,2021-04-07 01:16:06,Гарантированный платеж за деньги
7923,2021-04-10 22:35:58,Включение интернета на 20 минут
7923,2021-04-10 22:37:07,Информер ВК. Показ
7923,2021-04-10 22:37:26,Гарантированный платеж за деньги
7923,2021-04-14 14:14:12,Гарантированный платеж за деньги
7923,2021-04-14 14:14:36,Включение интернета на 20 минут
7923,2021-04-14 15:31:38,Информер ВК. Показ
7923,2021-04-17 16:04:30,Гарантированный платеж за деньги
7923,2021-04-20 22:54:42,Гарантированный платеж за деньги
7923,2021-04-23 23:05:05,Гарантированный платеж за деньги
7923,2021-04-27 00:11:08,Включение интернета на 20 минут
7923,2021-04-27 00:19:18,Гарантированный платеж за деньги
35135,2021-04-22 15:12:27,Информер ВК. Показ
35135,2021-04-22 15:13:35,Информер ВК. Показ
35227,2021-03-08 10:56:24,Информер ВК. Показ
35227,2021-03-13 17:16:56,Информер ВК. Показ
35227,2021-03-21 15:26:03,Включение интернета на 20 минут
35227,2021-03-24 15:32:36,Включение интернета на 20 минут
35227,2021-03-27 16:36:24,Включение интернета на 20 минут
35227,2021-03-28 15:50:47,Информер ВК. Показ
35227,2021-04-03 17:22:29,Включение интернета на 20 минут
35227,2021-04-05 17:32:24,Включение интернета на 20 минут
35227,2021-04-06 17:41:51,Включение интернета на 20 минут
35227,2021-04-08 17:52:11,Включение интернета на 20 минут
35227,2021-04-10 18:27:45,Включение интернета на 20 минут
35227,2021-04-13 18:46:08,Включение интернета на 20 минут
35227,2021-04-13 18:46:09,Включение интернета на 20 минут
35227,2021-04-14 16:31:54,Информер ВК. Показ
35227,2021-04-15 18:52:11,Включение интернета на 20 минут
35227,2021-04-16 17:48:28,Информер ВК. Показ
35227,2021-04-17 19:44:04,Включение интернета на 20 минут
35227,2021-04-28 17:47:48,Информер ВК. Показ
35285,2021-04-19 22:46:52,Включение интернета на 20 минут
30924,2021-03-13 12:14:20,Информер ВК. Показ
30924,2021-03-13 12:15:50,Информер ВК. Показ
30924,2021-04-17 22:06:56,Информер ВК. Показ
30924,2021-04-17 22:08:17,Информер ВК. Показ
30924,2021-04-17 22:08:22,Информер ВК. Показ
35503,2021-03-01 17:17:04,Информер ВК. Показ
35503,2021-03-01 17:17:45,Включение интернета на 20 минут
35503,2021-04-01 18:41:37,Информер ВК. Показ
35503,2021-04-01 18:42:29,Информер ВК. Показ
35503,2021-04-08 07:30:26,Информер ВК. Показ
35503,2021-04-08 07:34:44,Включение IPTV-пакета
35503,2021-04-18 13:42:23,Абонент оставил отзыв в Личном кабинете
35969,2021-03-15 20:57:33,Включение интернета на 20 минут
35969,2021-03-31 16:58:14,Гарантированный платеж за деньги
35969,2021-04-28 22:22:05,Гарантированный платеж за деньги
29312,2021-03-06 21:05:52,Гарантированный платеж за деньги
30419,2021-03-05 22:42:30,Информер ВК. Показ
30419,2021-03-05 22:43:44,Информер ВК. Показ
30419,2021-03-05 22:46:18,Включение интернета на 20 минут
30419,2021-03-17 00:29:26,Турбокнопка бесплатно
30419,2021-03-24 23:14:05,Абонент оставил отзыв в Личном кабинете
30419,2021-03-24 23:14:32,Включение автоматической активации ГП
30419,2021-03-30 21:00:56,Гарантированный платеж за деньги
30419,2021-03-30 21:01:00,Включение интернета на 20 минут
30419,2021-03-30 21:05:24,Информер ВК. Показ
30419,2021-03-31 21:45:43,Включение интернета на 20 минут
30419,2021-04-01 22:01:25,Включение интернета на 20 минут
30419,2021-04-01 22:55:49,Гарантированный платеж за деньги
30419,2021-04-06 21:07:11,Включение интернета на 20 минут
30419,2021-04-11 22:22:25,Информер ВК. Показ
30419,2021-04-12 22:21:17,Информер ВК. Показ
30419,2021-04-22 00:15:02,Включение интернета на 20 минут
33334,2021-03-08 17:32:12,Информер ВК. Показ
33334,2021-03-08 17:32:25,Включение интернета на 20 минут
33334,2021-03-08 17:35:31,Информер ВК. Показ
36645,2021-03-19 20:52:10,Информер ВК. Показ
36645,2021-03-19 20:52:43,Информер ВК. Показ
36646,2021-04-21 22:16:32,Информер ВК. Показ
36646,2021-04-21 22:17:10,Информер ВК. Показ
36646,2021-04-21 22:19:07,Информер ВК. Показ
10009,2021-04-02 20:25:12,Информер ВК. Показ
10009,2021-04-07 00:04:32,Информер ВК. Показ
10009,2021-04-07 00:04:55,Просмотр раздела Тайный покупатель
37060,2021-03-01 21:01:33,Информер ВК. Показ
37060,2021-03-11 19:42:26,Включение интернета на 20 минут
37060,2021-04-16 00:34:44,Информер ВК. Показ
37060,2021-04-16 20:35:51,Информер ВК. Показ
37060,2021-04-18 11:22:47,Информер ВК. Показ
30935,2021-03-08 11:17:44,Включение интернета на 20 минут
30935,2021-03-08 11:18:16,Информер ВК. Показ
30935,2021-03-08 12:21:37,Гарантированный платеж за деньги
30935,2021-03-27 19:15:00,Гарантированный платеж за деньги
30935,2021-03-31 16:20:10,Гарантированный платеж за деньги
30935,2021-04-03 17:30:28,Гарантированный платеж за деньги
30935,2021-04-10 19:00:12,Гарантированный платеж за деньги
30935,2021-04-11 12:22:03,Информер ВК. Показ
30935,2021-04-19 13:46:07,Гарантированный платеж за деньги
30935,2021-04-19 13:47:51,Информер ВК. Показ
30935,2021-04-24 08:07:11,Информер ВК. Показ
30935,2021-04-24 08:07:26,Гарантированный платеж за деньги
37160,2021-03-13 16:04:26,Информер ВК. Показ
37160,2021-03-13 16:05:18,Включение интернета на 20 минут
37160,2021-03-13 16:08:00,Информер ВК. Показ
37160,2021-03-13 16:08:04,Информер ВК. Показ
37160,2021-04-13 16:19:42,Информер ВК. Показ
37160,2021-04-13 16:21:42,Виртуальное бессмертие. Включение
37160,2021-04-13 16:21:56,Информер ВК. Показ
37160,2021-04-13 16:22:25,Информер ВК. Показ
37160,2021-04-13 16:23:32,Включение интернета на 20 минут
37160,2021-04-13 16:25:43,Виртуальное бессмертие. Отключение
37298,2021-03-03 14:26:47,Включение интернета на 20 минут
37298,2021-03-09 16:27:06,Включение интернета на 20 минут
37298,2021-03-17 15:05:51,Включение интернета на 20 минут
37298,2021-03-29 07:48:14,Включение интернета на 20 минут
37298,2021-04-06 08:45:10,Включение интернета на 20 минут
37298,2021-04-06 08:52:12,Информер ВК. Показ
37298,2021-04-13 10:39:41,Включение интернета на 20 минут
37298,2021-04-21 18:45:12,Включение интернета на 20 минут
37298,2021-04-28 11:36:49,Включение интернета на 20 минут
37328,2021-03-28 20:29:35,Информер ВК. Показ
28855,2021-03-16 14:11:15,Информер ВК. Показ
28855,2021-04-23 20:57:35,Информер ВК. Показ
28855,2021-04-23 20:57:36,Информер ВК. Показ
13067,2021-03-17 21:10:30,Включение интернета на 20 минут с IVR
8245,2021-03-04 22:35:38,Включение интернета на 20 минут
8245,2021-03-04 22:35:47,Информер ВК. Показ
8245,2021-03-07 22:26:22,Информер ВК. Показ
8245,2021-03-11 22:46:36,Включение интернета на 20 минут
8245,2021-03-13 10:11:33,Включение интернета на 20 минут
8245,2021-03-18 20:03:33,Включение интернета на 20 минут
8245,2021-03-19 19:56:51,Информер ВК. Показ
8245,2021-03-24 22:43:57,Включение интернета на 20 минут
8245,2021-03-24 22:44:12,Гарантированный платеж за деньги
8245,2021-03-28 10:42:33,Включение интернета на 20 минут
8245,2021-04-02 18:31:12,Включение интернета на 20 минут
8245,2021-04-06 22:12:09,Информер ВК. Показ
8245,2021-04-11 22:48:43,Информер ВК. Показ
8245,2021-04-13 20:16:55,Гарантированный платеж за деньги
8245,2021-04-26 20:56:40,Включение интернета на 20 минут
8245,2021-04-26 20:58:58,Информер ВК. Показ
32335,2021-03-02 20:09:33,Гарантированный платеж за деньги
32335,2021-03-09 20:18:21,Гарантированный платеж за деньги
32335,2021-04-03 20:59:08,Гарантированный платеж за деньги
32335,2021-04-11 21:06:40,Гарантированный платеж за деньги
10833,2021-03-21 20:38:12,Информер ВК. Показ
28515,2021-04-01 22:09:52,Информер ВК. Показ
28515,2021-04-01 22:10:43,Информер ВК. Показ
28515,2021-04-04 19:27:45,Информер ВК. Показ
10352,2021-03-24 11:54:55,Информер ВК. Показ
10352,2021-03-24 11:57:01,Информер ВК. Показ
10352,2021-03-24 11:58:53,Просмотр раздела Тайный покупатель
10352,2021-03-24 12:07:38,Информер ВК. Показ
28837,2021-04-12 18:37:52,Информер ВК. Показ
28837,2021-04-12 18:44:11,Информер ВК. Показ
28837,2021-04-12 18:45:47,Смена тарифа
28837,2021-04-12 18:46:39,Информер ВК. Показ
8167,2021-03-30 14:00:07,Информер ВК. Показ
8167,2021-03-30 14:07:39,Просмотр раздела Тайный покупатель
38468,2021-03-18 18:49:46,Информер ВК. Показ
38468,2021-04-18 22:37:25,Включение интернета на 20 минут
38468,2021-04-18 22:37:26,Включение интернета на 20 минут
38490,2021-03-02 22:19:25,Информер ВК. Показ
38490,2021-03-07 00:24:33,Информер ВК. Показ
38490,2021-03-08 21:25:24,Включение интернета на 20 минут
38490,2021-03-08 21:25:41,Гарантированный платеж за деньги
38490,2021-03-11 21:32:48,Включение интернета на 20 минут
38490,2021-03-21 17:36:00,Информер ВК. Показ
38490,2021-04-07 22:45:42,Информер ВК. Показ
38490,2021-04-10 17:24:34,Информер ВК. Показ
38490,2021-04-10 21:55:26,Гарантированный платеж за деньги
38490,2021-04-20 12:46:32,Гарантированный платеж за деньги
38490,2021-04-25 16:12:19,Информер ВК. Показ
12143,2021-03-06 09:59:13,Турбокнопка бесплатно
12143,2021-03-15 10:58:59,Турбокнопка бесплатно
12143,2021-03-18 09:35:06,Турбокнопка бесплатно
12143,2021-03-27 10:18:04,Информер ВК. Показ
12143,2021-03-27 10:18:09,Информер ВК. Показ
12143,2021-03-27 10:18:12,Турбокнопка бесплатно
12143,2021-04-11 13:44:35,Информер ВК. Показ
12143,2021-04-11 13:44:40,Турбокнопка бесплатно
12143,2021-04-18 17:11:08,Турбокнопка бесплатно
12143,2021-04-20 09:36:24,Турбокнопка бесплатно
31509,2021-03-29 08:21:42,Включение интернета на 20 минут
31509,2021-03-29 08:21:43,Включение интернета на 20 минут
31509,2021-04-29 09:43:19,Включение интернета на 20 минут
31509,2021-04-29 09:43:20,Включение интернета на 20 минут
12128,2021-03-04 18:50:00,Информер ВК. Показ
12128,2021-03-04 18:52:25,Родительский контроль. Выключение
12128,2021-03-13 02:01:55,Информер ВК. Показ
12128,2021-03-29 14:04:35,Информер ВК. Показ
12128,2021-03-29 14:04:44,Включение интернета на 20 минут
12128,2021-04-05 00:24:27,Информер ВК. Показ
12128,2021-04-29 22:23:36,Информер ВК. Показ
12128,2021-04-29 22:23:44,Включение интернета на 20 минут
12605,2021-03-31 09:05:34,Информер ВК. Показ
12605,2021-03-31 09:07:26,Информер ВК. Показ
12605,2021-03-31 09:08:13,Информер ВК. Показ
12003,2021-03-05 23:58:55,Информер ВК. Показ
12003,2021-03-05 23:59:15,Информер ВК. Показ
12003,2021-03-06 00:08:22,Информер ВК. Показ
12003,2021-04-08 22:51:27,Включение интернета на 20 минут
12003,2021-04-08 22:51:28,Включение интернета на 20 минут
9218,2021-03-15 19:19:05,Включение интернета на 20 минут
9218,2021-03-15 19:24:18,Информер ВК. Показ
38755,2021-03-06 00:02:11,Включение интернета на 20 минут
38755,2021-03-06 00:02:12,Включение интернета на 20 минут
38755,2021-03-06 00:04:13,Информер ВК. Показ
38755,2021-03-06 00:06:43,Информер ВК. Показ
38755,2021-03-06 00:07:26,Гарантированный платеж за деньги
38755,2021-03-06 00:07:36,Информер ВК. Показ
38755,2021-03-12 00:32:28,Гарантированный платеж за деньги
38755,2021-03-29 01:01:48,Гарантированный платеж за деньги
38755,2021-04-08 15:34:54,Информер ВК. Показ
38755,2021-04-17 01:42:06,Информер ВК. Показ
38755,2021-04-17 01:42:37,Гарантированный платеж за деньги
38755,2021-04-19 23:09:09,Информер ВК. Показ
38755,2021-04-19 23:09:15,Абонент оставил отзыв в Личном кабинете
38768,2021-03-02 18:41:09,Включение интернета на 20 минут
38768,2021-03-10 21:48:12,Включение интернета на 20 минут
38768,2021-03-18 21:00:13,Включение интернета на 20 минут
38768,2021-03-29 00:04:56,Гарантированный платеж за деньги
38768,2021-03-29 00:05:23,Включение интернета на 20 минут
38768,2021-04-01 21:33:02,Включение интернета на 20 минут
38768,2021-04-13 00:04:43,Включение интернета на 20 минут
29678,2021-03-06 13:40:26,Включение интернета на 20 минут с IVR
29678,2021-04-06 20:33:17,Включение интернета на 20 минут с IVR
29678,2021-04-06 20:34:55,Включение интернета на 20 минут
34454,2021-04-03 13:50:37,Включение интернета на 20 минут
9545,2021-03-19 20:51:37,Включение интернета на 20 минут
14324,2021-03-15 20:20:37,Информер ВК. Показ
14324,2021-03-15 20:22:12,Информер ВК. Показ
14324,2021-04-12 21:53:40,Информер ВК. Показ
13815,2021-03-15 00:01:00,Информер ВК. Показ
30771,2021-03-18 18:37:14,Информер ВК. Показ
30771,2021-03-18 18:39:03,Информер ВК. Показ
30771,2021-04-18 19:35:31,Информер ВК. Показ
30771,2021-04-18 19:36:57,Информер ВК. Показ
30771,2021-04-18 19:37:40,Информер ВК. Показ
38971,2021-03-02 16:37:25,Принято заявление и доп. соглашение по переезду
38971,2021-03-02 16:37:27,Информер ВК. Показ
38971,2021-03-02 16:38:03,Информер ВК. Показ
38971,2021-03-02 16:38:11,Информер ВК. Показ
9566,2021-03-09 23:54:54,Информер ВК. Показ
9566,2021-03-09 23:59:13,Виртуальное бессмертие. Отключение
9566,2021-03-10 00:00:10,Смена тарифа
9566,2021-04-07 00:14:11,Информер ВК. Показ
9269,2021-04-02 00:03:51,Включение интернета на 20 минут
28512,2021-03-04 21:46:05,Включение интернета на 20 минут с IVR
28512,2021-03-29 20:35:11,Включение IPTV-пакета
36105,2021-03-12 19:06:04,Информер ВК. Показ
36105,2021-03-14 10:58:54,Информер ВК. Показ
36105,2021-03-14 11:00:08,Информер ВК. Показ
30535,2021-03-06 12:00:48,Абонент оставил отзыв в Личном кабинете
30535,2021-03-06 12:01:08,Турбокнопка платно (1 сутки)
30535,2021-03-22 05:38:11,Смена тарифа
31380,2021-03-10 20:41:30,Включение интернета на 20 минут
36572,2021-03-24 19:18:28,Информер ВК. Показ
38823,2021-03-07 20:38:26,Информер ВК. Показ
38823,2021-03-09 13:07:03,Информер ВК. Показ
38823,2021-03-10 15:39:23,Информер ВК. Показ
27977,2021-03-05 10:59:11,Информер ВК. Показ
27977,2021-03-05 10:59:41,Информер ВК. Показ
27977,2021-03-05 11:00:27,Информер ВК. Показ
27977,2021-04-05 13:47:49,Информер ВК. Показ
27977,2021-04-05 13:54:51,Информер ВК. Показ
36096,2021-03-13 17:22:47,Принято заявление и доп. соглашение по переезду
36096,2021-03-13 17:22:51,Информер ВК. Показ
36096,2021-03-21 21:21:54,Включение интернета на 20 минут
36096,2021-03-21 21:27:10,Просмотр раздела Тайный покупатель
36096,2021-03-30 19:08:18,Информер ВК. Показ
36096,2021-04-06 21:17:56,Информер ВК. Показ
36140,2021-04-02 00:42:02,Включение интернета на 20 минут
12072,2021-03-28 22:03:18,Включение интернета на 20 минут
12072,2021-04-29 15:07:16,Гарантированный платеж за деньги
36706,2021-03-03 01:13:47,Включение интернета на 20 минут
36706,2021-03-03 01:13:53,Гарантированный платеж за деньги
36706,2021-03-07 10:31:06,Информер ВК. Показ
36706,2021-03-12 22:22:30,Информер ВК. Показ
39207,2021-03-13 14:14:09,Информер ВК. Показ
31401,2021-03-16 16:24:16,Информер ВК. Показ
31401,2021-03-19 04:20:17,Информер ВК. Показ
31401,2021-04-14 08:45:36,Информер ВК. Показ
39265,2021-04-29 17:16:01,Гарантированный платеж за деньги
12481,2021-03-22 17:24:59,Информер ВК. Показ
12481,2021-04-22 16:12:01,Информер ВК. Показ
12481,2021-04-22 16:15:09,Информер ВК. Показ
35204,2021-03-03 16:16:47,Информер ВК. Показ
35204,2021-03-15 22:58:25,Информер ВК. Показ
35204,2021-03-15 22:59:10,Информер ВК. Показ
35204,2021-04-05 11:44:27,Гарантированный платеж за деньги
11272,2021-04-11 22:36:41,Информер ВК. Показ
11272,2021-04-11 22:36:42,Информер ВК. Показ
8302,2021-04-04 19:32:54,Гарантированный платеж за деньги
28476,2021-03-29 21:45:06,Гарантированный платеж за деньги
36685,2021-03-15 22:19:16,Информер ВК. Показ
36685,2021-03-26 21:28:11,Информер ВК. Показ
36685,2021-03-26 21:33:54,Информер ВК. Показ
36685,2021-03-26 21:34:03,Информер ВК. Закрытие
37219,2021-03-02 22:48:33,Информер ВК. Показ
8021,2021-03-18 22:15:26,Информер ВК. Показ
8021,2021-03-18 22:16:25,Информер ВК. Показ
7934,2021-04-10 21:20:32,Включение интернета на 20 минут
30868,2021-03-05 23:28:54,Информер ВК. Показ
30868,2021-03-06 18:50:07,Информер ВК. Показ
30868,2021-03-09 21:44:44,Гарантированный платеж за деньги
30868,2021-03-20 13:50:56,Информер ВК. Показ
30868,2021-03-26 21:54:10,Гарантированный платеж за деньги
30868,2021-04-23 08:02:06,Информер ВК. Показ
30868,2021-04-23 08:02:14,Абонент оставил отзыв в Личном кабинете
30868,2021-04-23 21:48:51,Информер ВК. Показ
30868,2021-04-23 22:03:40,Информер ВК. Показ
32031,2021-03-21 14:57:05,Информер ВК. Показ
32031,2021-03-21 14:57:14,Информер ВК. Показ
32031,2021-03-21 15:00:35,Гарантированный платеж за деньги
32031,2021-03-23 15:30:04,Информер ВК. Показ
32031,2021-04-20 13:58:44,Турбокнопка бесплатно
32031,2021-04-27 20:01:55,Информер ВК. Показ
32031,2021-04-28 17:46:45,Информер ВК. Показ
32031,2021-04-28 17:46:56,Турбокнопка бесплатно
34539,2021-03-20 10:37:17,Информер ВК. Показ
34539,2021-03-20 10:37:58,Информер ВК. Показ
34539,2021-04-02 19:41:32,Включение интернета на 20 минут
34539,2021-04-02 19:41:33,Включение интернета на 20 минут
34539,2021-04-16 12:18:18,Информер ВК. Показ
39445,2021-03-09 21:12:51,Информер ВК. Показ
39445,2021-03-09 21:12:55,Включение интернета на 20 минут
39445,2021-03-13 21:39:19,Информер ВК. Показ
39445,2021-03-17 21:21:08,Включение интернета на 20 минут
39445,2021-03-25 21:36:29,Включение интернета на 20 минут
39445,2021-04-03 22:09:15,Информер ВК. Показ
39445,2021-04-03 22:09:20,Включение интернета на 20 минут
39445,2021-04-10 12:35:55,Информер ВК. Показ
39445,2021-04-12 18:48:31,Включение интернета на 20 минут
39445,2021-04-16 21:06:07,Информер ВК. Показ
39445,2021-04-20 19:02:50,Включение интернета на 20 минут
39445,2021-04-29 19:11:42,Включение интернета на 20 минут
28163,2021-03-10 10:34:24,Информер ВК. Показ
28163,2021-03-14 12:59:57,Информер ВК. Показ
28163,2021-03-22 11:16:39,Информер ВК. Показ
28163,2021-04-13 21:22:14,Информер ВК. Показ
28163,2021-04-15 14:52:35,Информер ВК. Показ
28163,2021-04-25 12:43:38,Информер ВК. Показ
39470,2021-03-25 14:29:14,Информер ВК. Показ
39470,2021-03-25 14:30:19,Информер ВК. Показ
39476,2021-03-10 16:14:10,Включение интернета на 20 минут
39476,2021-04-06 14:02:21,Информер ВК. Показ
39476,2021-04-06 14:02:31,Турбокнопка бесплатно
39476,2021-04-20 12:43:14,Информер ВК. Показ
39476,2021-04-20 12:43:21,Турбокнопка бесплатно
39476,2021-04-20 12:43:27,Информер ВК. Показ
9415,2021-03-11 20:18:00,Смена пароля
9415,2021-03-11 20:18:24,Информер ВК. Показ
9415,2021-03-11 20:23:40,Информер ВК. Показ
9415,2021-03-11 20:38:16,Информер ВК. Показ
9415,2021-03-11 20:38:31,Смена тарифа
11802,2021-03-28 16:24:00,Включение интернета на 20 минут
11802,2021-03-28 16:24:01,Включение интернета на 20 минут
28676,2021-03-22 00:36:32,Гарантированный платеж за деньги
14760,2021-04-28 21:08:44,Информер ВК. Показ
14760,2021-04-28 21:10:01,Информер ВК. Показ
14760,2021-04-28 21:11:44,Информер ВК. Показ
12941,2021-03-02 19:05:07,Информер ВК. Показ
12941,2021-03-04 20:40:03,Информер ВК. Показ
12941,2021-03-12 21:13:30,Информер ВК. Показ
12941,2021-04-10 21:27:27,Получение подарка в ЛК: 1 месяц бесплатного просмотра IPTV
12941,2021-04-10 21:27:34,Получение подарка в ЛК: сутки интернета на максимальной скорости
12941,2021-04-10 21:27:44,Информер ВК. Показ
12941,2021-04-12 21:02:11,Информер ВК. Показ
12941,2021-04-13 18:00:43,Информер ВК. Показ
39619,2021-03-05 10:19:45,Гарантированный платеж за деньги
39619,2021-03-20 10:22:17,Гарантированный платеж за деньги
39619,2021-04-01 21:23:44,Гарантированный платеж за деньги
39619,2021-04-06 22:08:44,Гарантированный платеж за деньги
39619,2021-04-10 10:52:06,Включение интернета на 20 минут
39619,2021-04-22 14:43:50,Гарантированный платеж за деньги
39619,2021-04-29 17:53:23,Гарантированный платеж за деньги
14839,2021-04-04 13:30:52,Информер ВК. Показ
14839,2021-04-04 13:30:58,Абонент оставил отзыв в Личном кабинете
14839,2021-04-04 13:31:26,Информер ВК. Показ
14839,2021-04-04 13:31:49,Информер ВК. Показ
14839,2021-04-04 13:32:03,Информер ВК. Закрытие
11496,2021-03-06 16:16:11,Информер ВК. Показ
11496,2021-03-06 16:16:30,Информер ВК. Показ
11496,2021-03-06 16:18:58,Информер ВК. Показ
11496,2021-04-06 19:54:35,Информер ВК. Показ
38733,2021-03-19 21:03:18,Гарантированный платеж за деньги
38733,2021-03-29 17:18:45,Гарантированный платеж за деньги
38733,2021-03-31 17:42:17,Гарантированный платеж за деньги
38733,2021-04-08 17:12:21,Гарантированный платеж за деньги
13393,2021-03-10 12:45:56,Информер ВК. Показ
39860,2021-03-27 14:32:36,Включение интернета на 20 минут
39860,2021-03-27 14:32:37,Включение интернета на 20 минут
39860,2021-03-27 14:33:18,Гарантированный платеж за деньги
39860,2021-03-30 15:33:29,Включение интернета на 20 минут
31270,2021-03-06 17:18:10,Информер ВК. Показ
31270,2021-03-06 17:19:58,Информер ВК. Показ
31270,2021-03-16 00:27:36,Информер ВК. Показ
31270,2021-03-16 00:28:50,Включение интернета на 20 минут
31270,2021-04-14 22:37:22,Информер ВК. Показ
31270,2021-04-14 22:39:29,Информер ВК. Показ
40014,2021-03-15 18:03:19,Турбокнопка бесплатно
40014,2021-03-16 11:58:57,Турбокнопка бесплатно
40014,2021-03-28 19:21:40,Информер ВК. Показ
40014,2021-03-28 19:22:15,Турбокнопка бесплатно
40014,2021-03-29 14:23:32,Турбокнопка бесплатно
40014,2021-04-03 12:54:46,Турбокнопка бесплатно
40014,2021-04-10 12:01:51,Турбокнопка бесплатно
40014,2021-04-11 11:34:31,Информер ВК. Показ
40014,2021-04-24 16:54:53,Турбокнопка бесплатно
40014,2021-04-27 15:11:06,Турбокнопка бесплатно
40080,2021-04-07 02:51:15,Включение интернета на 20 минут
40080,2021-04-07 02:51:16,Включение интернета на 20 минут
40080,2021-04-07 02:51:25,Гарантированный платеж за деньги
40083,2021-03-17 22:28:18,Информер ВК. Показ
40083,2021-03-17 22:42:16,Информер ВК. Показ
40083,2021-03-17 22:42:35,Информер ВК. Показ
40083,2021-03-17 22:42:36,Информер ВК. Показ
9448,2021-03-08 12:29:28,Информер ВК. Показ
9448,2021-03-11 10:30:29,Информер ВК. Показ
9448,2021-03-11 10:30:35,Информер ВК. Показ
13614,2021-03-08 20:18:45,Включение интернета на 20 минут
13614,2021-03-08 20:18:46,Включение интернета на 20 минут
40215,2021-03-05 21:17:52,Гарантированный платеж за деньги
40215,2021-03-08 23:15:51,Гарантированный платеж за деньги
40215,2021-03-13 09:00:10,Гарантированный платеж за деньги
40215,2021-03-20 11:35:46,Гарантированный платеж за деньги
40215,2021-04-02 16:39:23,Гарантированный платеж за деньги
40215,2021-04-20 18:27:27,Гарантированный платеж за деньги
40215,2021-04-24 22:15:16,Гарантированный платеж за деньги
40215,2021-04-29 08:38:33,Гарантированный платеж за деньги
11687,2021-03-31 14:30:11,Получение подарка в ЛК: 1 месяц бесплатного просмотра IPTV
11687,2021-03-31 14:30:13,Получение подарка в ЛК: сутки интернета на максимальной скорости
11687,2021-03-31 14:30:17,Информер ВК. Показ
11687,2021-03-31 14:30:31,Восстановление пароля
11687,2021-04-15 15:25:29,Информер ВК. Показ
11687,2021-04-24 10:30:10,Информер ВК. Показ
37422,2021-03-20 21:33:32,Информер ВК. Показ
37422,2021-03-20 21:37:30,Включение интернета на 20 минут
37422,2021-03-28 22:19:49,Информер ВК. Показ
37422,2021-03-28 22:19:53,Информер ВК. Показ
37422,2021-04-01 10:23:54,Включение интернета на 20 минут с IVR
37422,2021-04-04 15:12:45,Включение интернета на 20 минут
37422,2021-04-04 15:16:16,Абонент оставил отзыв в Личном кабинете
9062,2021-03-09 07:56:12,Информер ВК. Показ
9062,2021-03-14 10:58:49,Информер ВК. Показ
9062,2021-04-06 14:31:34,Информер ВК. Показ
9062,2021-04-10 10:59:22,Информер ВК. Показ
9062,2021-04-23 08:24:47,Информер ВК. Показ
8188,2021-03-30 20:22:36,Информер ВК. Показ
29103,2021-03-03 19:55:26,Информер ВК. Показ
29103,2021-03-04 20:40:09,Информер ВК. Показ
29103,2021-04-14 07:26:27,Информер ВК. Показ
11045,2021-03-03 22:32:40,Информер ВК. Показ
11045,2021-03-03 22:33:01,Информер ВК. Показ
11045,2021-03-03 22:33:50,Получение подарка в ЛК: сутки интернета на максимальной скорости
11045,2021-03-03 22:33:57,Получение подарка в ЛК: 1 месяц бесплатного просмотра IPTV
11045,2021-03-03 22:34:14,Информер ВК. Показ
11045,2021-04-23 19:47:14,Информер ВК. Показ
8460,2021-03-16 19:47:22,Включение интернета на 20 минут
8460,2021-03-16 19:47:23,Включение интернета на 20 минут
13872,2021-04-29 15:58:23,Включение интернета на 20 минут
40419,2021-03-08 21:12:31,Информер ВК. Показ
40419,2021-03-08 21:34:50,Турбокнопка платно (1 час)
40419,2021-03-11 14:47:55,Информер ВК. Показ
40419,2021-03-11 14:48:37,Турбокнопка платно (1 час)
40419,2021-03-11 14:48:55,Информер ВК. Показ
40419,2021-03-16 19:04:02,Гарантированный платеж за деньги
40419,2021-03-30 22:41:40,Гарантированный платеж за деньги
40419,2021-04-05 23:27:33,Гарантированный платеж за деньги
40419,2021-04-14 15:10:43,Гарантированный платеж за деньги
40419,2021-04-21 14:14:17,Гарантированный платеж за деньги
40419,2021-04-29 21:56:07,Гарантированный платеж за деньги
10916,2021-03-03 19:36:46,Включение интернета на 20 минут
10916,2021-04-04 18:36:05,Включение интернета на 20 минут
40439,2021-04-13 19:05:45,Принято заявление и доп. соглашение по переезду
40439,2021-04-13 19:05:48,Информер ВК. Показ
40439,2021-04-13 19:05:53,Информер ВК. Показ
40439,2021-04-13 19:06:25,Информер ВК. Показ
8481,2021-04-10 21:12:13,Информер ВК. Показ
8481,2021-04-11 12:21:23,Информер ВК. Показ
8481,2021-04-11 13:16:06,Информер ВК. Показ
10713,2021-04-29 20:58:35,Просмотр раздела Тайный покупатель
10713,2021-04-29 20:59:55,Информер ВК. Показ
10713,2021-04-29 21:06:28,Информер ВК. Показ
10713,2021-04-29 21:07:46,Информер ВК. Показ
40511,2021-03-01 09:31:42,Гарантированный платеж за деньги
40511,2021-03-16 10:17:25,Гарантированный платеж за деньги
40511,2021-04-17 13:36:17,Гарантированный платеж за деньги
12088,2021-03-10 19:48:08,Информер ВК. Показ
12088,2021-03-17 16:26:51,Информер ВК. Показ
12088,2021-04-12 18:03:05,Информер ВК. Показ
12088,2021-04-25 17:05:05,Информер ВК. Показ
40639,2021-03-02 23:55:33,Информер ВК. Показ
40639,2021-03-02 23:55:39,Включение интернета на 20 минут
40639,2021-03-04 10:41:06,Включение интернета на 20 минут
40639,2021-03-10 22:53:58,Включение интернета на 20 минут
40639,2021-03-13 11:09:33,Включение интернета на 20 минут
40639,2021-03-14 12:41:16,Включение интернета на 20 минут
40639,2021-03-18 19:25:24,Информер ВК. Показ
40639,2021-03-18 19:25:30,Включение интернета на 20 минут
40639,2021-03-24 16:20:39,Информер ВК. Показ
40639,2021-03-24 16:20:44,Включение интернета на 20 минут
40639,2021-03-28 20:22:49,Включение интернета на 20 минут
40639,2021-04-01 21:45:42,Включение интернета на 20 минут
40639,2021-04-02 22:55:32,Включение интернета на 20 минут
40639,2021-04-04 00:56:37,Информер ВК. Показ
40639,2021-04-04 00:56:45,Включение интернета на 20 минут
40639,2021-04-05 12:24:05,Включение интернета на 20 минут
40639,2021-04-06 15:22:53,Включение интернета на 20 минут
40639,2021-04-20 21:42:45,Информер ВК. Показ
40639,2021-04-20 21:42:49,Включение интернета на 20 минут
40639,2021-04-22 22:40:59,Включение интернета на 20 минут
9703,2021-03-08 00:52:17,Информер ВК. Показ
9703,2021-04-28 21:54:13,Информер ВК. Показ
9703,2021-04-28 21:57:10,Информер ВК. Показ
10481,2021-03-18 18:44:57,Включение интернета на 20 минут
10481,2021-03-18 18:44:58,Включение интернета на 20 минут
11149,2021-04-20 12:31:19,Включение интернета на 20 минут
40943,2021-03-18 21:28:06,Информер ВК. Показ
40943,2021-03-24 07:11:48,Информер ВК. Показ
40943,2021-03-28 20:24:55,Информер ВК. Показ
40943,2021-04-23 07:15:11,Информер ВК. Показ
40943,2021-04-25 13:44:51,Информер ВК. Показ
35409,2021-03-03 14:08:03,Включение интернета на 20 минут
35409,2021-04-02 16:06:48,Включение интернета на 20 минут
35409,2021-04-02 16:06:49,Включение интернета на 20 минут
12207,2021-03-25 21:51:24,Включение интернета на 20 минут
12207,2021-04-28 18:06:19,Информер ВК. Показ
10012,2021-03-14 09:34:55,Информер ВК. Показ
10012,2021-03-20 10:02:51,Информер ВК. Показ
10012,2021-03-23 22:52:51,Информер ВК. Показ
10012,2021-04-17 19:16:45,Информер ВК. Показ
10012,2021-04-26 18:41:36,Информер ВК. Показ
10012,2021-04-26 18:42:18,Абонент оставил отзыв в Личном кабинете
10012,2021-04-26 18:50:44,Информер ВК. Показ
40992,2021-03-03 01:29:22,Информер ВК. Показ
40992,2021-03-29 18:53:04,Информер ВК. Показ
40992,2021-03-29 18:53:08,Включение интернета на 20 минут
40992,2021-03-29 18:53:24,Информер ВК. Показ
40992,2021-03-29 18:53:31,Просмотр раздела Тайный покупатель
40992,2021-03-31 23:22:21,Смена тарифа
40992,2021-04-17 00:55:29,Информер ВК. Показ
40992,2021-04-26 19:23:07,Включение интернета на 20 минут
11469,2021-03-13 10:56:21,Включение интернета на 20 минут с IVR
14171,2021-04-05 18:54:49,Гарантированный платеж за деньги
41062,2021-03-19 14:01:23,Включение интернета на 20 минут
41062,2021-03-19 14:01:24,Включение интернета на 20 минут
41062,2021-03-19 15:45:59,Гарантированный платеж за деньги
41062,2021-03-23 19:07:21,Включение интернета на 20 минут
41062,2021-03-23 19:07:22,Включение интернета на 20 минут
41062,2021-03-24 19:13:56,Включение интернета на 20 минут
41062,2021-03-24 19:13:57,Включение интернета на 20 минут
41062,2021-03-25 19:14:55,Включение интернета на 20 минут
41062,2021-03-25 19:14:56,Включение интернета на 20 минут
41062,2021-03-27 17:17:15,Включение интернета на 20 минут с IVR
12982,2021-03-03 01:29:59,Информер ВК. Показ
12982,2021-03-16 20:06:15,Информер ВК. Показ
12982,2021-03-17 00:02:05,Информер ВК. Показ
12982,2021-04-17 23:59:17,Включение интернета на 20 минут
12982,2021-04-17 23:59:18,Включение интернета на 20 минут
12662,2021-03-03 16:30:56,Гарантированный платеж за деньги
12662,2021-03-12 20:35:05,Гарантированный платеж за деньги
12662,2021-03-15 20:58:00,Включение интернета на 20 минут
12662,2021-03-15 20:58:01,Включение интернета на 20 минут
12662,2021-04-08 22:43:01,Информер ВК. Показ
12662,2021-04-08 22:43:21,Гарантированный платеж за деньги
12662,2021-04-18 22:55:29,Информер ВК. Показ
12662,2021-04-18 22:55:41,Информер ВК. Показ
12662,2021-04-18 22:55:53,Гарантированный платеж за деньги
12662,2021-04-27 23:03:01,Гарантированный платеж за деньги
28463,2021-03-15 09:20:36,Включение интернета на 20 минут с IVR
28826,2021-04-13 17:57:34,Информер ВК. Показ
28826,2021-04-16 18:13:46,Включение интернета на 20 минут
8859,2021-03-31 19:16:59,Включение интернета на 20 минут
38233,2021-03-03 16:15:37,Информер ВК. Показ
38233,2021-03-19 22:39:58,Включение интернета на 20 минут
38233,2021-03-19 22:39:59,Включение интернета на 20 минут
38233,2021-04-19 10:11:44,Информер ВК. Показ
38233,2021-04-19 22:56:56,Информер ВК. Показ
38233,2021-04-24 21:09:18,Информер ВК. Показ
31141,2021-03-02 17:47:09,Информер ВК. Показ
31141,2021-03-02 17:47:28,Турбокнопка бесплатно
31141,2021-03-16 14:47:42,Информер ВК. Показ
31141,2021-03-16 14:47:52,Турбокнопка бесплатно
31141,2021-03-23 17:51:10,Информер ВК. Показ
31141,2021-03-23 17:51:35,Турбокнопка бесплатно
31141,2021-03-23 18:54:42,Турбокнопка платно (1 час)
31141,2021-04-13 13:04:07,Информер ВК. Показ
31141,2021-04-13 13:04:19,Турбокнопка платно (1 сутки)
14854,2021-03-18 22:32:12,Информер ВК. Показ
14854,2021-03-23 22:46:53,Информер ВК. Показ
14854,2021-03-23 22:46:57,Включение интернета на 20 минут
14854,2021-03-24 22:53:12,Информер ВК. Показ
14854,2021-03-24 22:53:15,Включение интернета на 20 минут
14854,2021-04-03 23:32:38,Включение интернета на 20 минут
14854,2021-04-10 12:03:11,Включение интернета на 20 минут
14854,2021-04-16 12:29:54,Включение интернета на 20 минут
14854,2021-04-25 13:12:45,Включение интернета на 20 минут
14854,2021-04-25 13:12:50,Информер ВК. Показ
14854,2021-04-26 16:48:51,Информер ВК. Показ
14854,2021-04-26 16:48:56,Включение интернета на 20 минут
14884,2021-04-25 13:35:53,Включение интернета на 20 минут
41637,2021-03-17 15:47:25,Получение подарка в ЛК: 1 месяц бесплатного просмотра IPTV
41637,2021-03-17 15:47:27,Получение подарка в ЛК: сутки интернета на максимальной скорости
41637,2021-03-17 15:47:28,Информер ВК. Показ
41637,2021-03-19 09:20:19,Информер ВК. Показ
41637,2021-04-18 20:42:15,Информер ВК. Показ
41637,2021-04-18 21:12:26,Информер ВК. Показ
37396,2021-03-09 22:02:12,Информер ВК. Показ
37396,2021-03-09 22:02:20,Турбокнопка платно (1 сутки)
37396,2021-03-13 19:31:58,Информер ВК. Показ
37396,2021-03-13 19:32:17,Гарантированный платеж за деньги
37396,2021-04-01 22:13:34,Информер ВК. Показ
37396,2021-04-04 19:43:20,Включение интернета на 20 минут
37396,2021-04-18 11:21:40,Информер ВК. Показ
37396,2021-04-23 08:18:25,Включение IPTV-пакета
37396,2021-04-25 17:17:27,Информер ВК. Показ
31456,2021-03-01 19:50:57,Гарантированный платеж за деньги
31456,2021-03-06 03:22:30,Гарантированный платеж за деньги
31456,2021-03-09 06:44:33,Гарантированный платеж за деньги
31456,2021-03-12 20:31:03,Информер ВК. Показ
31456,2021-04-10 12:23:54,Гарантированный платеж за деньги
31456,2021-04-16 12:52:29,Гарантированный платеж за деньги
31456,2021-04-21 13:02:25,Гарантированный платеж за деньги
31456,2021-04-25 15:37:14,Гарантированный платеж за деньги
13963,2021-04-12 09:36:19,Информер ВК. Показ
13963,2021-04-12 09:37:57,Информер ВК. Показ
13963,2021-04-12 09:38:56,Информер ВК. Показ
14641,2021-03-07 11:43:17,Получение подарка в ЛК: 1 месяц бесплатного просмотра IPTV
14641,2021-03-07 11:43:19,Получение подарка в ЛК: сутки интернета на максимальной скорости
14641,2021-03-07 11:44:38,Информер ВК. Показ
14641,2021-03-07 11:45:39,Информер ВК. Показ
14641,2021-03-08 17:41:10,Информер ВК. Показ
14641,2021-03-08 17:42:15,Становление участником бонусной программы
8294,2021-03-28 17:52:08,Информер ВК. Показ
8294,2021-03-28 17:52:24,Включение интернета на 20 минут
8294,2021-03-28 17:57:44,Информер ВК. Показ
8294,2021-04-28 18:12:45,Информер ВК. Показ
8294,2021-04-28 18:13:11,Включение интернета на 20 минут
8294,2021-04-28 18:20:22,Информер ВК. Показ
41986,2021-03-09 18:51:39,Информер ВК. Показ
41986,2021-03-09 18:53:52,Информер ВК. Показ
41986,2021-03-13 20:08:05,Информер ВК. Показ
41986,2021-04-10 17:05:27,Информер ВК. Показ
41986,2021-04-10 17:05:36,Включение интернета на 20 минут
41986,2021-04-10 17:06:50,Гарантированный платеж за деньги
41986,2021-04-10 17:07:14,Информер ВК. Показ
42052,2021-03-09 01:29:29,Информер ВК. Показ
42052,2021-04-25 22:54:07,Информер ВК. Показ
42052,2021-04-25 22:54:39,Информер ВК. Показ
42052,2021-04-25 22:55:30,Восстановление пароля
42052,2021-04-25 22:57:08,Информер ВК. Показ
31146,2021-04-08 13:44:00,Информер ВК. Показ
31146,2021-04-08 13:46:29,Информер ВК. Показ
31146,2021-04-08 13:48:00,Информер ВК. Показ
35004,2021-03-17 12:01:01,Информер ВК. Показ
9689,2021-03-10 13:22:55,Информер ВК. Показ
9689,2021-03-10 13:23:07,Включение интернета на 20 минут
9689,2021-03-20 14:20:15,Информер ВК. Показ
9689,2021-03-20 14:20:21,Включение интернета на 20 минут
9689,2021-03-30 15:02:26,Информер ВК. Показ
9689,2021-03-30 15:02:33,Включение интернета на 20 минут
9689,2021-04-09 16:10:46,Включение интернета на 20 минут
9689,2021-04-19 16:40:53,Информер ВК. Показ
9689,2021-04-19 16:41:01,Включение интернета на 20 минут
9689,2021-04-29 17:05:26,Информер ВК. Показ
9689,2021-04-29 17:05:33,Включение интернета на 20 минут
42237,2021-04-04 19:27:52,Информер ВК. Показ
42282,2021-03-18 21:39:17,Включение интернета на 20 минут
42282,2021-03-23 22:37:57,Информер ВК. Показ
42282,2021-04-19 19:18:19,Включение интернета на 20 минут
36736,2021-03-24 10:55:28,Включение интернета на 20 минут с IVR
30395,2021-03-21 21:23:40,Информер ВК. Показ
30395,2021-03-21 21:24:43,Информер ВК. Показ
30395,2021-03-21 21:24:57,Информер ВК. Показ
35268,2021-03-05 12:10:28,Информер ВК. Показ
35268,2021-03-07 21:11:40,Информер ВК. Показ
35268,2021-03-07 21:12:22,Гарантированный платеж за деньги
35268,2021-03-10 21:31:44,Включение интернета на 20 минут
35268,2021-03-10 21:55:32,Гарантированный платеж за деньги
35268,2021-03-10 21:58:12,Без границ бесплатно. Включение
35268,2021-03-11 15:33:03,Информер ВК. Показ
35268,2021-03-14 14:57:10,Бонус-скорость
35268,2021-03-16 16:45:53,Включение интернета на 20 минут
35268,2021-03-18 08:08:03,Включение интернета на 20 минут
35268,2021-03-18 17:33:12,Гарантированный платеж за деньги
35268,2021-03-28 21:06:19,Гарантированный платеж за деньги
35268,2021-04-03 00:55:16,Включение интернета на 20 минут
35268,2021-04-06 04:06:31,Информер ВК. Показ
35268,2021-04-06 04:07:06,Гарантированный платеж за деньги
35268,2021-04-08 10:28:39,Информер ВК. Показ
35268,2021-04-09 10:17:20,Включение интернета на 20 минут
35268,2021-04-09 10:37:29,Гарантированный платеж за деньги
35268,2021-04-11 16:26:47,Информер ВК. Показ
35268,2021-04-12 12:05:26,Гарантированный платеж за деньги
35268,2021-04-20 20:36:51,Включение интернета на 20 минут
35268,2021-04-21 21:03:10,Включение интернета на 20 минут
35268,2021-04-21 21:03:37,Гарантированный платеж за деньги
35268,2021-04-28 14:10:40,Гарантированный платеж за деньги
37193,2021-03-06 22:35:33,Информер ВК. Показ
37193,2021-03-07 18:24:16,Включение интернета на 20 минут
37193,2021-03-07 21:56:21,Информер ВК. Показ
37193,2021-04-02 18:55:57,Информер ВК. Показ
37193,2021-04-07 17:55:55,Информер ВК. Показ
37193,2021-04-07 18:51:50,Включение интернета на 20 минут
37193,2021-04-08 07:46:25,Информер ВК. Показ
11363,2021-03-16 19:48:54,Информер ВК. Показ
11363,2021-03-31 21:44:51,Информер ВК. Показ
42472,2021-04-12 19:21:40,Информер ВК. Показ
12137,2021-03-02 21:02:13,Информер ВК. Показ
12137,2021-03-06 11:37:23,Информер ВК. Показ
12137,2021-03-23 11:14:05,Включение интернета на 20 минут
12137,2021-03-31 00:17:44,Информер ВК. Показ
12137,2021-04-06 23:23:05,Информер ВК. Показ
12137,2021-04-07 13:16:54,Информер ВК. Показ
14308,2021-03-03 22:27:55,Гарантированный платеж за деньги
14308,2021-03-06 23:14:22,Включение интернета на 20 минут
14308,2021-03-10 11:16:39,Включение интернета на 20 минут
14308,2021-03-16 12:12:03,Включение интернета на 20 минут
14308,2021-03-23 13:58:55,Гарантированный платеж за деньги
14308,2021-03-26 15:10:58,Включение интернета на 20 минут
14308,2021-03-26 15:10:59,Включение интернета на 20 минут
14308,2021-03-29 16:39:55,Гарантированный платеж за деньги
14308,2021-04-05 12:16:24,Гарантированный платеж за деньги
14308,2021-04-08 13:09:13,Включение интернета на 20 минут
14308,2021-04-08 14:31:22,Информер ВК. Показ
14308,2021-04-14 16:22:40,Включение интернета на 20 минут
14308,2021-04-20 17:08:34,Включение интернета на 20 минут
14308,2021-04-27 19:33:55,Включение интернета на 20 минут
9396,2021-03-25 06:43:04,Информер ВК. Показ
9396,2021-03-27 17:57:39,Информер ВК. Показ
9396,2021-04-25 17:50:06,Информер ВК. Показ
30887,2021-03-10 11:04:33,Информер ВК. Показ
30887,2021-04-02 15:05:10,Информер ВК. Показ
13811,2021-03-15 14:13:15,Информер ВК. Показ
13811,2021-03-15 14:14:33,Информер ВК. Показ
13811,2021-04-11 22:33:05,Информер ВК. Показ
13811,2021-04-16 17:21:36,Информер ВК. Показ
8234,2021-03-28 12:55:28,Включение интернета на 20 минут
8234,2021-03-28 12:55:29,Включение интернета на 20 минут
8234,2021-04-28 15:22:07,Включение интернета на 20 минут
13222,2021-03-21 14:51:07,Гарантированный платеж за деньги
13222,2021-04-24 15:50:58,Гарантированный платеж за деньги
13222,2021-04-26 10:49:37,Информер ВК. Показ
13222,2021-04-26 10:52:04,Виртуальное бессмертие. Включение
13222,2021-04-27 16:02:13,Включение интернета на 20 минут
28772,2021-03-11 11:22:13,Включение интернета на 20 минут
28772,2021-03-20 21:09:17,Информер ВК. Показ
28772,2021-03-20 21:11:41,Информер ВК. Показ
28772,2021-04-09 22:02:06,Информер ВК. Показ
8318,2021-03-30 20:25:40,Информер ВК. Показ
8318,2021-03-30 20:27:33,Информер ВК. Показ
8318,2021-03-30 20:29:14,Информер ВК. Показ
14632,2021-03-03 19:34:49,Информер ВК. Показ
14632,2021-03-03 19:37:28,Информер ВК. Показ
14632,2021-03-03 19:39:41,Информер ВК. Показ
11878,2021-04-06 12:56:04,Информер ВК. Показ
11878,2021-04-20 21:50:29,Информер ВК. Показ
10290,2021-03-09 20:22:17,Информер ВК. Показ
10290,2021-03-10 20:33:50,Информер ВК. Показ
10290,2021-03-13 08:41:03,Информер ВК. Показ
10290,2021-04-29 19:31:18,Информер ВК. Показ
9036,2021-03-26 14:43:14,Информер ВК. Показ
9036,2021-03-26 14:43:22,Турбокнопка бесплатно
9036,2021-03-26 14:43:28,Информер ВК. Показ
9036,2021-03-26 16:11:54,Информер ВК. Показ
9036,2021-03-27 18:21:43,Турбокнопка бесплатно
9036,2021-04-06 17:21:30,Турбокнопка бесплатно
9036,2021-04-13 11:12:55,Турбокнопка бесплатно
9036,2021-04-13 16:43:10,Турбокнопка платно (1 сутки)
9036,2021-04-26 10:59:39,Турбокнопка бесплатно
8641,2021-03-07 21:09:45,Включение интернета на 20 минут
8641,2021-03-07 21:20:16,Информер ВК. Показ
8641,2021-03-07 21:21:23,Информер ВК. Показ
8641,2021-04-07 22:13:37,Включение интернета на 20 минут
8641,2021-04-07 22:13:47,Включение интернета на 20 минут
8641,2021-04-07 22:16:00,Информер ВК. Показ
8641,2021-04-07 22:18:21,Информер ВК. Показ
13598,2021-04-28 19:06:08,Включение интернета на 20 минут
13878,2021-03-09 22:24:51,Информер ВК. Показ
13878,2021-03-09 22:25:29,Гарантированный платеж за деньги
13878,2021-03-12 23:36:35,Включение интернета на 20 минут
13878,2021-03-12 23:37:50,Информер ВК. Показ
13878,2021-03-12 23:38:00,Информер ВК. Показ
13878,2021-04-02 06:51:07,Смена тарифа
13878,2021-04-12 20:33:35,Информер ВК. Показ
13878,2021-04-13 06:01:02,Информер ВК. Показ
13878,2021-04-13 06:01:20,Включение интернета на 20 минут
13878,2021-04-13 06:03:25,Информер ВК. Показ
8997,2021-03-11 15:17:01,Включение интернета на 20 минут
8997,2021-03-23 22:30:33,Информер ВК. Показ
8997,2021-04-11 18:16:30,Включение интернета на 20 минут
8997,2021-04-11 18:16:31,Включение интернета на 20 минут
8997,2021-04-11 19:04:55,Гарантированный платеж за деньги
7977,2021-03-02 13:18:07,Информер ВК. Показ
7977,2021-03-05 12:43:15,Информер ВК. Показ
7977,2021-04-01 12:23:47,Информер ВК. Показ
9916,2021-03-27 19:27:33,Информер ВК. Показ
9916,2021-03-27 21:08:54,Информер ВК. Показ
9916,2021-03-28 10:48:43,Информер ВК. Показ
9194,2021-03-30 14:22:17,Информер ВК. Показ
9194,2021-04-25 10:36:43,Информер ВК. Показ
35994,2021-03-12 14:45:27,Включение интернета на 20 минут
14567,2021-04-12 11:58:38,Информер ВК. Показ
14567,2021-04-23 22:04:32,Информер ВК. Показ
14567,2021-04-23 22:07:55,Смена тарифа
14567,2021-04-23 22:11:46,Изменение схемы оплаты
14567,2021-04-23 22:12:16,Информер ВК. Показ
12248,2021-03-04 10:23:14,Гарантированный платеж за деньги
12248,2021-03-07 12:16:27,Гарантированный платеж за деньги
12248,2021-03-10 12:07:49,Включение автоматической активации ГП
12248,2021-03-15 11:49:56,Включение автоматической активации ГП
12248,2021-03-17 10:34:07,Информер ВК. Показ
12248,2021-03-18 11:53:49,Включение автоматической активации ГП
12248,2021-03-21 09:20:38,Информер ВК. Показ
12248,2021-03-22 12:43:29,Информер ВК. Показ
12248,2021-03-22 12:43:42,Гарантированный платеж за деньги
12248,2021-03-25 12:54:26,Гарантированный платеж за деньги
12248,2021-03-28 13:04:27,Гарантированный платеж за деньги
12248,2021-03-31 14:30:25,Гарантированный платеж за деньги
12248,2021-04-03 15:02:30,Включение интернета на 20 минут
12248,2021-04-04 09:27:35,Гарантированный платеж за деньги
12248,2021-04-07 10:47:47,Гарантированный платеж за деньги
12248,2021-04-10 10:56:44,Гарантированный платеж за деньги
12248,2021-04-14 12:22:20,Гарантированный платеж за деньги
12248,2021-04-17 12:31:57,Информер ВК. Показ
12248,2021-04-17 12:32:06,Гарантированный платеж за деньги
12248,2021-04-20 11:28:06,Включение автоматической активации ГП
12248,2021-04-23 12:42:56,Информер ВК. Показ
12248,2021-04-23 12:43:07,Гарантированный платеж за деньги
12248,2021-04-23 21:31:16,Информер ВК. Показ
12248,2021-04-26 13:16:26,Гарантированный платеж за деньги
12248,2021-04-29 12:11:04,Включение автоматической активации ГП
10452,2021-03-15 19:32:56,Информер ВК. Показ
10452,2021-03-15 19:33:01,Включение интернета на 20 минут
10452,2021-03-22 10:12:43,Информер ВК. Показ
10452,2021-03-29 21:49:01,Информер ВК. Показ
10452,2021-03-31 14:08:38,Турбокнопка бесплатно
10452,2021-04-16 09:32:43,Включение интернета на 20 минут
10452,2021-04-16 10:42:11,Информер ВК. Показ
10452,2021-04-20 14:20:14,Турбокнопка бесплатно
35165,2021-03-17 12:03:18,Информер ВК. Показ
35165,2021-03-17 12:03:40,Включение интернета на 20 минут
35165,2021-03-17 12:05:03,Информер ВК. Показ
35165,2021-03-17 12:05:11,Информер ВК. Закрытие
35165,2021-04-19 12:13:05,Включение интернета на 20 минут
9078,2021-03-12 13:55:44,Информер ВК. Показ
9078,2021-03-12 13:55:50,Турбокнопка бесплатно
9078,2021-03-18 00:29:28,Информер ВК. Показ
9078,2021-03-18 00:29:36,Турбокнопка бесплатно
9078,2021-03-31 10:07:10,Турбокнопка бесплатно
9078,2021-04-01 02:10:11,Информер ВК. Показ
9078,2021-04-01 02:10:16,Турбокнопка бесплатно
9078,2021-04-13 11:43:14,Информер ВК. Показ
9078,2021-04-13 11:43:20,Турбокнопка бесплатно
9078,2021-04-14 12:07:15,Турбокнопка бесплатно
9078,2021-04-22 16:51:46,Информер ВК. Показ
9078,2021-04-22 16:51:52,Турбокнопка бесплатно
9078,2021-04-23 13:59:25,Турбокнопка бесплатно
9078,2021-04-24 13:04:05,Турбокнопка бесплатно
8558,2021-03-01 05:52:10,Информер ВК. Показ
8558,2021-03-21 09:44:57,Информер ВК. Показ
8558,2021-04-08 05:34:58,Информер ВК. Показ
8558,2021-04-08 05:41:30,Информер ВК. Показ
9943,2021-03-04 06:38:57,Включение интернета на 20 минут
9943,2021-03-04 07:08:18,Информер ВК. Показ
9943,2021-03-04 07:09:26,Информер ВК. Показ
9943,2021-03-04 07:10:24,Информер ВК. Показ
39163,2021-03-25 18:53:40,Включение интернета на 20 минут
39163,2021-03-25 18:53:44,Информер ВК. Показ
39163,2021-03-26 07:43:16,Информер ВК. Показ
39163,2021-03-26 07:43:57,Информер ВК. Закрытие
39163,2021-04-26 19:56:02,Включение интернета на 20 минут
8046,2021-04-13 16:18:45,Информер ВК. Показ
8046,2021-04-13 16:19:21,Информер ВК. Показ
8046,2021-04-16 10:08:01,Информер ВК. Показ
10358,2021-03-10 14:58:34,Информер ВК. Показ
10358,2021-03-10 14:59:09,Информер ВК. Показ
10358,2021-03-10 14:59:30,Информер ВК. Показ
10358,2021-04-21 19:10:26,Информер ВК. Показ
30956,2021-03-14 12:52:46,Информер ВК. Показ
8967,2021-04-04 12:37:30,Информер ВК. Показ
8967,2021-04-04 12:40:23,Информер ВК. Показ
10428,2021-04-15 07:21:56,Информер ВК. Показ
10428,2021-04-17 07:24:09,Гарантированный платеж за деньги
10428,2021-04-21 21:07:45,Информер ВК. Показ
40581,2021-03-10 22:21:04,Информер ВК. Показ
40581,2021-03-20 23:14:00,Информер ВК. Показ
40581,2021-03-21 15:17:40,Информер ВК. Показ
40581,2021-04-11 22:18:27,Включение интернета на 20 минут
40581,2021-04-15 14:39:18,Информер ВК. Показ
40581,2021-04-28 18:06:29,Информер ВК. Показ
40581,2021-04-29 16:23:14,Информер ВК. Показ
31668,2021-03-05 08:27:38,Включение интернета на 20 минут
31668,2021-04-05 09:54:42,Включение интернета на 20 минут
31668,2021-04-05 09:54:43,Включение интернета на 20 минут
12079,2021-03-22 19:20:35,Включение интернета на 20 минут
12079,2021-04-22 19:35:42,Включение интернета на 20 минут
12079,2021-04-22 19:35:43,Включение интернета на 20 минут
30554,2021-04-25 21:59:11,Информер ВК. Показ
30554,2021-04-25 22:05:26,Информер ВК. Показ
30554,2021-04-25 22:05:50,Информер ВК. Показ
11875,2021-03-07 14:07:25,Информер ВК. Показ
11875,2021-03-09 23:01:49,Информер ВК. Показ
11875,2021-03-09 23:07:53,Просмотр раздела Тайный покупатель
11875,2021-03-09 23:08:38,Информер ВК. Показ
11875,2021-03-09 23:08:41,Абонент оставил отзыв в Личном кабинете
11875,2021-03-09 23:11:28,Смена пароля
8508,2021-03-03 18:19:20,Информер ВК. Показ
8508,2021-03-03 18:19:57,Информер ВК. Показ
8508,2021-03-27 03:31:35,Информер ВК. Показ
8508,2021-03-29 13:22:59,Турбокнопка бесплатно
8508,2021-04-13 23:39:14,Информер ВК. Показ
8508,2021-04-13 23:39:19,Информер ВК. Показ
8260,2021-03-09 12:04:27,Информер ВК. Показ
8260,2021-03-13 15:13:49,Информер ВК. Показ
8260,2021-03-16 09:45:00,Информер ВК. Показ
8260,2021-04-17 11:21:17,Информер ВК. Показ
8260,2021-04-17 13:31:37,Информер ВК. Показ
7984,2021-04-02 14:33:34,Информер ВК. Показ
7984,2021-04-02 14:59:16,Информер ВК. Показ
7984,2021-04-02 15:00:50,Информер ВК. Показ
31232,2021-03-06 15:34:27,Включение интернета на 20 минут
31232,2021-03-08 17:28:58,Включение интернета на 20 минут
31232,2021-03-13 16:38:06,Включение интернета на 20 минут
31232,2021-03-19 19:46:10,Включение интернета на 20 минут
31232,2021-03-26 18:10:01,Включение интернета на 20 минут
31232,2021-04-03 15:49:21,Включение интернета на 20 минут
31232,2021-04-09 16:37:32,Информер ВК. Показ
31232,2021-04-16 17:29:18,Включение интернета на 20 минут
31232,2021-04-23 11:30:39,Включение интернета на 20 минут
31232,2021-04-25 15:35:26,Включение интернета на 20 минут
31232,2021-04-28 18:08:24,Включение интернета на 20 минут
39238,2021-03-04 21:29:32,Гарантированный платеж за деньги
39238,2021-03-10 18:41:45,Гарантированный платеж за деньги
39238,2021-03-13 07:40:50,Информер ВК. Показ
39238,2021-03-15 18:58:09,Гарантированный платеж за деньги
39238,2021-03-21 01:00:20,Гарантированный платеж за деньги
39238,2021-03-24 20:57:03,Включение интернета на 20 минут
39238,2021-03-30 07:03:48,Гарантированный платеж за деньги
39238,2021-04-05 20:13:08,Гарантированный платеж за деньги
39238,2021-04-08 20:39:03,Информер ВК. Показ
39238,2021-04-08 20:50:00,Информер ВК. Показ
39238,2021-04-14 19:50:55,Гарантированный платеж за деньги
39238,2021-04-23 20:17:24,Гарантированный платеж за деньги
39238,2021-04-29 18:21:45,Гарантированный платеж за деньги
42623,2021-03-11 08:45:35,Информер ВК. Показ
42623,2021-03-12 20:53:52,Гарантированный платеж за деньги
42623,2021-03-17 21:15:45,Гарантированный платеж за деньги
42623,2021-03-22 21:29:21,Гарантированный платеж за деньги
42623,2021-03-27 21:32:54,Информер ВК. Показ
42623,2021-03-27 21:40:14,Информер ВК. Показ
42623,2021-04-27 21:43:29,Информер ВК. Показ
42623,2021-04-27 21:44:11,Гарантированный платеж за деньги
42623,2021-04-29 21:23:09,Информер ВК. Показ
30284,2021-03-11 12:05:45,Информер ВК. Показ
30284,2021-03-11 12:07:33,Информер ВК. Показ
30284,2021-03-11 16:00:55,Включение интернета на 20 минут
30284,2021-04-09 23:38:30,Информер ВК. Показ
30284,2021-04-11 20:03:20,Информер ВК. Показ
30284,2021-04-11 20:03:27,Включение интернета на 20 минут
8966,2021-03-26 08:57:16,Информер ВК. Показ
8966,2021-03-26 09:00:49,Информер ВК. Показ
8966,2021-03-26 10:19:59,Информер ВК. Показ
13840,2021-03-05 22:13:10,Включение интернета на 20 минут
13840,2021-03-13 22:46:28,Включение интернета на 20 минут
13840,2021-03-22 23:02:11,Включение интернета на 20 минут
13840,2021-04-03 07:43:32,Включение интернета на 20 минут
13840,2021-04-12 08:17:07,Включение интернета на 20 минут
13840,2021-04-21 12:21:26,Включение интернета на 20 минут
33842,2021-03-29 18:40:27,Информер ВК. Показ
9129,2021-04-19 07:25:37,Информер ВК. Показ
8379,2021-03-01 12:14:57,Информер ВК. Показ
8379,2021-04-01 14:21:40,Информер ВК. Показ
8379,2021-04-01 14:23:37,Информер ВК. Показ
8379,2021-04-01 15:41:40,Информер ВК. Показ
12687,2021-03-30 17:26:04,Информер ВК. Показ
12687,2021-03-30 17:27:00,Информер ВК. Показ
12687,2021-03-30 17:27:27,Информер ВК. Показ
9411,2021-04-09 09:48:20,Информер ВК. Показ
9411,2021-04-09 09:50:18,Просмотр раздела Тайный покупатель
9411,2021-04-09 09:51:21,Информер ВК. Показ
9411,2021-04-09 09:52:35,Футболка Ситилинк
9411,2021-04-09 09:54:00,Информер ВК. Показ
38471,2021-03-02 07:25:45,Включение интернета на 20 минут
38471,2021-03-02 07:25:46,Включение интернета на 20 минут
38471,2021-03-02 07:48:53,Гарантированный платеж за деньги
38471,2021-03-31 07:51:52,Гарантированный платеж за деньги
38471,2021-03-31 07:52:08,Включение интернета на 20 минут
38471,2021-04-03 18:38:39,Включение интернета на 20 минут
38471,2021-04-03 18:38:40,Включение интернета на 20 минут
38471,2021-04-20 21:04:58,Гарантированный платеж за деньги
31355,2021-03-08 13:06:42,Турбокнопка бесплатно
31355,2021-03-12 15:03:40,Турбокнопка бесплатно
31355,2021-03-17 17:07:08,Турбокнопка бесплатно
31355,2021-04-27 21:04:53,Информер ВК. Показ
31355,2021-04-27 21:05:34,Информер ВК. Показ
31355,2021-04-28 12:53:43,Информер ВК. Показ
40945,2021-03-10 19:20:58,Информер ВК. Показ
40945,2021-03-10 19:22:56,Информер ВК. Показ
40945,2021-03-10 19:26:57,Информер ВК. Показ
40945,2021-03-11 00:58:55,Абонент оставил отзыв в Личном кабинете
40945,2021-03-11 00:59:27,Бонус-скорость
40945,2021-04-24 00:31:36,Информер ВК. Показ
40945,2021-04-24 00:31:48,Бонус-скорость
12476,2021-03-25 08:26:00,Просмотр раздела Тайный покупатель
38943,2021-04-22 17:30:16,Включение интернета на 20 минут
38943,2021-04-22 17:30:17,Включение интернета на 20 минут
7996,2021-03-01 15:57:58,Информер ВК. Показ
7996,2021-03-01 15:58:08,Абонент оставил отзыв в Личном кабинете
7996,2021-04-02 20:28:20,Информер ВК. Показ
7996,2021-04-02 20:34:49,Информер ВК. Показ
7996,2021-04-14 17:12:59,Информер ВК. Показ
9422,2021-03-22 10:33:45,Информер ВК. Показ
10586,2021-03-30 20:07:58,Информер ВК. Показ
30286,2021-03-01 20:17:57,Включение интернета на 20 минут
30286,2021-03-05 20:40:43,Гарантированный платеж за деньги
30286,2021-03-08 21:11:04,Включение интернета на 20 минут
30286,2021-03-13 21:44:15,Гарантированный платеж за деньги
30286,2021-03-21 22:26:25,Включение интернета на 20 минут
30286,2021-03-21 22:26:48,Гарантированный платеж за деньги
30286,2021-03-24 22:47:30,Включение интернета на 20 минут
30286,2021-03-28 22:58:57,Включение интернета на 20 минут
30286,2021-04-05 16:13:39,Информер ВК. Показ
30286,2021-04-05 23:14:00,Гарантированный платеж за деньги
30286,2021-04-08 23:22:26,Включение интернета на 20 минут
30286,2021-04-14 05:41:58,Гарантированный платеж за деньги
30286,2021-04-22 08:29:19,Включение интернета на 20 минут
30286,2021-04-27 18:12:56,Информер ВК. Показ
13795,2021-04-03 15:50:56,Информер ВК. Показ
13795,2021-04-06 12:28:10,Информер ВК. Показ
42674,2021-03-02 07:20:24,Включение интернета на 20 минут
42674,2021-03-03 15:48:23,Информер ВК. Показ
42674,2021-03-03 16:24:15,Информер ВК. Показ
42674,2021-03-06 23:20:16,Информер ВК. Показ
42674,2021-03-07 23:08:18,Бонус-скорость
42674,2021-04-02 07:32:21,Включение интернета на 20 минут
42674,2021-04-07 16:56:29,Информер ВК. Показ
42674,2021-04-07 16:56:52,Информер ВК. Показ
42674,2021-04-07 16:57:12,Информер ВК. Показ
42674,2021-04-07 16:57:21,Турбокнопка платно (1 сутки)
8272,2021-03-11 20:56:58,Включение интернета на 20 минут с IVR
8272,2021-04-23 21:44:09,Включение интернета на 20 минут с IVR
40007,2021-03-28 11:32:50,Информер ВК. Показ
40007,2021-03-28 11:34:13,Информер ВК. Показ
42687,2021-03-07 20:07:31,Информер ВК. Показ
42687,2021-03-10 01:13:39,Информер ВК. Показ
42687,2021-03-17 15:22:18,Информер ВК. Показ
42687,2021-04-14 17:53:43,Информер ВК. Показ
42687,2021-04-14 19:58:00,Информер ВК. Показ
42687,2021-04-26 18:56:53,Информер ВК. Показ
8679,2021-03-04 17:24:57,Информер ВК. Показ
8679,2021-03-20 02:45:58,Информер ВК. Показ
8679,2021-03-30 19:07:01,Информер ВК. Показ
11177,2021-03-18 07:55:44,Информер ВК. Показ
11177,2021-03-18 07:55:51,Включение интернета на 20 минут
11177,2021-03-18 07:58:49,Информер ВК. Показ
12131,2021-03-08 19:03:27,Информер ВК. Показ
12131,2021-03-29 23:37:16,Информер ВК. Показ
12131,2021-03-31 17:09:58,Информер ВК. Показ
10962,2021-03-21 19:32:46,Включение интернета на 20 минут
10962,2021-03-21 19:32:51,Включение интернета на 20 минут
42695,2021-03-18 19:59:28,Информер ВК. Показ
42695,2021-03-30 20:17:13,Информер ВК. Показ
42695,2021-04-23 18:45:47,Информер ВК. Показ
42695,2021-04-23 18:46:12,Информер ВК. Показ
42697,2021-03-12 13:41:39,Гарантированный платеж за деньги
42697,2021-03-23 14:06:42,Гарантированный платеж за деньги
42697,2021-03-23 14:14:14,Показ информатора об изменении уведомлений через ВК платформу
42697,2021-04-04 14:11:05,Гарантированный платеж за деньги
42697,2021-04-07 14:29:39,Включение интернета на 20 минут
42697,2021-04-07 14:29:51,Показ информатора об изменении уведомлений через ВК платформу
42697,2021-04-07 14:30:07,Гарантированный платеж за деньги
42697,2021-04-07 22:06:52,Показ информатора об изменении уведомлений через ВК платформу
11933,2021-03-14 23:02:14,Информер ВК. Показ
11933,2021-03-14 23:03:38,Информер ВК. Показ
11933,2021-03-14 23:04:08,Информер ВК. Показ
42703,2021-03-20 23:07:56,Включение интернета на 20 минут
42703,2021-03-20 23:11:50,Информер ВК. Показ
42703,2021-03-20 23:12:01,Информер ВК. Показ
42703,2021-03-20 23:12:12,Информер ВК. Показ
42705,2021-03-05 10:42:38,Информер ВК. Показ
42705,2021-03-17 15:14:02,Информер ВК. Показ
42705,2021-03-24 12:05:20,Информер ВК. Показ
42705,2021-04-05 20:34:05,Информер ВК. Показ
42705,2021-04-20 19:21:35,Информер ВК. Показ
42705,2021-04-24 22:31:58,Информер ВК. Показ
42705,2021-04-29 08:40:41,Включение интернета на 20 минут
11138,2021-03-14 22:11:29,Информер ВК. Показ
11138,2021-03-21 13:50:50,Информер ВК. Показ
11138,2021-04-14 21:57:16,Информер ВК. Показ
11138,2021-04-21 18:21:13,Информер ВК. Показ
11138,2021-04-21 18:34:14,Информер ВК. Показ
14901,2021-04-01 17:54:21,Информер ВК. Показ
14901,2021-04-01 17:56:29,Информер ВК. Показ
14901,2021-04-01 17:56:54,Информер ВК. Показ
14901,2021-04-26 23:37:47,Включение интернета на 20 минут
14901,2021-04-26 23:37:48,Включение интернета на 20 минут
42710,2021-04-05 16:23:32,Включение интернета на 20 минут с IVR
42710,2021-04-05 16:23:37,Включение интернета на 20 минут
30068,2021-04-01 09:35:55,Включение интернета на 20 минут
30068,2021-04-02 01:46:40,Гарантированный платеж за деньги
30068,2021-04-05 08:52:50,Включение интернета на 20 минут
40086,2021-03-23 18:22:15,Информер ВК. Показ
40086,2021-03-23 18:22:37,Информер ВК. Показ
40086,2021-04-10 15:50:55,Информер ВК. Показ
40086,2021-04-24 16:31:26,Информер ВК. Показ
34557,2021-03-12 10:46:41,Информер ВК. Показ
34557,2021-03-12 10:46:46,Турбокнопка бесплатно
34557,2021-03-21 11:04:53,Информер ВК. Показ
34557,2021-03-21 11:05:00,Турбокнопка бесплатно
34557,2021-04-02 09:32:13,Информер ВК. Показ
34557,2021-04-02 09:32:17,Турбокнопка бесплатно
34557,2021-04-14 12:51:40,Информер ВК. Показ
34557,2021-04-21 19:05:30,Информер ВК. Показ
34557,2021-04-21 19:05:35,Турбокнопка бесплатно
34557,2021-04-21 20:44:25,Турбокнопка платно (1 час)
34557,2021-04-21 21:47:16,Турбокнопка платно (1 час)
34557,2021-04-22 13:13:57,Турбокнопка бесплатно
28863,2021-03-01 19:19:05,Информер ВК. Показ
28863,2021-03-28 08:15:16,Информер ВК. Показ
28863,2021-03-28 08:16:48,Информер ВК. Показ
28863,2021-04-28 21:33:28,Информер ВК. Показ
28863,2021-04-28 21:34:32,Информер ВК. Показ
42723,2021-03-23 17:58:21,Информер ВК. Показ
42723,2021-03-23 17:59:15,Информер ВК. Показ
42723,2021-03-23 17:59:53,Информер ВК. Показ
38585,2021-03-02 10:00:17,Показ информатора об изменении уведомлений через ВК платформу
38585,2021-03-02 10:00:26,Показ информатора об изменении уведомлений через ВК платформу
38585,2021-03-02 10:01:16,Включение интернета на 20 минут
38585,2021-03-04 14:18:16,Показ информатора об изменении уведомлений через ВК платформу
38585,2021-03-04 14:18:17,Показ информатора об изменении уведомлений через ВК платформу
38585,2021-03-04 14:28:06,Включение интернета на 20 минут
38585,2021-03-06 08:55:32,Включение интернета на 20 минут
38585,2021-03-09 11:42:23,Включение интернета на 20 минут
38585,2021-03-12 08:03:40,Включение интернета на 20 минут
38585,2021-03-15 10:00:32,Включение интернета на 20 минут
38585,2021-03-18 11:01:02,Включение интернета на 20 минут
38585,2021-03-22 03:53:23,Включение интернета на 20 минут
38585,2021-03-23 16:35:32,Включение интернета на 20 минут
38585,2021-03-28 14:24:07,Включение интернета на 20 минут
38585,2021-04-03 16:22:08,Включение интернета на 20 минут
38585,2021-04-11 08:55:03,Показ информатора об изменении уведомлений через ВК платформу
38585,2021-04-11 08:55:17,Включение интернета на 20 минут
38585,2021-04-14 19:43:51,Включение интернета на 20 минут
38585,2021-04-19 08:08:42,Включение интернета на 20 минут
38585,2021-04-21 11:23:24,Включение интернета на 20 минут
38585,2021-04-23 09:06:30,Включение интернета на 20 минут
38585,2021-04-24 12:09:26,Включение интернета на 20 минут
13049,2021-03-10 11:40:57,Информер ВК. Показ
13049,2021-04-09 16:55:06,Информер ВК. Показ
13049,2021-04-16 00:19:18,Информер ВК. Показ
13049,2021-04-29 13:18:52,Информер ВК. Показ
28395,2021-03-06 17:37:19,Информер ВК. Показ
28395,2021-03-06 17:37:53,Информер ВК. Показ
28395,2021-03-06 17:42:47,Информер ВК. Показ
33350,2021-03-08 19:01:45,Информер ВК. Показ
33350,2021-04-17 08:35:59,Информер ВК. Показ
33350,2021-04-17 19:16:57,Информер ВК. Показ
15162,2021-03-05 23:07:32,Гарантированный платеж за деньги
15162,2021-03-08 23:32:48,Информер ВК. Показ
15162,2021-03-08 23:36:54,Информер ВК. Показ
15162,2021-03-08 23:45:19,Гарантированный платеж за деньги
15162,2021-03-11 22:40:50,Информер ВК. Показ
15162,2021-03-12 00:04:33,Гарантированный платеж за деньги
15162,2021-03-15 01:40:44,Гарантированный платеж за деньги
15162,2021-03-18 10:55:03,Гарантированный платеж за деньги
15162,2021-03-21 11:18:16,Включение интернета на 20 минут
15162,2021-04-21 11:39:23,Информер ВК. Показ
15162,2021-04-21 11:39:29,Включение интернета на 20 минут
15162,2021-04-21 11:50:39,Информер ВК. Показ
15162,2021-04-21 11:51:16,Информер ВК. Показ
39119,2021-03-11 08:40:39,Информер ВК. Показ
39119,2021-03-17 01:40:48,Информер ВК. Показ
39119,2021-04-18 15:32:17,Информер ВК. Показ
39119,2021-04-18 15:32:29,Включение интернета на 20 минут
39119,2021-04-18 15:53:52,Информер ВК. Показ
13188,2021-04-12 12:17:59,Информер ВК. Показ
13188,2021-04-12 12:20:55,Информер ВК. Показ
13188,2021-04-12 16:49:22,Информер ВК. Показ
13188,2021-04-13 15:09:54,Просмотр раздела Тайный покупатель
37546,2021-03-02 22:29:56,Гарантированный платеж за деньги
37546,2021-03-18 20:23:37,Информер ВК. Показ
37546,2021-03-26 13:14:57,Информер ВК. Показ
37546,2021-04-01 13:02:30,Информер ВК. Показ
37546,2021-04-01 13:04:29,Гарантированный платеж за деньги
37546,2021-04-22 15:07:24,Информер ВК. Показ
37546,2021-04-28 15:27:09,Информер ВК. Показ
28951,2021-03-13 16:17:24,Гарантированный платеж за деньги
9974,2021-03-09 06:09:50,Информер ВК. Показ
9974,2021-03-09 06:10:01,Включение интернета на 20 минут
9974,2021-04-08 19:31:57,Информер ВК. Показ
12288,2021-03-08 14:40:40,Гарантированный платеж за деньги
12288,2021-03-10 19:37:47,Информер ВК. Показ
12056,2021-03-07 23:29:37,Информер ВК. Показ
12056,2021-03-07 23:30:01,Бонус-скорость
12056,2021-03-07 23:30:43,Информер ВК. Показ
12056,2021-03-10 19:41:52,Информер ВК. Показ
12056,2021-03-28 12:45:09,Турбокнопка бесплатно
8177,2021-03-09 22:03:04,Информер ВК. Показ
14851,2021-04-10 13:57:36,Информер ВК. Показ
14851,2021-04-14 10:43:36,Информер ВК. Показ
33162,2021-03-26 19:35:56,Информер ВК. Показ
7884,2021-03-05 19:28:15,Включение интернета на 20 минут
7884,2021-03-05 19:28:19,Включение интернета на 20 минут
7884,2021-03-05 19:51:59,Информер ВК. Показ
7884,2021-03-05 19:54:23,Информер ВК. Показ
7884,2021-04-21 12:03:22,Принято заявление и доп. соглашение по переезду
7884,2021-04-21 12:03:26,Информер ВК. Показ
7884,2021-04-21 12:04:03,Информер ВК. Показ
7884,2021-04-21 13:25:52,Информер ВК. Показ
8688,2021-03-12 00:48:45,Информер ВК. Показ
8688,2021-03-12 00:49:01,Включение интернета на 20 минут
8688,2021-03-12 00:52:29,Информер ВК. Показ
8688,2021-03-12 11:31:24,Информер ВК. Показ
8688,2021-04-12 08:32:16,Информер ВК. Показ
8688,2021-04-12 08:32:22,Включение интернета на 20 минут
8688,2021-04-12 08:36:33,Информер ВК. Показ
8688,2021-04-12 12:51:05,Информер ВК. Показ
8081,2021-04-09 18:34:12,Информер ВК. Показ
8081,2021-04-09 18:34:19,Включение интернета на 20 минут
10724,2021-03-01 13:17:50,Информер ВК. Показ
10724,2021-04-02 11:37:40,Информер ВК. Показ
14132,2021-03-20 13:35:44,Информер ВК. Показ
14132,2021-03-20 13:36:56,Информер ВК. Показ
14132,2021-04-04 16:35:17,Информер ВК. Показ
14132,2021-04-04 16:36:07,Включение интернета на 20 минут
14132,2021-04-04 16:38:30,Просмотр раздела Тайный покупатель
42777,2021-04-09 01:52:22,Информер ВК. Показ
42777,2021-04-23 00:51:11,Информер ВК. Показ
10393,2021-04-25 23:47:48,Информер ВК. Показ
10393,2021-04-25 23:48:31,Просмотр раздела Тайный покупатель
10393,2021-04-26 00:58:39,Информер ВК. Показ
10393,2021-04-26 00:59:07,Включение автоматической активации ГП
10393,2021-04-28 10:03:00,Включение интернета на 20 минут
10393,2021-04-28 10:03:01,Включение интернета на 20 минут
9645,2021-03-07 22:36:18,Информер ВК. Показ
9645,2021-03-07 22:36:49,Информер ВК. Показ
9645,2021-03-07 22:37:00,Информер ВК. Показ
9645,2021-03-13 16:18:00,Турбокнопка бесплатно
12261,2021-03-23 15:05:34,Информер ВК. Показ
12261,2021-04-23 20:14:41,Включение интернета на 20 минут
12261,2021-04-23 20:14:42,Включение интернета на 20 минут
12261,2021-04-23 21:18:41,Гарантированный платеж за деньги
12261,2021-04-27 08:35:14,Включение интернета на 20 минут
12261,2021-04-28 17:42:49,Включение интернета на 20 минут
42797,2021-03-12 13:34:30,Информер ВК. Показ
42797,2021-03-12 13:36:46,Информер ВК. Показ
42797,2021-03-26 20:34:54,Информер ВК. Показ
42797,2021-04-03 13:46:13,Включение интернета на 20 минут
14031,2021-03-09 20:00:22,Информер ВК. Показ
14031,2021-03-09 22:32:02,Информер ВК. Показ
14031,2021-03-10 19:06:35,Информер ВК. Показ
13874,2021-03-16 02:30:10,Информер ВК. Показ
13874,2021-03-17 00:43:13,Информер ВК. Показ
13874,2021-03-17 00:50:41,Информер ВК. Показ
13874,2021-04-07 12:26:08,Абонент оставил отзыв в Личном кабинете
13874,2021-04-17 01:10:36,Информер ВК. Показ
13874,2021-04-17 01:20:15,Информер ВК. Показ
42810,2021-03-01 01:48:42,Информер ВК. Показ
42810,2021-03-09 23:32:27,Информер ВК. Показ
42810,2021-03-19 13:31:49,Информер ВК. Показ
8817,2021-03-07 02:06:18,Информер ВК. Показ
8817,2021-03-07 02:06:48,Информер ВК. Показ
8817,2021-03-10 21:10:16,Информер ВК. Показ
8817,2021-03-10 21:10:17,Информер ВК. Показ
8817,2021-03-10 21:10:37,Включение интернета на 20 минут
8817,2021-04-10 22:05:43,Информер ВК. Показ
8817,2021-04-10 22:06:35,Информер ВК. Показ
8817,2021-04-10 22:06:44,Информер ВК. Показ
8817,2021-04-10 22:06:57,Включение интернета на 20 минут
39999,2021-03-10 03:31:34,Информер ВК. Показ
39999,2021-03-10 03:31:57,Турбокнопка бесплатно
39999,2021-03-11 03:59:22,Информер ВК. Показ
39999,2021-03-11 03:59:29,Турбокнопка бесплатно
39999,2021-03-16 17:25:57,Гарантированный платеж за деньги
39999,2021-04-11 18:22:39,Информер ВК. Показ
39999,2021-04-13 05:52:25,Информер ВК. Показ
39999,2021-04-13 05:52:35,Турбокнопка бесплатно
39999,2021-04-17 18:46:27,Информер ВК. Показ
39999,2021-04-18 18:31:16,Турбокнопка бесплатно
39999,2021-04-21 00:32:59,Без границ платно. Включение
39999,2021-04-21 00:33:08,Без границ платно. Отключение
39999,2021-04-21 00:33:19,Турбокнопка бесплатно
39999,2021-04-23 17:32:08,Турбокнопка бесплатно
39999,2021-04-27 14:37:40,Турбокнопка бесплатно
39999,2021-04-29 12:01:45,Турбокнопка бесплатно
30415,2021-03-09 22:16:25,Информер ВК. Показ
30415,2021-04-02 22:25:17,Информер ВК. Показ
30415,2021-04-23 22:18:37,Информер ВК. Показ
11880,2021-04-04 21:04:12,Информер ВК. Показ
11880,2021-04-04 21:04:26,Информер ВК. Показ
11880,2021-04-04 21:05:57,Информер ВК. Показ
12274,2021-04-01 23:39:58,Информер ВК. Показ
12274,2021-04-05 13:51:27,Информер ВК. Показ
12274,2021-04-05 13:52:45,Информер ВК. Показ
9733,2021-03-15 13:37:14,Информер ВК. Показ
9733,2021-03-15 13:37:19,Информер ВК. Показ
38363,2021-03-01 19:24:51,Гарантированный платеж за деньги
38363,2021-03-04 19:40:07,Гарантированный платеж за деньги
38363,2021-03-07 20:01:24,Гарантированный платеж за деньги
38363,2021-03-10 20:19:35,Гарантированный платеж за деньги
38363,2021-03-13 20:34:07,Гарантированный платеж за деньги
38363,2021-03-16 20:52:07,Гарантированный платеж за деньги
38363,2021-03-19 22:37:09,Гарантированный платеж за деньги
38363,2021-03-23 07:21:55,Гарантированный платеж за деньги
38363,2021-03-26 07:44:41,Гарантированный платеж за деньги
38363,2021-03-29 15:18:04,Включение интернета на 20 минут
38363,2021-03-29 15:18:05,Включение интернета на 20 минут
38363,2021-03-29 15:43:14,Гарантированный платеж за деньги
38363,2021-04-01 16:17:56,Гарантированный платеж за деньги
38363,2021-04-04 16:53:59,Гарантированный платеж за деньги
38363,2021-04-07 17:00:48,Гарантированный платеж за деньги
38363,2021-04-10 17:17:08,Включение интернета на 20 минут
38363,2021-04-10 17:46:24,Гарантированный платеж за деньги
38363,2021-04-13 18:27:49,Гарантированный платеж за деньги
38363,2021-04-17 00:33:26,Гарантированный платеж за деньги
38363,2021-04-20 00:43:23,Гарантированный платеж за деньги
38363,2021-04-23 01:04:46,Гарантированный платеж за деньги
38363,2021-04-26 12:03:26,Гарантированный платеж за деньги
38363,2021-04-29 20:01:10,Гарантированный платеж за деньги
8968,2021-04-21 18:22:08,Информер ВК. Показ
8968,2021-04-21 18:22:20,Информер ВК. Показ
31812,2021-03-01 13:39:31,Включение интернета на 20 минут с IVR
31812,2021-04-14 18:17:41,Информер ВК. Показ
14328,2021-04-09 20:46:40,Включение интернета на 20 минут
14568,2021-04-10 13:22:40,Показ информатора об изменении уведомлений через ВК платформу
14568,2021-04-10 13:23:42,Показ информатора об изменении уведомлений через ВК платформу
14568,2021-04-10 13:24:38,Показ информатора об изменении уведомлений через ВК платформу
13328,2021-03-14 22:24:48,Информер ВК. Показ
13328,2021-03-14 22:25:18,Информер ВК. Показ
13328,2021-03-14 22:25:58,Информер ВК. Показ
8151,2021-03-05 13:02:28,Включение интернета на 20 минут
8151,2021-03-11 19:59:05,Информер ВК. Показ
8151,2021-03-30 20:33:19,Информер ВК. Показ
12478,2021-04-01 14:28:06,Информер ВК. Показ
12478,2021-04-28 16:44:21,Информер ВК. Показ
11110,2021-03-27 10:35:00,Включение интернета на 20 минут с IVR
11110,2021-04-10 14:26:06,Информер ВК. Показ
11110,2021-04-25 17:51:13,Информер ВК. Показ
12488,2021-03-04 20:38:47,Информер ВК. Показ
12488,2021-03-06 13:53:31,Информер ВК. Показ
12488,2021-04-04 00:43:35,Информер ВК. Показ
12488,2021-04-04 00:43:37,Информер ВК. Показ
9323,2021-03-27 16:03:44,Информер ВК. Показ
9323,2021-04-25 11:56:27,Информер ВК. Показ
10722,2021-03-02 18:16:41,Турбокнопка бесплатно
10722,2021-03-04 19:03:47,Турбокнопка бесплатно
10722,2021-03-24 18:26:23,Информер ВК. Показ
10722,2021-03-24 18:26:28,Турбокнопка платно (1 час)
10722,2021-03-24 18:51:12,Информер ВК. Показ
10722,2021-03-24 18:53:48,Информер ВК. Показ
10722,2021-03-25 18:34:36,Турбокнопка бесплатно
10722,2021-04-18 11:52:20,Турбокнопка бесплатно
10722,2021-04-27 20:34:56,Информер ВК. Показ
10722,2021-04-28 19:08:24,Информер ВК. Показ
10722,2021-04-28 19:08:39,Турбокнопка бесплатно
67279,2021-03-26 09:31:19,Информер ВК. Показ
67279,2021-03-26 09:35:17,Информер ВК. Показ
67279,2021-03-26 09:36:14,Информер ВК. Показ
67279,2021-04-27 22:13:45,Информер ВК. Показ
67279,2021-04-27 22:15:18,Информер ВК. Показ
29299,2021-03-03 17:54:21,Информер ВК. Показ
29299,2021-03-31 20:23:15,Информер ВК. Показ
29299,2021-03-31 20:24:41,Информер ВК. Показ
29299,2021-04-09 21:25:40,Информер ВК. Показ
29299,2021-04-09 21:26:06,Бонус-скорость
12055,2021-03-03 04:40:20,Информер ВК. Показ
12055,2021-03-03 04:43:28,Информер ВК. Показ
28564,2021-03-15 21:12:53,Информер ВК. Показ
28564,2021-03-28 20:36:12,Включение интернета на 20 минут
28564,2021-03-28 20:36:13,Включение интернета на 20 минут
31754,2021-03-04 10:12:57,Информер ВК. Показ
31754,2021-03-23 23:37:40,Информер ВК. Показ
31754,2021-03-23 23:37:48,Бонус-скорость
31754,2021-03-30 02:37:59,Бонус-скорость
31754,2021-04-16 16:20:02,Информер ВК. Показ
31754,2021-04-16 16:20:09,Бонус-скорость
31754,2021-04-29 19:33:28,Информер ВК. Показ
31754,2021-04-29 19:33:32,Бонус-скорость
29753,2021-03-07 21:56:43,Информер ВК. Показ
29753,2021-03-26 19:28:06,Информер ВК. Показ
29753,2021-03-31 20:52:26,Информер ВК. Показ
29753,2021-04-16 21:25:14,Информер ВК. Показ
29753,2021-04-29 07:56:14,Информер ВК. Показ
8343,2021-03-27 14:56:49,Информер ВК. Показ
8343,2021-03-27 15:04:08,Информер ВК. Показ
8343,2021-03-27 15:07:08,Информер ВК. Показ
40649,2021-04-11 17:19:45,Включение интернета на 20 минут
40649,2021-04-11 17:19:48,Информер ВК. Показ
40649,2021-04-11 17:28:11,Информер ВК. Показ
40649,2021-04-11 17:28:33,Гарантированный платеж за деньги
40649,2021-04-14 14:17:55,Информер ВК. Показ
10153,2021-03-27 10:06:00,Включение интернета на 20 минут
30845,2021-04-05 16:25:34,Информер ВК. Показ
8586,2021-03-25 16:38:34,Включение интернета на 20 минут
8586,2021-03-25 16:38:41,Информер ВК. Показ
8586,2021-03-25 16:38:52,Гарантированный платеж за деньги
8586,2021-03-28 22:20:38,Включение интернета на 20 минут
8586,2021-03-28 22:23:05,Информер ВК. Показ
8586,2021-04-29 10:16:18,Включение интернета на 20 минут
8586,2021-04-29 10:16:23,Информер ВК. Показ
8586,2021-04-29 10:16:32,Гарантированный платеж за деньги
8226,2021-04-12 00:47:05,Информер ВК. Показ
8226,2021-04-12 00:47:45,Смена тарифа
8226,2021-04-12 00:48:16,Просмотр раздела Тайный покупатель
8226,2021-04-12 00:48:32,Становление участником бонусной программы
8226,2021-04-12 00:48:43,Информер ВК. Показ
8226,2021-04-12 00:49:04,Информер ВК. Показ
10828,2021-03-02 21:06:47,Информер ВК. Показ
10828,2021-03-04 22:31:09,Информер ВК. Показ
10828,2021-03-10 14:28:32,Информер ВК. Показ
10828,2021-04-04 10:16:32,Информер ВК. Показ
10828,2021-04-05 21:42:04,Информер ВК. Показ
10828,2021-04-11 00:22:32,Информер ВК. Показ
10828,2021-04-22 16:12:49,Виртуальное бессмертие. Использование
10828,2021-04-22 16:16:47,Включение интернета на 20 минут
11981,2021-03-27 01:10:39,Информер ВК. Показ
11981,2021-04-03 00:14:17,Информер ВК. Показ
11981,2021-04-11 16:51:50,Информер ВК. Показ
28150,2021-03-03 19:04:41,Информер ВК. Показ
28150,2021-03-03 19:10:47,Информер ВК. Показ
28150,2021-03-03 19:11:57,Информер ВК. Показ
28150,2021-03-03 19:17:44,Смена пароля
8639,2021-03-19 17:57:34,Информер ВК. Показ
8639,2021-03-19 18:02:10,Информер ВК. Показ
8639,2021-03-19 18:48:36,Информер ВК. Показ
42862,2021-03-02 00:19:25,Включение интернета на 20 минут
42862,2021-03-03 01:29:20,Информер ВК. Показ
42862,2021-04-02 00:42:44,Информер ВК. Показ
42862,2021-04-02 00:43:22,Гарантированный платеж за деньги
42862,2021-04-04 21:50:26,Информер ВК. Показ
42862,2021-04-20 21:34:08,Информер ВК. Показ
37039,2021-04-14 21:16:58,Информер ВК. Показ
37039,2021-04-14 21:20:16,Включение интернета на 20 минут
37039,2021-04-14 21:20:17,Информер ВК. Показ
11630,2021-03-05 21:11:35,Информер ВК. Показ
11630,2021-03-27 10:48:43,Информер ВК. Показ
11630,2021-03-28 12:35:47,Включение интернета на 20 минут
11630,2021-03-28 12:35:48,Включение интернета на 20 минут
11630,2021-04-25 14:16:11,Информер ВК. Показ
11630,2021-04-25 16:33:21,Информер ВК. Показ
11630,2021-04-28 15:37:30,Информер ВК. Показ
11630,2021-04-28 15:37:40,Включение интернета на 20 минут
42879,2021-03-17 20:50:33,Информер ВК. Показ
42879,2021-04-14 14:03:05,Информер ВК. Показ
42879,2021-04-14 14:03:33,Информер ВК. Показ
42879,2021-04-23 02:00:04,Гарантированный платеж за деньги
13596,2021-03-05 11:04:09,Информер ВК. Показ
8342,2021-04-16 21:56:57,Включение интернета на 20 минут
8342,2021-04-16 21:58:27,Включение интернета на 20 минут с IVR
42890,2021-03-12 07:03:47,Информер ВК. Показ
42890,2021-03-14 22:16:38,Информер ВК. Показ
42890,2021-03-27 22:51:06,Информер ВК. Показ
42890,2021-04-13 10:04:11,Информер ВК. Показ
8694,2021-03-06 10:36:52,Информер ВК. Показ
8694,2021-03-06 10:37:07,Просмотр раздела Тайный покупатель
8694,2021-03-06 10:37:53,Информер ВК. Показ
8694,2021-03-06 10:38:15,Гарантированный платеж за деньги
8694,2021-03-09 16:38:15,Включение интернета на 20 минут
8694,2021-04-06 12:58:07,Информер ВК. Показ
8694,2021-04-06 12:58:48,Информер ВК. Показ
8694,2021-04-09 17:11:41,Информер ВК. Показ
8694,2021-04-09 17:11:51,Гарантированный платеж за деньги
42896,2021-04-03 22:26:36,Информер ВК. Показ
42896,2021-04-03 22:27:12,Информер ВК. Показ
9063,2021-03-24 09:27:21,Гарантированный платеж за деньги
9063,2021-04-05 11:20:07,Включение интернета на 20 минут
32720,2021-03-05 20:04:48,Включение интернета на 20 минут с IVR
32720,2021-03-07 13:01:29,Включение интернета на 20 минут с IVR
32720,2021-03-18 21:05:42,Включение интернета на 20 минут с IVR
32720,2021-03-22 21:44:35,Включение интернета на 20 минут с IVR
32720,2021-03-27 10:50:29,Включение интернета на 20 минут с IVR
32720,2021-04-04 17:28:59,Включение интернета на 20 минут с IVR
32720,2021-04-10 15:30:22,Включение интернета на 20 минут с IVR
32720,2021-04-23 22:05:00,Включение интернета на 20 минут с IVR
28299,2021-03-24 13:55:05,Информер ВК. Показ
28299,2021-03-24 13:55:50,Информер ВК. Показ
28299,2021-03-24 13:58:48,Включение интернета на 20 минут
28299,2021-04-24 14:50:30,Информер ВК. Показ
28299,2021-04-24 15:09:48,Информер ВК. Показ
28299,2021-04-24 15:10:18,Включение интернета на 20 минут
28299,2021-04-24 15:12:39,Информер ВК. Показ
8995,2021-03-14 18:33:42,Информер ВК. Показ
8995,2021-03-24 12:55:06,Информер ВК. Показ
8995,2021-03-24 13:07:34,Информер ВК. Показ
8995,2021-04-21 13:10:10,Информер ВК. Показ
33118,2021-03-24 19:43:27,Получение подарка в ЛК: сутки интернета на максимальной скорости
33118,2021-03-24 19:43:35,Получение подарка в ЛК: 1 месяц бесплатного просмотра IPTV
33118,2021-03-24 19:44:53,Информер ВК. Показ
33118,2021-03-24 19:47:09,Просмотр раздела Тайный покупатель
33118,2021-03-24 19:50:05,Информер ВК. Показ
33118,2021-03-24 19:50:37,Информер ВК. Показ
11779,2021-03-04 18:10:06,Информер ВК. Показ
11779,2021-03-04 18:10:41,Информер ВК. Показ
11779,2021-04-03 18:37:47,Информер ВК. Показ
11779,2021-04-22 19:48:46,Информер ВК. Показ
11779,2021-04-25 17:28:27,Информер ВК. Показ
27789,2021-04-07 22:36:48,Информер ВК. Показ
27789,2021-04-07 22:37:36,Информер ВК. Показ
14193,2021-04-23 01:05:29,Гарантированный платеж за деньги
11626,2021-03-23 19:58:01,Информер ВК. Показ
11626,2021-03-23 19:59:42,Информер ВК. Показ
11626,2021-03-28 22:01:20,Информер ВК. Показ
11626,2021-03-30 22:37:54,Включение ограничения функций ТВ
11626,2021-03-31 19:33:17,Бонус-скорость
11626,2021-03-31 19:33:32,Бонус-скорость
9407,2021-03-02 21:21:01,Информер ВК. Показ
9407,2021-03-02 21:21:12,Гарантированный платеж за деньги
9407,2021-03-05 21:30:57,Информер ВК. Показ
9407,2021-03-05 21:31:29,Включение интернета на 20 минут
9407,2021-03-11 21:42:37,Гарантированный платеж за деньги
9407,2021-03-20 22:01:41,Гарантированный платеж за деньги
9407,2021-04-13 17:55:36,Информер ВК. Показ
9407,2021-04-13 20:45:42,Информер ВК. Показ
9407,2021-04-15 21:06:31,Информер ВК. Показ
7868,2021-03-15 09:07:15,Включение интернета на 20 минут
32393,2021-04-24 08:27:53,Информер ВК. Показ
42915,2021-04-03 22:23:54,Включение интернета на 20 минут
42915,2021-04-03 22:25:24,Информер ВК. Показ
42915,2021-04-03 22:25:46,Информер ВК. Показ
42915,2021-04-03 22:26:38,Информер ВК. Показ
10233,2021-03-08 11:39:20,Гарантированный платеж за деньги
10233,2021-03-28 13:18:01,Гарантированный платеж за деньги
10233,2021-04-14 17:21:11,Гарантированный платеж за деньги
13342,2021-03-02 18:01:59,Информер ВК. Показ
13342,2021-03-02 18:02:23,Просмотр раздела Тайный покупатель
13342,2021-03-02 18:03:26,Смена пароля
13342,2021-03-12 16:31:54,Включение интернета на 20 минут
13342,2021-04-12 06:45:30,Информер ВК. Показ
14282,2021-03-03 08:36:14,Гарантированный платеж за деньги
14282,2021-03-06 11:48:07,Включение интернета на 20 минут
14282,2021-04-07 08:46:40,Гарантированный платеж за деньги
14282,2021-04-10 11:13:42,Включение интернета на 20 минут
42919,2021-03-01 13:01:02,Информер ВК. Показ
42919,2021-03-06 14:21:36,Информер ВК. Показ
42919,2021-04-01 17:21:17,Информер ВК. Показ
42919,2021-04-03 10:15:30,Информер ВК. Показ
42926,2021-03-09 19:34:11,Информер ВК. Показ
42926,2021-03-29 17:56:53,Информер ВК. Показ
42926,2021-03-29 17:57:19,Информер ВК. Показ
11876,2021-03-20 09:14:48,Информер ВК. Показ
11876,2021-03-20 09:15:10,Включение интернета на 20 минут
11876,2021-03-20 09:17:37,Информер ВК. Показ
11876,2021-03-20 09:17:43,Информер ВК. Показ
42927,2021-03-04 21:21:45,Гарантированный платеж за деньги
42927,2021-03-07 21:47:27,Включение интернета на 20 минут
42927,2021-03-14 21:56:32,Гарантированный платеж за деньги
42927,2021-03-23 22:47:52,Гарантированный платеж за деньги
42927,2021-04-11 11:57:05,Гарантированный платеж за деньги
14720,2021-04-04 20:47:16,Включение интернета на 20 минут
14720,2021-04-04 20:47:17,Включение интернета на 20 минут
14720,2021-04-04 20:50:39,Информер ВК. Показ
13725,2021-03-08 16:32:28,Информер ВК. Показ
13725,2021-04-12 18:30:34,Информер ВК. Показ
9458,2021-03-10 12:54:57,Информер ВК. Показ
9458,2021-03-10 12:55:11,Информер ВК. Показ
9458,2021-03-10 12:56:00,Информер ВК. Показ
8009,2021-03-05 00:17:06,Информер ВК. Показ
8009,2021-04-19 10:07:55,Информер ВК. Показ
8009,2021-04-19 10:09:19,Бонус-скорость
8009,2021-04-22 06:00:09,Информер ВК. Показ
8009,2021-04-22 08:24:15,Информер ВК. Показ
8009,2021-04-22 08:24:24,Бонус-скорость
31211,2021-03-25 20:22:26,Включение IPTV-пакета
31211,2021-04-06 21:26:50,Информер ВК. Показ
31211,2021-04-06 21:27:54,Информер ВК. Показ
31211,2021-04-06 21:29:45,Просмотр раздела Тайный покупатель
31211,2021-04-06 21:29:52,Информер ВК. Показ
31211,2021-04-06 21:30:11,Смена тарифа
42944,2021-04-24 14:51:43,Информер ВК. Показ
42944,2021-04-24 14:52:16,Информер ВК. Показ
30769,2021-03-02 11:09:55,Виртуальное бессмертие. Использование
30769,2021-03-02 14:14:57,Виртуальное бессмертие. Использование
30769,2021-04-02 14:34:31,Информер ВК. Показ
30769,2021-04-03 09:37:16,Включение интернета на 20 минут
30769,2021-04-04 10:16:38,Включение интернета на 20 минут
30769,2021-04-04 11:33:34,Виртуальное бессмертие. Использование
30769,2021-04-04 21:23:25,Виртуальное бессмертие. Использование
30769,2021-04-04 22:36:09,Виртуальное бессмертие. Использование
30769,2021-04-22 22:31:38,Информер ВК. Показ
30769,2021-04-25 21:16:15,Информер ВК. Показ
33845,2021-03-26 19:02:01,Информер ВК. Показ
33845,2021-03-26 19:02:50,Включение автоматической активации ГП
11210,2021-04-09 17:06:40,Информер ВК. Показ
11210,2021-04-09 17:14:47,Информер ВК. Показ
30842,2021-03-12 10:17:06,Информер ВК. Показ
30842,2021-03-12 10:20:00,Информер ВК. Показ
30842,2021-04-11 17:52:34,Информер ВК. Показ
13283,2021-03-15 23:47:30,Информер ВК. Показ
42957,2021-03-03 16:36:24,Гарантированный платеж за деньги
42957,2021-04-18 09:03:23,Информер ВК. Показ
42957,2021-04-18 09:03:33,Гарантированный платеж за деньги
42957,2021-04-21 09:13:05,Информер ВК. Показ
42957,2021-04-21 22:31:18,Информер ВК. Показ
10979,2021-03-04 19:33:13,Включение интернета на 20 минут
10979,2021-03-08 17:10:05,Информер ВК. Показ
10979,2021-04-04 20:34:29,Включение интернета на 20 минут
10979,2021-04-04 20:34:30,Включение интернета на 20 минут
10979,2021-04-04 20:57:02,Информер ВК. Показ
10979,2021-04-14 13:02:20,Информер ВК. Показ
10979,2021-04-23 02:44:05,Информер ВК. Показ
10979,2021-04-23 02:45:54,Бонус-скорость
42963,2021-03-11 13:44:20,Информер ВК. Показ
42963,2021-04-10 15:25:06,Информер ВК. Показ
42963,2021-04-19 22:29:20,Включение интернета на 20 минут
42963,2021-04-26 11:58:54,Информер ВК. Показ
42963,2021-04-26 11:59:02,Информер ВК. Показ
42963,2021-04-26 11:59:54,Абонент оставил отзыв в Личном кабинете
10118,2021-03-20 19:09:00,Информер ВК. Показ
10118,2021-04-20 01:09:52,Информер ВК. Показ
10118,2021-04-20 12:23:36,Информер ВК. Показ
10118,2021-04-20 19:34:36,Информер ВК. Показ
42969,2021-03-08 09:27:45,Информер ВК. Показ
42969,2021-03-20 08:45:42,Информер ВК. Показ
42969,2021-03-28 09:02:38,Информер ВК. Показ
42969,2021-04-10 17:55:09,Информер ВК. Показ
42969,2021-04-24 16:30:43,Информер ВК. Показ
11410,2021-04-15 11:29:54,Информер ВК. Показ
11410,2021-04-15 11:30:31,Выключение IPTV-пакета
11410,2021-04-15 11:31:05,Информер ВК. Показ
11410,2021-04-15 11:32:02,Информер ВК. Показ
11410,2021-04-18 18:44:20,Смена тарифа
28310,2021-03-06 17:25:48,Информер ВК. Показ
28310,2021-04-17 08:53:17,Включение интернета на 20 минут
28310,2021-04-27 09:32:45,Включение интернета на 20 минут
9135,2021-03-21 15:47:11,Информер ВК. Показ
12015,2021-03-12 19:26:26,Гарантированный платеж за деньги
12015,2021-03-15 19:47:49,Гарантированный платеж за деньги
29582,2021-04-23 18:59:20,Информер ВК. Показ
8032,2021-03-03 16:19:04,Информер ВК. Показ
8032,2021-03-14 17:16:10,Информер ВК. Показ
8032,2021-03-14 17:16:15,Включение интернета на 20 минут
8032,2021-03-14 17:18:38,Информер ВК. Показ
8032,2021-03-28 01:10:28,Включение интернета на 20 минут
8032,2021-04-13 22:06:29,Информер ВК. Показ
8032,2021-04-29 09:41:54,Информер ВК. Показ
37231,2021-03-08 22:53:49,Включение интернета на 20 минут
37231,2021-03-08 22:54:01,Гарантированный платеж за деньги
37231,2021-04-02 07:34:13,Включение интернета на 20 минут
37231,2021-04-04 13:14:47,Гарантированный платеж за деньги
37231,2021-04-07 14:05:25,Включение интернета на 20 минут
37231,2021-04-23 16:04:45,Гарантированный платеж за деньги
37231,2021-04-28 17:20:56,Гарантированный платеж за деньги
31087,2021-04-03 16:12:31,Информер ВК. Показ
31087,2021-04-03 16:12:32,Информер ВК. Показ
31087,2021-04-06 20:15:55,Информер ВК. Показ
40036,2021-03-08 11:00:25,Информер ВК. Показ
40036,2021-03-08 11:00:36,Включение интернета на 20 минут
40036,2021-03-10 17:39:35,Информер ВК. Показ
40036,2021-03-10 17:39:46,Включение интернета на 20 минут
40036,2021-03-13 12:47:06,Включение интернета на 20 минут
40036,2021-03-16 10:32:14,Включение интернета на 20 минут
40036,2021-03-17 20:52:36,Включение интернета на 20 минут
40036,2021-03-18 22:43:36,Включение интернета на 20 минут
40036,2021-04-11 14:18:55,Включение интернета на 20 минут
40036,2021-04-16 10:10:05,Информер ВК. Показ
40036,2021-04-16 10:10:11,Включение интернета на 20 минут
40036,2021-04-17 22:14:59,Информер ВК. Показ
40036,2021-04-17 22:15:05,Включение интернета на 20 минут
40036,2021-04-20 20:03:00,Включение интернета на 20 минут
40036,2021-04-29 18:40:14,Включение интернета на 20 минут
15058,2021-03-02 20:27:45,Включение интернета на 20 минут
15058,2021-03-28 20:22:06,Включение интернета на 20 минут
15058,2021-04-04 10:49:30,Включение интернета на 20 минут
15058,2021-04-12 22:33:14,Включение интернета на 20 минут
15058,2021-04-25 10:54:10,Включение интернета на 20 минут
43005,2021-03-07 22:57:20,Включение интернета на 20 минут
43005,2021-03-09 21:31:34,Включение интернета на 20 минут
43005,2021-03-14 18:09:53,Включение интернета на 20 минут
43005,2021-03-14 18:09:54,Включение интернета на 20 минут
43005,2021-04-07 20:02:00,Включение интернета на 20 минут
43005,2021-04-24 05:02:43,Информер ВК. Показ
39515,2021-03-13 08:34:34,Включение интернета на 20 минут
32936,2021-03-26 17:11:36,Включение интернета на 20 минут
7894,2021-03-11 17:47:09,Информер ВК. Показ
7894,2021-04-08 21:16:19,Информер ВК. Показ
7894,2021-04-10 19:43:37,Информер ВК. Показ
41125,2021-04-28 22:52:16,Информер ВК. Показ
41125,2021-04-28 22:53:30,Информер ВК. Показ
41125,2021-04-28 22:53:51,Информер ВК. Показ
40299,2021-03-16 17:52:23,Информер ВК. Показ
40299,2021-03-16 17:52:44,Информер ВК. Показ
40299,2021-03-16 17:53:26,Смена тарифа
40299,2021-04-06 12:56:38,Информер ВК. Показ
8955,2021-03-09 11:30:04,Информер ВК. Показ
8955,2021-03-09 11:33:47,Информер ВК. Показ
8955,2021-04-07 13:28:32,Информер ВК. Показ
31203,2021-03-21 19:02:23,Информер ВК. Показ
31203,2021-04-01 13:06:31,Включение интернета на 20 минут
31203,2021-04-01 13:10:14,Информер ВК. Показ
31203,2021-04-01 13:14:04,Информер ВК. Показ
31203,2021-04-25 18:05:41,Информер ВК. Показ
8102,2021-03-15 20:29:39,Включение интернета на 20 минут
8102,2021-04-15 20:47:19,Включение интернета на 20 минут
10887,2021-03-09 17:17:12,Включение интернета на 20 минут
10887,2021-03-12 15:35:26,Информер ВК. Показ
10887,2021-03-12 15:36:24,Информер ВК. Показ
10887,2021-03-12 15:40:57,Просмотр раздела Тайный покупатель
10887,2021-03-16 21:27:21,Информер ВК. Показ
10887,2021-03-17 18:08:08,Включение интернета на 20 минут
39099,2021-04-24 21:33:13,Информер ВК. Показ
39099,2021-04-24 21:39:38,Информер ВК. Показ
39099,2021-04-26 12:17:05,Информер ВК. Показ
43029,2021-03-02 20:27:20,Включение интернета на 20 минут с IVR
43029,2021-03-11 16:50:31,Включение интернета на 20 минут с IVR
43029,2021-03-17 20:50:03,Включение интернета на 20 минут с IVR
43029,2021-03-18 21:48:41,Включение интернета на 20 минут с IVR
43029,2021-03-31 22:14:10,Включение интернета на 20 минут с IVR
43029,2021-04-17 18:55:16,Гарантированный платеж за деньги
43029,2021-04-23 20:16:21,Гарантированный платеж за деньги
28044,2021-04-10 08:43:48,Изменение пакета HD. Закрытие лендинг-информера
43033,2021-04-01 21:09:02,Гарантированный платеж за деньги
43033,2021-04-08 21:31:50,Гарантированный платеж за деньги
43033,2021-04-20 23:45:25,Гарантированный платеж за деньги
43038,2021-04-07 14:47:08,Включение интернета на 20 минут
43038,2021-04-07 14:47:09,Включение интернета на 20 минут
43038,2021-04-15 17:21:03,Включение интернета на 20 минут
7805,2021-03-25 19:18:38,Информер ВК. Показ
7805,2021-04-07 11:41:20,Информер ВК. Показ
7805,2021-04-07 11:44:25,Информер ВК. Показ
7805,2021-04-07 12:48:35,Смена пароля
7805,2021-04-07 13:13:40,Смена пароля
7805,2021-04-25 19:33:13,Включение интернета на 20 минут
30555,2021-03-08 14:18:47,Включение интернета на 20 минут
30555,2021-03-08 14:22:16,Информер ВК. Показ
30555,2021-03-08 14:22:52,Гарантированный платеж за деньги
30555,2021-03-08 14:23:06,Информер ВК. Показ
30555,2021-04-08 14:36:00,Включение интернета на 20 минут
30555,2021-04-08 14:36:01,Включение интернета на 20 минут
8779,2021-03-22 19:54:01,Информер ВК. Показ
8779,2021-04-27 22:09:02,Информер ВК. Показ
8779,2021-04-27 22:41:56,Информер ВК. Показ
13005,2021-03-09 20:17:41,Информер ВК. Показ
13005,2021-03-11 09:42:58,Информер ВК. Показ
13005,2021-03-19 06:35:16,Включение интернета на 20 минут
13005,2021-03-29 18:59:34,Включение интернета на 20 минут
13005,2021-03-29 18:59:35,Включение интернета на 20 минут
13005,2021-04-01 09:04:40,Информер ВК. Показ
13005,2021-04-01 09:04:49,Включение интернета на 20 минут
13005,2021-04-11 11:13:36,Включение интернета на 20 минут
41373,2021-03-17 20:24:24,Принято заявление и доп. соглашение по переезду
41373,2021-03-17 20:24:28,Информер ВК. Показ
41373,2021-03-17 20:57:40,Информер ВК. Показ
41373,2021-04-22 00:29:16,Информер ВК. Показ
41373,2021-04-22 00:32:57,Информер ВК. Показ
39170,2021-03-11 15:53:00,Информер ВК. Показ
39170,2021-04-01 12:03:31,Информер ВК. Показ
39170,2021-04-01 12:03:59,Турбокнопка платно (1 сутки)
39170,2021-04-06 17:10:18,Информер ВК. Показ
11950,2021-04-10 20:54:55,Показ информатора об изменении уведомлений через ВК платформу
35823,2021-04-09 21:42:57,Информер ВК. Показ
35823,2021-04-09 21:45:17,Информер ВК. Показ
35823,2021-04-09 21:46:06,Информер ВК. Показ
11811,2021-04-15 13:31:00,Информер ВК. Показ
11811,2021-04-15 13:32:51,Информер ВК. Показ
11811,2021-04-15 13:33:21,Выключение IPTV-пакета
11811,2021-04-15 13:33:42,Информер ВК. Показ
13743,2021-03-24 16:43:28,Информер ВК. Показ
13743,2021-03-24 16:46:18,Информер ВК. Показ
13743,2021-03-24 16:47:18,Просмотр раздела Тайный покупатель
13743,2021-04-24 16:17:45,Информер ВК. Показ
13791,2021-03-03 19:36:58,Информер ВК. Показ
13791,2021-03-09 23:15:37,Информер ВК. Показ
13791,2021-03-27 06:37:18,Информер ВК. Показ
13791,2021-04-09 22:34:46,Информер ВК. Показ
13791,2021-04-21 22:12:07,Информер ВК. Показ
8187,2021-03-28 18:16:01,Включение интернета на 20 минут
8187,2021-03-28 18:20:08,Информер ВК. Показ
8187,2021-03-28 21:35:51,Информер ВК. Показ
9663,2021-03-09 19:54:11,Информер ВК. Показ
9663,2021-03-27 13:32:53,Информер ВК. Показ
9663,2021-04-12 23:04:42,Информер ВК. Показ
9663,2021-04-25 01:26:53,Информер ВК. Показ
8567,2021-03-01 18:48:46,Принято заявление и доп. соглашение по переезду
8567,2021-03-01 18:48:49,Информер ВК. Показ
8567,2021-03-01 18:49:31,Информер ВК. Показ
8567,2021-03-01 18:50:30,Информер ВК. Показ
8567,2021-03-06 23:05:43,Просмотр раздела Тайный покупатель
8567,2021-04-05 22:24:08,Информер ВК. Показ
8567,2021-04-05 22:24:58,Информер ВК. Показ
8567,2021-04-05 22:25:29,Смена пароля
8567,2021-04-05 22:25:40,Информер ВК. Показ
9763,2021-03-27 11:01:28,Включение интернета на 20 минут с IVR
41335,2021-03-03 16:07:18,Показ информатора об изменении уведомлений через ВК платформу
41335,2021-03-09 20:41:31,Показ информатора об изменении уведомлений через ВК платформу
41335,2021-03-18 16:41:17,Турбокнопка бесплатно
41335,2021-03-20 17:42:40,Показ информатора об изменении уведомлений через ВК платформу
41335,2021-03-20 17:42:47,Турбокнопка бесплатно
41335,2021-04-09 21:02:26,Показ информатора об изменении уведомлений через ВК платформу
41335,2021-04-09 21:04:12,Показ информатора об изменении уведомлений через ВК платформу
41335,2021-04-13 14:18:32,Турбокнопка бесплатно
41335,2021-04-17 22:06:51,Бонус-скорость
41335,2021-04-24 21:39:48,Показ информатора об изменении уведомлений через ВК платформу
42547,2021-03-05 00:22:16,Включение интернета на 20 минут
42547,2021-04-02 00:05:25,Включение интернета на 20 минут
39579,2021-03-01 21:36:56,Информер ВК. Показ
39579,2021-03-01 21:37:30,Включение автоматической активации ГП
39579,2021-03-24 19:32:42,Информер ВК. Показ
39579,2021-03-24 19:32:54,Информер ВК. Показ
39579,2021-03-24 19:33:04,Включение автоматической активации ГП
39579,2021-04-07 10:37:44,Информер ВК. Показ
39579,2021-04-09 21:04:33,Гарантированный платеж за деньги
39579,2021-04-09 21:05:49,Абонент оставил отзыв в Личном кабинете
41190,2021-03-03 19:14:10,Включение интернета на 20 минут
41190,2021-03-04 20:39:01,Включение интернета на 20 минут
41190,2021-03-06 23:09:36,Включение интернета на 20 минут
41190,2021-03-08 20:20:59,Включение интернета на 20 минут
41190,2021-03-13 07:08:30,Включение интернета на 20 минут
41190,2021-03-13 07:08:31,Включение интернета на 20 минут
41190,2021-03-14 19:42:06,Включение интернета на 20 минут
41190,2021-03-15 20:21:33,Включение интернета на 20 минут
41190,2021-03-17 10:09:52,Включение интернета на 20 минут
41190,2021-03-18 16:30:43,Включение интернета на 20 минут
41190,2021-03-20 00:36:42,Включение интернета на 20 минут
41190,2021-03-21 01:30:21,Включение интернета на 20 минут
41190,2021-03-22 08:16:32,Включение интернета на 20 минут
41190,2021-03-27 19:30:05,Включение интернета на 20 минут
41190,2021-04-01 19:23:26,Включение интернета на 20 минут
41190,2021-04-04 11:26:16,Включение интернета на 20 минут
41190,2021-04-08 08:03:57,Включение интернета на 20 минут
41190,2021-04-09 19:58:25,Включение интернета на 20 минут
41190,2021-04-13 08:32:15,Включение интернета на 20 минут
41190,2021-04-13 09:29:03,Включение интернета на 20 минут с IVR
41190,2021-04-18 20:54:16,Включение интернета на 20 минут
41190,2021-04-24 21:24:47,Включение интернета на 20 минут
41981,2021-03-02 00:50:13,Включение интернета на 20 минут
41981,2021-03-18 19:12:34,Информер ВК. Показ
41981,2021-03-18 19:12:36,Информер ВК. Показ
41981,2021-03-21 09:47:10,Включение интернета на 20 минут
41981,2021-03-30 07:46:53,Информер ВК. Показ
41981,2021-04-21 14:44:11,Информер ВК. Показ
41981,2021-04-24 10:59:17,Информер ВК. Показ
41981,2021-04-24 10:59:49,Гарантированный платеж за деньги
42059,2021-03-01 15:20:21,Гарантированный платеж за деньги
42059,2021-03-05 18:56:16,Гарантированный платеж за деньги
42059,2021-03-09 13:06:30,Гарантированный платеж за деньги
42059,2021-04-12 13:22:43,Гарантированный платеж за деньги
42059,2021-04-15 15:34:51,Гарантированный платеж за деньги
41816,2021-03-21 22:51:54,Информер ВК. Показ
41816,2021-03-21 22:52:23,Включение интернета на 20 минут
42139,2021-04-01 13:03:26,Включение IPTV-пакета
12040,2021-03-07 20:48:40,Информер ВК. Показ
12040,2021-03-07 20:49:31,Информер ВК. Показ
8667,2021-03-21 15:41:01,Информер ВК. Показ
10351,2021-03-03 01:28:32,Информер ВК. Показ
10351,2021-03-03 01:29:20,Информер ВК. Показ
10351,2021-04-16 15:10:32,Информер ВК. Показ
10351,2021-04-16 15:10:39,Турбокнопка бесплатно
10351,2021-04-16 15:11:08,Информер ВК. Показ
10351,2021-04-16 15:11:23,Информер ВК. Показ
10351,2021-04-27 18:17:10,Турбокнопка бесплатно
28354,2021-04-02 12:50:26,Включение интернета на 20 минут
41905,2021-03-01 10:53:25,Информер ВК. Показ
41905,2021-03-01 10:53:58,Информер ВК. Показ
41905,2021-03-08 22:28:58,Включение интернета на 20 минут
36626,2021-03-23 19:23:32,Информер ВК. Показ
36626,2021-03-31 13:49:19,Информер ВК. Показ
36626,2021-04-19 14:05:17,Информер ВК. Показ
12011,2021-03-26 08:41:33,Информер ВК. Показ
12011,2021-04-13 11:29:19,Информер ВК. Показ
8242,2021-03-29 16:53:14,Информер ВК. Показ
41584,2021-03-17 21:07:06,Информер ВК. Показ
41584,2021-04-08 22:16:12,Информер ВК. Показ
8303,2021-04-03 18:41:12,Информер ВК. Показ
8303,2021-04-03 18:41:46,Информер ВК. Показ
8303,2021-04-19 19:34:25,Информер ВК. Показ
15023,2021-03-29 21:52:47,Информер ВК. Показ
15023,2021-03-29 21:54:03,Информер ВК. Показ
15023,2021-04-20 00:08:22,Информер ВК. Показ
15023,2021-04-20 00:08:25,Информер ВК. Показ
15023,2021-04-20 00:08:26,Информер ВК. Показ
11023,2021-03-05 15:17:22,Информер ВК. Показ
11023,2021-03-06 20:30:16,Информер ВК. Показ
11023,2021-03-14 18:58:48,Информер ВК. Показ
11023,2021-04-10 09:58:44,Информер ВК. Показ
11023,2021-04-10 23:07:49,Информер ВК. Показ
11023,2021-04-18 21:57:13,Информер ВК. Показ
41110,2021-03-02 17:54:35,Включение интернета на 20 минут
12037,2021-03-10 20:16:34,Информер ВК. Показ
12037,2021-04-06 20:32:51,Информер ВК. Показ
12037,2021-04-06 20:34:29,Информер ВК. Показ
12037,2021-04-06 20:35:58,Просмотр раздела Тайный покупатель
42631,2021-03-27 15:50:51,Информер ВК. Показ
42631,2021-03-27 15:51:26,Информер ВК. Показ
42631,2021-03-27 15:52:25,Информер ВК. Показ
42631,2021-03-27 17:28:28,Просмотр раздела Тайный покупатель
13224,2021-03-20 06:54:57,Информер ВК. Показ
13224,2021-03-20 06:55:57,Информер ВК. Показ
13224,2021-03-20 06:57:06,Информер ВК. Показ
13224,2021-04-09 22:40:11,Гарантированный платеж за деньги
13224,2021-04-09 22:42:00,Включение интернета на 20 минут
13224,2021-04-13 05:58:11,Включение интернета на 20 минут
13224,2021-04-22 21:53:06,Информер ВК. Показ
13224,2021-04-23 06:14:23,Информер ВК. Показ
8525,2021-03-12 20:32:09,Информер ВК. Показ
8525,2021-03-12 20:32:57,Гарантированный платеж за деньги
8525,2021-03-17 10:50:33,Гарантированный платеж за деньги
8525,2021-03-21 20:15:03,Просмотр раздела Тайный покупатель
8525,2021-03-22 13:06:53,Гарантированный платеж за деньги
8525,2021-03-29 13:16:33,Информер ВК. Показ
8525,2021-04-01 13:31:45,Информер ВК. Показ
8525,2021-04-14 11:18:04,Информер ВК. Показ
8077,2021-03-22 22:32:52,Получение подарка в ЛК: 1 месяц бесплатного просмотра IPTV
8077,2021-03-22 22:33:01,Получение подарка в ЛК: сутки интернета на максимальной скорости
8077,2021-03-22 22:33:22,Информер ВК. Показ
33458,2021-03-19 19:45:58,Информер ВК. Показ
8170,2021-03-02 16:46:54,Информер ВК. Показ
8170,2021-03-02 17:17:47,Информер ВК. Показ
8170,2021-03-02 17:36:06,Информер ВК. Показ
8170,2021-04-06 12:56:24,Информер ВК. Показ
42642,2021-03-08 17:36:40,Просмотр раздела Тайный покупатель
42642,2021-03-08 17:40:58,Включение IPTV-пакета
42642,2021-03-17 18:21:01,Информер ВК. Показ
42642,2021-03-17 18:21:29,Выключение IPTV-пакета
42642,2021-03-17 18:21:39,Информер ВК. Показ
42642,2021-03-17 18:22:21,Выключение IPTV-пакета
42642,2021-03-17 18:27:07,Включение IPTV-пакета
42642,2021-03-17 18:28:18,Выключение IPTV-пакета
42642,2021-03-17 22:32:37,Включение IPTV-пакета
42642,2021-04-04 18:57:41,Включение IPTV-пакета
42642,2021-04-12 21:48:50,Информер ВК. Показ
42642,2021-04-12 21:49:07,Выключение IPTV-пакета
42642,2021-04-16 20:12:06,Выключение IPTV-пакета
11175,2021-04-13 11:42:49,Включение интернета на 20 минут
8403,2021-03-27 16:41:17,Гарантированный платеж за деньги
8403,2021-03-31 13:47:16,Включение интернета на 20 минут
30663,2021-03-03 23:36:46,Информер ВК. Показ
30663,2021-03-03 23:40:03,Информер ВК. Показ
30663,2021-03-05 00:05:10,Информер ВК. Показ
30663,2021-03-05 00:06:07,Просмотр раздела Тайный покупатель
30663,2021-04-04 05:50:58,Информер ВК. Показ
30663,2021-04-04 05:55:21,Информер ВК. Показ
30663,2021-04-11 11:49:29,Информер ВК. Показ
31060,2021-03-11 21:24:29,Гарантированный платеж за деньги
31060,2021-03-14 18:07:44,Информер ВК. Показ
31060,2021-04-14 22:10:31,Включение интернета на 20 минут
31060,2021-04-14 22:10:32,Включение интернета на 20 минут
14595,2021-03-02 20:05:08,Информер ВК. Показ
14595,2021-03-02 20:08:41,Информер ВК. Показ
14595,2021-03-02 20:16:09,Гарантированный платеж за деньги
14595,2021-03-08 15:32:16,Турбокнопка бесплатно
14595,2021-03-09 12:51:00,Турбокнопка бесплатно
14595,2021-03-19 18:52:03,Турбокнопка бесплатно
11482,2021-03-28 09:47:23,Информер ВК. Показ
41643,2021-03-20 09:30:41,Включение IPTV-пакета
41643,2021-03-21 18:01:37,Информер ВК. Показ
11101,2021-03-08 12:06:11,Включение интернета на 20 минут
11101,2021-03-22 00:35:15,Информер ВК. Показ
11101,2021-04-08 13:43:01,Информер ВК. Показ
11101,2021-04-08 19:27:56,Информер ВК. Показ
43083,2021-03-11 12:16:40,Информер ВК. Показ
43083,2021-03-19 15:51:12,Информер ВК. Показ
43083,2021-04-05 15:09:38,Информер ВК. Показ
43083,2021-04-15 14:24:55,Информер ВК. Показ
7914,2021-03-01 18:57:00,Турбокнопка бесплатно
7914,2021-03-02 13:20:44,Турбокнопка бесплатно
7914,2021-03-02 15:02:08,Турбокнопка платно (1 сутки)
7914,2021-03-05 15:14:26,Турбокнопка бесплатно
7914,2021-03-07 03:19:48,Турбокнопка бесплатно
7914,2021-03-10 10:54:03,Информер ВК. Показ
7914,2021-03-10 10:54:14,Турбокнопка бесплатно
7914,2021-03-17 12:37:12,Информер ВК. Показ
7914,2021-03-17 12:37:35,Турбокнопка бесплатно
7914,2021-04-10 20:50:17,Информер ВК. Показ
7914,2021-04-24 00:47:37,Информер ВК. Показ
7914,2021-04-24 00:47:55,Турбокнопка бесплатно
43086,2021-03-16 18:23:03,Информер ВК. Показ
43086,2021-04-01 11:37:17,Информер ВК. Показ
43086,2021-04-12 18:10:50,Информер ВК. Показ
43086,2021-04-12 18:12:15,Включение интернета на 20 минут
43086,2021-04-12 18:12:34,Гарантированный платеж за деньги
11206,2021-03-09 19:58:52,Включение интернета на 20 минут
11206,2021-04-09 23:41:30,Включение интернета на 20 минут
13439,2021-03-15 17:32:07,Информер ВК. Показ
13439,2021-04-15 21:55:16,Информер ВК. Показ
41445,2021-03-03 18:54:47,Информер ВК. Показ
41445,2021-04-09 20:37:22,Информер ВК. Показ
41445,2021-04-09 20:37:36,Включение интернета на 20 минут
43105,2021-03-31 18:28:06,Информер ВК. Показ
28004,2021-03-14 17:42:36,Включение интернета на 20 минут
28004,2021-04-14 18:34:36,Включение интернета на 20 минут
28004,2021-04-14 18:34:37,Включение интернета на 20 минут
27777,2021-04-02 21:50:37,Информер ВК. Показ
11622,2021-04-05 16:14:14,Информер ВК. Показ
11622,2021-04-05 16:14:54,Информер ВК. Показ
11622,2021-04-06 15:48:51,Информер ВК. Показ
29356,2021-03-07 19:21:11,Информер ВК. Показ
29356,2021-03-08 19:08:38,Информер ВК. Показ
29356,2021-03-10 19:25:46,Информер ВК. Показ
29356,2021-04-11 18:54:33,Информер ВК. Показ
29356,2021-04-11 18:57:47,Информер ВК. Показ
29356,2021-04-11 19:02:26,Информер ВК. Показ
9446,2021-03-06 12:16:42,Информер ВК. Показ
9446,2021-03-06 12:18:01,Информер ВК. Показ
9446,2021-03-06 16:10:47,Информер ВК. Показ
12032,2021-04-16 07:33:01,Включение интернета на 20 минут
12683,2021-04-25 19:14:47,Информер ВК. Показ
43118,2021-03-26 20:51:23,Включение интернета на 20 минут
43118,2021-03-26 20:51:24,Включение интернета на 20 минут
43119,2021-03-05 11:06:56,Включение интернета на 20 минут
43119,2021-03-05 11:34:01,Информер ВК. Показ
43119,2021-03-20 16:46:40,Информер ВК. Показ
43119,2021-03-20 16:46:48,Включение интернета на 20 минут
43119,2021-03-24 15:33:46,Информер ВК. Показ
43119,2021-03-28 17:06:22,Включение интернета на 20 минут
43119,2021-04-01 13:04:03,Включение интернета на 20 минут
43119,2021-04-13 19:06:45,Информер ВК. Показ
42053,2021-03-09 01:01:41,Информер ВК. Показ
42053,2021-03-17 15:20:07,Информер ВК. Показ
42053,2021-03-26 19:54:16,Информер ВК. Показ
42053,2021-04-10 09:17:28,Информер ВК. Показ
42053,2021-04-20 17:07:19,Информер ВК. Показ
33308,2021-04-28 11:56:36,Включение интернета на 20 минут
33308,2021-04-28 11:57:31,Информер ВК. Показ
14365,2021-04-14 19:02:24,Информер ВК. Показ
14365,2021-04-14 19:04:42,Информер ВК. Показ
14365,2021-04-14 19:06:56,Включение интернета на 20 минут
28967,2021-04-21 23:37:08,Информер ВК. Показ
28967,2021-04-21 23:37:32,Информер ВК. Показ
43127,2021-04-09 20:51:33,Получение подарка в ЛК: 1 месяц бесплатного просмотра IPTV
43127,2021-04-09 20:51:34,Получение подарка в ЛК: сутки интернета на максимальной скорости
43127,2021-04-09 20:51:35,Информер ВК. Показ
43127,2021-04-09 21:05:01,Информер ВК. Показ
43127,2021-04-09 21:05:50,Просмотр раздела Тайный покупатель
42087,2021-03-27 01:31:57,Смена пароля
42087,2021-03-27 01:32:10,Информер ВК. Показ
42087,2021-03-27 01:33:57,Информер ВК. Показ
42087,2021-03-27 03:36:54,Информер ВК. Показ
42087,2021-03-27 03:37:06,Абонент оставил отзыв в Личном кабинете
42087,2021-03-27 03:39:14,Просмотр раздела Тайный покупатель
42087,2021-03-27 14:12:34,Получение подарка в ЛК: 1 месяц бесплатного просмотра IPTV
42087,2021-03-27 14:12:44,Получение подарка в ЛК: сутки интернета на максимальной скорости
12158,2021-03-12 21:03:19,Гарантированный платеж за деньги
12158,2021-03-16 09:35:58,Включение интернета на 20 минут с IVR
9179,2021-03-24 06:49:05,Информер ВК. Показ
9179,2021-03-28 14:01:39,Информер ВК. Показ
9179,2021-04-11 08:06:12,Информер ВК. Показ
9179,2021-04-26 22:27:09,Информер ВК. Показ
9179,2021-04-27 00:48:33,Турбокнопка бесплатно
43129,2021-03-15 19:08:14,Информер ВК. Показ
43129,2021-03-26 09:41:35,Информер ВК. Показ
43129,2021-04-26 09:19:18,Информер ВК. Показ
43129,2021-04-29 11:36:25,Информер ВК. Показ
15094,2021-03-21 12:48:56,Информер ВК. Показ
15094,2021-03-21 12:49:06,Включение интернета на 20 минут
15094,2021-04-24 21:24:36,Информер ВК. Показ
15094,2021-04-24 21:24:59,Включение интернета на 20 минут
28277,2021-03-13 10:53:21,Информер ВК. Показ
28277,2021-03-17 21:59:46,Информер ВК. Показ
28277,2021-03-17 22:01:26,Информер ВК. Показ
28277,2021-04-17 23:05:32,Информер ВК. Показ
28277,2021-04-17 23:07:35,Информер ВК. Показ
28277,2021-04-24 22:09:46,Информер ВК. Показ
43139,2021-03-20 19:10:04,Информер ВК. Показ
43139,2021-03-20 19:10:36,Информер ВК. Показ
43139,2021-03-20 19:11:15,Информер ВК. Показ
8945,2021-03-02 18:38:09,Информер ВК. Показ
8945,2021-03-02 18:38:26,Информер ВК. Показ
8945,2021-04-03 02:29:02,Информер ВК. Показ
8945,2021-04-03 02:31:54,Информер ВК. Показ
8945,2021-04-03 02:33:41,Информер ВК. Показ
8945,2021-04-29 01:21:32,Получение подарка в ЛК: 1 месяц бесплатного просмотра IPTV
8945,2021-04-29 01:21:47,Получение подарка в ЛК: сутки интернета на максимальной скорости
31072,2021-03-09 17:50:32,Гарантированный платеж за деньги
31072,2021-03-15 20:58:00,Гарантированный платеж за деньги
31072,2021-04-12 17:39:19,Гарантированный платеж за деньги
31072,2021-04-12 17:39:32,Информер ВК. Показ
43144,2021-03-05 09:44:50,Информер ВК. Показ
43144,2021-03-15 08:53:47,Информер ВК. Показ
43144,2021-03-15 11:24:52,Информер ВК. Показ
9413,2021-04-20 13:59:47,Информер ВК. Показ
9413,2021-04-20 14:00:09,Информер ВК. Показ
9413,2021-04-25 03:48:20,Информер ВК. Показ
9413,2021-04-25 03:49:07,Бонус-скорость
10146,2021-03-03 13:22:50,Информер ВК. Показ
10146,2021-03-03 13:23:05,Включение интернета на 20 минут
10146,2021-03-03 13:24:35,Информер ВК. Показ
10146,2021-03-03 13:25:22,Информер ВК. Показ
10146,2021-04-06 08:52:40,Включение интернета на 20 минут
10146,2021-04-06 08:54:00,Информер ВК. Показ
43154,2021-03-08 20:53:54,Информер ВК. Показ
43154,2021-04-17 12:05:41,Информер ВК. Показ
43156,2021-04-10 00:47:22,Показ информатора об изменении уведомлений через ВК платформу
43156,2021-04-18 22:28:22,Показ информатора об изменении уведомлений через ВК платформу
43156,2021-04-18 22:32:38,Показ информатора об изменении уведомлений через ВК платформу
43159,2021-03-30 22:12:58,Информер ВК. Показ
43159,2021-03-30 22:13:53,Информер ВК. Показ
43165,2021-03-23 01:12:32,Информер ВК. Показ
43165,2021-03-23 17:31:26,Информер ВК. Показ
43165,2021-04-22 13:47:02,Информер ВК. Показ
43165,2021-04-22 13:47:35,Гарантированный платеж за деньги
43165,2021-04-24 15:20:20,Информер ВК. Показ
43165,2021-04-24 15:20:31,Информер ВК. Показ
42054,2021-03-06 19:04:04,Информер ВК. Показ
32028,2021-03-18 06:34:47,Информер ВК. Показ
32028,2021-03-18 06:35:35,Информер ВК. Показ
32028,2021-03-18 06:35:57,Информер ВК. Показ
32028,2021-04-18 21:31:28,Включение интернета на 20 минут
43174,2021-03-08 10:38:07,Включение интернета на 20 минут
43180,2021-03-02 22:37:46,Гарантированный платеж за деньги
43180,2021-03-19 14:13:29,Гарантированный платеж за деньги
43180,2021-03-27 18:31:13,Информер ВК. Показ
43180,2021-04-01 19:00:06,Гарантированный платеж за деньги
43180,2021-04-07 02:01:57,Гарантированный платеж за деньги
43180,2021-04-12 05:11:39,Гарантированный платеж за деньги
43180,2021-04-18 21:04:32,Гарантированный платеж за деньги
43180,2021-04-23 00:56:12,Гарантированный платеж за деньги
43180,2021-04-28 18:58:38,Гарантированный платеж за деньги
11301,2021-04-08 19:46:44,Информер ВК. Показ
11301,2021-04-08 19:48:26,Информер ВК. Показ
15033,2021-03-01 16:24:56,Информер ВК. Показ
15033,2021-03-31 17:41:32,Информер ВК. Показ
12688,2021-03-26 11:26:14,Информер ВК. Показ
12688,2021-03-26 11:26:21,Информер ВК. Показ
12688,2021-03-26 11:27:15,Информер ВК. Закрытие
43193,2021-03-27 15:13:42,Получение подарка в ЛК: сутки интернета на максимальной скорости
43193,2021-03-27 15:13:44,Получение подарка в ЛК: 1 месяц бесплатного просмотра IPTV
43193,2021-03-27 15:18:13,Включение интернета на 20 минут
43193,2021-03-27 15:18:18,Информер ВК. Показ
43193,2021-04-27 17:06:00,Включение интернета на 20 минут
30500,2021-03-05 09:16:12,Информер ВК. Показ
30500,2021-03-05 11:29:55,Информер ВК. Показ
30500,2021-04-10 17:51:58,Информер ВК. Показ
30500,2021-04-10 17:53:17,Информер ВК. Показ
30500,2021-04-22 21:16:43,Информер ВК. Показ
29542,2021-03-21 21:59:12,Информер ВК. Показ
29542,2021-03-21 21:59:44,Информер ВК. Показ
29542,2021-03-21 22:00:08,Просмотр раздела Тайный покупатель
34888,2021-03-21 11:40:07,Гарантированный платеж за деньги
34888,2021-04-24 13:26:45,Гарантированный платеж за деньги
11032,2021-04-03 18:49:16,Информер ВК. Показ
40652,2021-03-04 19:12:49,Информер ВК. Показ
40652,2021-03-04 19:12:56,Информер ВК. Показ
40652,2021-03-11 13:10:44,Информер ВК. Показ
40652,2021-04-10 11:48:31,Информер ВК. Показ
40652,2021-04-10 11:49:32,Турбокнопка платно (1 час)
40652,2021-04-22 18:08:54,Информер ВК. Показ
40652,2021-04-22 18:11:06,Информер ВК. Показ
40652,2021-04-23 14:55:47,Принято заявление и доп. соглашение по переезду
43211,2021-04-15 09:53:47,Информер ВК. Показ
43211,2021-04-27 14:55:41,Информер ВК. Показ
43211,2021-04-28 16:59:28,Информер ВК. Показ
37172,2021-03-04 22:44:43,Включение интернета на 20 минут
37172,2021-03-04 22:44:44,Включение интернета на 20 минут
43215,2021-03-18 00:22:09,Включение интернета на 20 минут
43215,2021-03-18 00:22:10,Включение интернета на 20 минут
9513,2021-03-20 09:28:54,Информер ВК. Показ
9513,2021-03-20 09:29:04,Информер ВК. Показ
9513,2021-03-28 11:12:23,Информер ВК. Показ
43219,2021-03-01 14:56:59,Информер ВК. Показ
43219,2021-03-01 14:57:03,Турбокнопка бесплатно
43219,2021-03-01 15:03:32,Включение автоматической активации ГП
43219,2021-03-03 16:55:17,Турбокнопка бесплатно
43219,2021-03-07 20:03:51,Гарантированный платеж за деньги
43219,2021-03-16 21:39:19,Информер ВК. Показ
43219,2021-03-17 20:23:30,Турбокнопка платно (1 час)
43219,2021-03-18 19:41:46,Информер ВК. Показ
43219,2021-03-18 19:42:33,Турбокнопка платно (1 час)
43219,2021-03-19 18:24:08,Включение автоматической активации ГП
43219,2021-03-20 15:34:09,Турбокнопка бесплатно
43219,2021-03-22 16:35:49,Турбокнопка бесплатно
43219,2021-03-24 19:07:09,Турбокнопка бесплатно
43219,2021-03-24 20:32:28,Турбокнопка платно (1 час)
43219,2021-03-24 22:10:58,Гарантированный платеж за деньги
43219,2021-04-08 12:19:54,Информер ВК. Показ
43219,2021-04-08 12:20:01,Турбокнопка бесплатно
43219,2021-04-08 20:55:45,Турбокнопка платно (1 час)
43219,2021-04-08 22:55:51,Включение автоматической активации ГП
43219,2021-04-09 16:00:48,Турбокнопка бесплатно
43219,2021-04-10 18:56:41,Гарантированный платеж за деньги
43219,2021-04-13 12:36:03,Турбокнопка бесплатно
43219,2021-04-15 21:14:14,Включение автоматической активации ГП
43219,2021-04-15 22:26:29,Турбокнопка платно (1 час)
43219,2021-04-16 18:08:14,Отключение автоматической активации ГП
43219,2021-04-16 18:09:22,Включение автоматической активации ГП
43219,2021-04-17 21:15:11,Информер ВК. Показ
43219,2021-04-19 20:43:28,Информер ВК. Показ
43219,2021-04-20 15:26:14,Турбокнопка бесплатно
43219,2021-04-24 12:26:41,Турбокнопка бесплатно
11099,2021-03-04 01:43:09,Информер ВК. Показ
11099,2021-03-29 22:20:36,Информер ВК. Показ
11099,2021-04-16 20:04:31,Виртуальное бессмертие. Использование
11099,2021-04-16 21:19:08,Виртуальное бессмертие. Использование
11099,2021-04-16 22:30:05,Виртуальное бессмертие. Использование
11099,2021-04-16 23:46:43,Виртуальное бессмертие. Использование
11099,2021-04-17 05:32:47,Виртуальное бессмертие. Использование
11099,2021-04-17 08:31:51,Виртуальное бессмертие. Использование
11099,2021-04-17 09:38:08,Виртуальное бессмертие. Использование
11099,2021-04-17 11:00:07,Виртуальное бессмертие. Использование
11099,2021-04-17 12:11:33,Виртуальное бессмертие. Использование
11099,2021-04-17 13:31:16,Виртуальное бессмертие. Использование
11099,2021-04-17 14:49:15,Виртуальное бессмертие. Использование
11099,2021-04-17 15:54:32,Виртуальное бессмертие. Использование
11099,2021-04-17 17:00:19,Виртуальное бессмертие. Использование
11099,2021-04-17 18:19:34,Виртуальное бессмертие. Использование
11099,2021-04-17 19:49:16,Виртуальное бессмертие. Использование
11099,2021-04-17 21:01:38,Виртуальное бессмертие. Использование
11099,2021-04-17 22:18:13,Виртуальное бессмертие. Использование
11099,2021-04-18 08:58:32,Виртуальное бессмертие. Использование
11099,2021-04-18 10:02:00,Виртуальное бессмертие. Использование
11099,2021-04-18 12:01:47,Виртуальное бессмертие. Использование
11099,2021-04-18 13:53:53,Виртуальное бессмертие. Использование
11099,2021-04-18 14:55:20,Виртуальное бессмертие. Использование
11099,2021-04-18 16:00:43,Виртуальное бессмертие. Использование
11099,2021-04-18 17:01:28,Виртуальное бессмертие. Использование
11099,2021-04-18 18:02:47,Виртуальное бессмертие. Использование
11099,2021-04-18 19:07:33,Виртуальное бессмертие. Использование
11099,2021-04-18 20:11:30,Виртуальное бессмертие. Использование
11099,2021-04-18 21:17:27,Виртуальное бессмертие. Использование
11099,2021-04-18 22:20:13,Виртуальное бессмертие. Использование
11099,2021-04-18 23:21:24,Виртуальное бессмертие. Использование
11099,2021-04-19 00:35:20,Виртуальное бессмертие. Использование
11099,2021-04-19 02:07:58,Виртуальное бессмертие. Использование
11099,2021-04-19 07:49:37,Виртуальное бессмертие. Использование
11099,2021-04-19 10:11:43,Виртуальное бессмертие. Использование
11099,2021-04-19 11:47:30,Виртуальное бессмертие. Использование
11099,2021-04-19 13:10:29,Виртуальное бессмертие. Использование
11099,2021-04-19 14:43:56,Виртуальное бессмертие. Использование
11099,2021-04-19 15:55:11,Виртуальное бессмертие. Использование
11099,2021-04-19 16:57:43,Виртуальное бессмертие. Использование
11099,2021-04-19 18:30:19,Виртуальное бессмертие. Использование
11099,2021-04-19 20:29:34,Виртуальное бессмертие. Использование
11099,2021-04-19 21:31:17,Виртуальное бессмертие. Использование
11099,2021-04-19 22:54:08,Виртуальное бессмертие. Использование
11099,2021-04-19 23:59:18,Виртуальное бессмертие. Использование
11099,2021-04-20 01:00:32,Виртуальное бессмертие. Использование
11099,2021-04-20 09:24:57,Виртуальное бессмертие. Использование
11099,2021-04-20 10:25:15,Виртуальное бессмертие. Использование
11099,2021-04-20 11:42:48,Виртуальное бессмертие. Использование
11099,2021-04-20 12:44:54,Виртуальное бессмертие. Использование
11099,2021-04-20 13:49:30,Виртуальное бессмертие. Использование
11099,2021-04-20 15:27:16,Виртуальное бессмертие. Использование
11099,2021-04-20 16:50:19,Виртуальное бессмертие. Использование
11099,2021-04-20 18:31:59,Виртуальное бессмертие. Использование
11099,2021-04-20 19:00:33,Информер ВК. Показ
11099,2021-04-20 19:53:00,Виртуальное бессмертие. Использование
11099,2021-04-20 21:20:45,Виртуальное бессмертие. Использование
11099,2021-04-20 22:50:00,Виртуальное бессмертие. Использование
11099,2021-04-20 23:56:18,Виртуальное бессмертие. Использование
11099,2021-04-21 00:56:53,Виртуальное бессмертие. Использование
11099,2021-04-21 09:16:32,Виртуальное бессмертие. Использование
11099,2021-04-21 10:27:12,Виртуальное бессмертие. Использование
11099,2021-04-21 12:02:55,Виртуальное бессмертие. Использование
11099,2021-04-21 13:11:25,Виртуальное бессмертие. Использование
11099,2021-04-21 14:24:53,Виртуальное бессмертие. Использование
11099,2021-04-21 15:26:14,Виртуальное бессмертие. Использование
11099,2021-04-21 16:21:26,Информер ВК. Показ
35160,2021-04-08 18:59:08,Информер ВК. Показ
35160,2021-04-08 19:00:10,Информер ВК. Показ
35160,2021-04-08 19:01:47,Информер ВК. Показ
35160,2021-04-08 19:04:45,Смена пароля
35160,2021-04-08 19:07:48,Смена пароля
30184,2021-04-05 15:59:40,Информер ВК. Показ
30184,2021-04-05 16:02:04,Информер ВК. Показ
8754,2021-04-29 19:08:44,Информер ВК. Показ
8754,2021-04-29 19:08:55,Информер ВК. Показ
8707,2021-03-29 07:05:06,Включение интернета на 20 минут
9647,2021-03-24 23:26:27,Информер ВК. Показ
9647,2021-03-25 19:05:18,Получение подарка в ЛК: 1 месяц бесплатного просмотра IPTV
9647,2021-03-25 19:07:43,Получение подарка в ЛК: сутки интернета на максимальной скорости
9647,2021-03-25 19:08:44,Информер ВК. Показ
9647,2021-03-25 19:09:45,Информер ВК. Показ
9647,2021-03-25 19:10:22,Просмотр раздела Тайный покупатель
9647,2021-04-24 18:37:54,Абонент оставил отзыв в Личном кабинете
8080,2021-03-19 13:17:34,Информер ВК. Показ
8080,2021-03-25 11:27:48,Информер ВК. Показ
8080,2021-04-08 17:46:03,Информер ВК. Показ
28361,2021-03-01 16:25:32,Включение интернета на 20 минут
8958,2021-03-08 11:23:05,Включение интернета на 20 минут
8958,2021-03-08 11:23:06,Включение интернета на 20 минут
8958,2021-04-02 23:30:00,Включение интернета на 20 минут с IVR
27935,2021-04-23 16:25:03,Информер ВК. Показ
27935,2021-04-23 16:30:56,Информер ВК. Показ
27935,2021-04-23 16:34:50,Отключение услуги Автоплатёж
27935,2021-04-23 16:39:01,Информер ВК. Показ
28334,2021-04-11 17:03:07,Информер ВК. Показ
28334,2021-04-11 17:05:15,Информер ВК. Показ
7887,2021-04-14 14:32:56,Информер ВК. Показ
7887,2021-04-14 14:33:22,Информер ВК. Показ
7887,2021-04-14 14:33:48,Гарантированный платеж за деньги
7887,2021-04-14 14:34:01,Информер ВК. Показ
28960,2021-04-29 16:15:11,Гарантированный платеж за деньги
29574,2021-03-10 11:57:24,Информер ВК. Показ
29574,2021-03-10 12:00:56,Информер ВК. Показ
29574,2021-03-10 15:05:32,Информер ВК. Показ
10744,2021-03-23 16:57:41,Информер ВК. Показ
10744,2021-03-23 16:58:16,Информер ВК. Показ
10489,2021-03-03 03:15:23,Информер ВК. Показ
10489,2021-04-24 03:05:13,Информер ВК. Показ
28760,2021-04-10 03:48:36,Информер ВК. Показ
28760,2021-04-18 19:21:44,Информер ВК. Показ
28760,2021-04-18 19:55:35,Информер ВК. Показ
7807,2021-03-17 00:27:22,Включение интернета на 20 минут
7807,2021-04-17 11:47:11,Включение интернета на 20 минут
7807,2021-04-17 11:47:12,Включение интернета на 20 минут
30197,2021-04-03 18:56:57,Информер ВК. Показ
30197,2021-04-14 11:09:10,Информер ВК. Показ
30197,2021-04-14 11:09:23,Информер ВК. Показ
29991,2021-04-12 19:47:58,Информер ВК. Показ
29991,2021-04-15 21:11:53,Информер ВК. Показ
29991,2021-04-15 21:12:57,Информер ВК. Показ
10982,2021-03-12 14:21:58,Информер ВК. Показ
10982,2021-03-12 14:54:36,Информер ВК. Показ
10982,2021-03-14 23:14:09,Гарантированный платеж за деньги
10982,2021-03-20 22:56:24,Гарантированный платеж за деньги
10982,2021-03-28 10:15:03,Информер ВК. Показ
10982,2021-04-02 19:03:47,Гарантированный платеж за деньги
10982,2021-04-08 19:51:12,Гарантированный платеж за деньги
10982,2021-04-26 20:32:52,Гарантированный платеж за деньги
10982,2021-04-28 20:59:10,Информер ВК. Показ
11475,2021-03-23 15:00:24,Информер ВК. Показ
11475,2021-04-21 09:31:15,Информер ВК. Показ
11475,2021-04-21 09:31:38,Информер ВК. Показ
7856,2021-03-27 15:39:06,Информер ВК. Показ
7856,2021-03-27 15:39:13,Турбокнопка бесплатно
10301,2021-03-06 17:52:40,Гарантированный платеж за деньги
13368,2021-04-01 23:57:49,Включение интернета на 20 минут
29587,2021-03-04 00:09:47,Включение интернета на 20 минут
29587,2021-03-04 00:09:51,Информер ВК. Показ
29587,2021-04-03 03:18:57,Информер ВК. Показ
29587,2021-04-03 03:19:37,Информер ВК. Показ
29587,2021-04-04 13:24:56,Информер ВК. Показ
29587,2021-04-05 15:34:39,Включение интернета на 20 минут с IVR
8363,2021-03-20 10:33:30,Информер ВК. Показ
8363,2021-04-10 20:17:53,Информер ВК. Показ
8363,2021-04-10 20:18:36,Информер ВК. Показ
32108,2021-03-02 14:40:35,Включение интернета на 20 минут
32108,2021-03-03 17:07:43,Включение интернета на 20 минут
32108,2021-03-08 14:48:55,Включение интернета на 20 минут
32108,2021-03-09 15:50:46,Включение интернета на 20 минут
32108,2021-03-11 14:19:05,Включение интернета на 20 минут
32108,2021-03-12 17:27:43,Включение интернета на 20 минут
32108,2021-03-14 13:42:34,Включение интернета на 20 минут
32108,2021-03-15 14:48:41,Включение интернета на 20 минут
32108,2021-03-17 14:42:20,Включение интернета на 20 минут
32108,2021-03-18 17:22:11,Включение интернета на 20 минут
32108,2021-03-20 14:34:58,Включение интернета на 20 минут
32108,2021-03-21 19:06:11,Включение интернета на 20 минут
32108,2021-04-01 14:39:41,Включение интернета на 20 минут
32108,2021-04-02 18:38:00,Включение интернета на 20 минут
32108,2021-04-04 10:32:12,Включение интернета на 20 минут
32108,2021-04-05 17:34:26,Включение интернета на 20 минут
32108,2021-04-07 13:25:54,Включение интернета на 20 минут
32108,2021-04-08 15:41:16,Включение интернета на 20 минут
32108,2021-04-10 12:31:20,Включение интернета на 20 минут
32108,2021-04-13 14:39:52,Включение интернета на 20 минут
32108,2021-04-14 17:10:44,Включение интернета на 20 минут
32108,2021-04-20 15:35:22,Информер ВК. Показ
32108,2021-04-23 19:40:33,Информер ВК. Показ
41691,2021-04-09 07:55:08,Гарантированный платеж за деньги
41691,2021-04-27 20:28:38,Гарантированный платеж за деньги
28131,2021-03-04 18:20:41,Информер ВК. Показ
28131,2021-03-07 16:39:18,Информер ВК. Показ
28131,2021-03-15 19:52:24,Информер ВК. Показ
8796,2021-03-20 13:53:42,Информер ВК. Показ
8796,2021-03-20 14:07:22,Информер ВК. Показ
8796,2021-03-20 14:08:02,Смена тарифа
8796,2021-03-20 14:08:16,Информер ВК. Показ
40791,2021-03-05 14:21:09,Информер ВК. Показ
40791,2021-03-05 14:21:14,Турбокнопка платно (1 час)
40791,2021-03-10 19:35:54,Информер ВК. Показ
40791,2021-03-10 19:36:00,Гарантированный платеж за деньги
40791,2021-03-13 20:20:33,Включение интернета на 20 минут
40791,2021-03-13 20:20:35,Информер ВК. Показ
40791,2021-03-13 22:38:52,Гарантированный платеж за деньги
40791,2021-03-30 09:02:40,Турбокнопка платно (1 час)
40791,2021-04-02 22:56:58,Гарантированный платеж за деньги
40791,2021-04-06 13:05:50,Информер ВК. Показ
40791,2021-04-06 13:27:17,Гарантированный платеж за деньги
40791,2021-04-24 19:07:32,Информер ВК. Показ
40791,2021-04-24 19:07:36,Турбокнопка платно (1 сутки)
40791,2021-04-25 16:32:51,Информер ВК. Показ
40791,2021-04-29 13:47:30,Турбокнопка платно (1 сутки)
37792,2021-03-03 08:16:36,Включение интернета на 20 минут
37792,2021-04-03 08:40:10,Гарантированный платеж за деньги
37792,2021-04-03 08:44:37,Включение интернета на 20 минут
10082,2021-03-04 15:51:41,Информер ВК. Показ
10082,2021-04-06 10:18:48,Информер ВК. Показ
10082,2021-04-07 12:58:19,Информер ВК. Показ
10082,2021-04-07 12:59:28,Информер ВК. Показ
11581,2021-03-24 00:59:48,Информер ВК. Показ
11581,2021-03-27 09:31:35,Включение интернета на 20 минут
30545,2021-03-01 16:09:09,Включение интернета на 20 минут
30545,2021-03-01 16:09:10,Включение интернета на 20 минут
30545,2021-03-01 16:14:01,Информер ВК. Показ
30545,2021-03-11 17:28:44,Включение интернета на 20 минут
30545,2021-03-11 17:28:45,Включение интернета на 20 минут
30545,2021-03-21 20:28:19,Включение интернета на 20 минут
30545,2021-03-21 20:28:20,Включение интернета на 20 минут
30545,2021-04-01 15:40:04,Включение интернета на 20 минут
30545,2021-04-12 15:55:53,Включение интернета на 20 минут
30545,2021-04-12 15:55:54,Включение интернета на 20 минут
30545,2021-04-22 16:06:52,Включение интернета на 20 минут
9949,2021-03-06 13:52:12,Просмотр раздела Тайный покупатель
9949,2021-03-06 13:52:39,Турбокнопка бесплатно
9949,2021-03-17 21:49:34,Информер ВК. Показ
9949,2021-03-17 21:49:56,Информер ВК. Показ
9949,2021-03-22 19:00:33,Информер ВК. Показ
28715,2021-03-10 19:29:05,Включение интернета на 20 минут с IVR
28715,2021-03-10 20:10:42,Информер ВК. Показ
28715,2021-03-13 19:34:20,Информер ВК. Показ
28715,2021-04-14 18:31:50,Включение интернета на 20 минут с IVR
28715,2021-04-18 15:56:01,Включение интернета на 20 минут с IVR
28715,2021-04-20 22:38:24,Информер ВК. Показ
43263,2021-04-12 13:23:44,Получение подарка в ЛК: 1 месяц бесплатного просмотра IPTV
43263,2021-04-12 13:24:50,Получение подарка в ЛК: сутки интернета на максимальной скорости
43263,2021-04-12 13:46:02,Смена пароля
43263,2021-04-12 13:46:27,Смена пароля
43263,2021-04-12 13:47:09,Смена пароля
43263,2021-04-12 13:48:06,Информер ВК. Показ
43263,2021-04-12 14:12:06,Информер ВК. Показ
43263,2021-04-12 14:12:16,Абонент оставил отзыв в Личном кабинете
43263,2021-04-12 14:13:41,Информер ВК. Показ
43263,2021-04-12 14:32:04,Становление участником бонусной программы
43272,2021-04-03 17:22:24,Гарантированный платеж за деньги
43272,2021-04-05 18:12:48,Информер ВК. Показ
43272,2021-04-18 14:53:00,Информер ВК. Показ
11088,2021-03-04 01:26:34,Гарантированный платеж за деньги
11088,2021-03-07 03:49:31,Включение интернета на 20 минут
11088,2021-04-06 06:54:18,Информер ВК. Показ
11088,2021-04-06 06:54:47,Просмотр раздела Тайный покупатель
11088,2021-04-06 06:54:53,Информер ВК. Показ
11088,2021-04-06 06:55:24,Информер ВК. Показ
11088,2021-04-06 07:07:14,Смена тарифа
43281,2021-03-17 14:13:41,Информер ВК. Показ
43281,2021-03-19 15:55:45,Информер ВК. Показ
43281,2021-03-20 12:06:21,Информер ВК. Показ
43290,2021-03-06 00:24:33,Информер ВК. Показ
43290,2021-04-13 22:53:34,Информер ВК. Показ
43290,2021-04-13 22:53:59,Информер ВК. Показ
43290,2021-04-21 16:23:11,Информер ВК. Показ
14306,2021-03-31 05:36:36,Информер ВК. Показ
14306,2021-03-31 19:20:31,Информер ВК. Показ
14306,2021-03-31 19:22:05,Смена пароля
14306,2021-03-31 19:26:15,Информер ВК. Показ
14306,2021-03-31 19:29:14,Смена пароля
14306,2021-03-31 19:29:50,Смена пароля
43291,2021-03-04 23:08:10,Гарантированный платеж за деньги
43291,2021-04-01 20:31:31,Включение интернета на 20 минут
43291,2021-04-02 12:45:31,Информер ВК. Показ
43291,2021-04-02 12:45:50,Информер ВК. Показ
43291,2021-04-04 08:15:33,Информер ВК. Показ
43291,2021-04-04 08:16:30,Гарантированный платеж за деньги
43291,2021-04-13 19:36:06,Гарантированный платеж за деньги
43291,2021-04-21 22:46:44,Гарантированный платеж за деньги
43291,2021-04-27 21:48:52,Гарантированный платеж за деньги
43293,2021-04-07 22:12:35,Информер ВК. Показ
43293,2021-04-07 22:13:36,Информер ВК. Показ
43293,2021-04-16 00:12:41,Информер ВК. Показ
30532,2021-03-01 21:43:45,Гарантированный платеж за деньги
30532,2021-03-05 09:40:41,Включение интернета на 20 минут
30532,2021-03-05 09:41:11,Гарантированный платеж за деньги
30532,2021-03-08 11:50:51,Включение интернета на 20 минут
30532,2021-03-08 12:04:07,Гарантированный платеж за деньги
30532,2021-03-11 21:29:56,Включение интернета на 20 минут
30532,2021-03-11 21:46:14,Гарантированный платеж за деньги
30532,2021-03-15 09:43:20,Включение интернета на 20 минут
30532,2021-03-15 17:14:04,Виртуальное бессмертие. Использование
30532,2021-03-15 17:21:08,Гарантированный платеж за деньги
30532,2021-04-18 19:16:14,Информер ВК. Показ
30532,2021-04-18 19:16:29,Гарантированный платеж за деньги
30532,2021-04-22 18:02:33,Информер ВК. Показ
30532,2021-04-22 18:03:01,Гарантированный платеж за деньги
30532,2021-04-22 18:03:47,Информер ВК. Показ
30532,2021-04-25 21:47:52,Гарантированный платеж за деньги
30532,2021-04-29 09:39:26,Включение интернета на 20 минут
30532,2021-04-29 09:44:12,Гарантированный платеж за деньги
10417,2021-03-21 18:03:12,Информер ВК. Показ
10417,2021-03-21 18:03:23,Просмотр раздела Тайный покупатель
10417,2021-03-21 18:03:35,Информер ВК. Показ
10417,2021-03-21 18:04:59,Восстановление пароля
10417,2021-03-21 18:05:55,Родительский контроль. Включение
10417,2021-03-21 18:11:15,Включение ограничения функций ТВ
10417,2021-03-21 18:13:20,Информер ВК. Показ
10417,2021-04-26 23:11:55,Информер ВК. Показ
10615,2021-04-09 22:00:17,Гарантированный платеж за деньги
28620,2021-04-10 00:38:26,Информер ВК. Показ
28620,2021-04-10 00:39:41,Информер ВК. Показ
28620,2021-04-10 00:40:02,Информер ВК. Показ
28620,2021-04-14 16:28:32,Восстановление пароля
36722,2021-03-17 20:49:33,Информер ВК. Показ
36722,2021-03-17 20:50:19,Информер ВК. Показ
28725,2021-04-09 07:51:27,Информер ВК. Показ
12489,2021-03-13 04:47:44,Информер ВК. Показ
12489,2021-03-29 10:47:35,Информер ВК. Показ
12489,2021-04-17 05:56:24,Информер ВК. Показ
43316,2021-04-05 22:37:50,Информер ВК. Показ
9670,2021-03-08 17:09:04,Информер ВК. Показ
9670,2021-03-10 14:18:21,Информер ВК. Показ
9670,2021-03-20 23:46:10,Информер ВК. Показ
9670,2021-04-08 22:27:26,Информер ВК. Показ
9670,2021-04-18 16:48:47,Информер ВК. Показ
9670,2021-04-29 20:15:22,Информер ВК. Показ
8157,2021-03-24 18:56:16,Включение интернета на 20 минут
8157,2021-03-31 16:28:59,Информер ВК. Показ
8157,2021-03-31 16:31:50,Информер ВК. Показ
8157,2021-03-31 16:32:46,Информер ВК. Показ
8157,2021-03-31 16:39:42,Выключение IPTV-пакета
8157,2021-03-31 16:40:13,Смена тарифа
8157,2021-03-31 16:41:55,Изменение схемы оплаты
43329,2021-03-05 18:31:35,Информер ВК. Показ
43329,2021-03-05 18:32:24,Включение интернета на 20 минут
43329,2021-04-04 19:25:02,Информер ВК. Показ
43329,2021-04-04 19:25:09,Включение интернета на 20 минут
43329,2021-04-04 19:28:19,Информер ВК. Показ
43329,2021-04-24 10:15:29,Информер ВК. Показ
43329,2021-04-24 10:16:16,Информер ВК. Закрытие
9279,2021-03-31 19:00:24,Информер ВК. Показ
13298,2021-03-02 10:40:43,Информер ВК. Показ
8255,2021-03-13 11:03:42,Информер ВК. Показ
8255,2021-03-13 11:04:26,Информер ВК. Показ
8255,2021-03-13 11:04:34,Информер ВК. Показ
8255,2021-03-13 11:07:29,Смена тарифа
8255,2021-03-13 11:08:00,Включение интернета на 20 минут
8255,2021-04-13 12:25:56,Информер ВК. Показ
8255,2021-04-13 12:26:13,Включение интернета на 20 минут
8255,2021-04-13 12:33:03,Информер ВК. Показ
8255,2021-04-27 20:41:00,Информер ВК. Показ
43347,2021-03-14 00:27:13,Включение интернета на 20 минут
11667,2021-04-24 01:33:18,Информер ВК. Показ
34036,2021-03-20 08:00:42,Информер ВК. Показ
34036,2021-03-20 08:01:27,Информер ВК. Показ
34036,2021-03-27 13:41:13,Информер ВК. Показ
34036,2021-04-25 12:17:10,Информер ВК. Показ
31540,2021-03-16 20:05:15,Включение интернета на 20 минут
31540,2021-04-04 18:07:46,Гарантированный платеж за деньги
31540,2021-04-07 20:03:13,Включение интернета на 20 минут
10217,2021-03-03 10:34:18,Включение интернета на 20 минут с IVR
10217,2021-03-03 11:21:08,Информер ВК. Показ
10217,2021-03-03 11:28:36,Информер ВК. Показ
10217,2021-04-03 11:45:51,Информер ВК. Показ
8287,2021-03-20 12:08:48,Информер ВК. Показ
8287,2021-03-20 12:15:46,Информер ВК. Показ
8287,2021-03-20 12:15:54,Отключение услуги Автоплатёж
8287,2021-03-22 00:34:12,Включение интернета на 20 минут
8287,2021-04-10 04:23:59,Информер ВК. Показ
14797,2021-03-01 09:59:26,Включение интернета на 20 минут
14797,2021-03-01 09:59:48,Гарантированный платеж за деньги
14797,2021-03-09 11:38:04,Гарантированный платеж за деньги
14797,2021-03-11 15:22:08,Турбокнопка бесплатно
14797,2021-03-15 12:43:01,Гарантированный платеж за деньги
14797,2021-03-18 12:56:30,Гарантированный платеж за деньги
14797,2021-03-20 14:21:10,Информер ВК. Показ
14797,2021-03-20 14:21:20,Без границ платно. Включение
14797,2021-03-20 14:21:32,Без границ платно. Отключение
14797,2021-03-20 14:21:44,Турбокнопка бесплатно
14797,2021-03-22 14:53:19,Гарантированный платеж за деньги
14797,2021-03-28 15:34:49,Информер ВК. Показ
14797,2021-03-28 15:34:57,Гарантированный платеж за деньги
14797,2021-03-29 11:17:02,Информер ВК. Показ
14797,2021-03-30 15:51:48,Гарантированный платеж за деньги
14797,2021-04-05 16:15:34,Гарантированный платеж за деньги
14797,2021-04-11 16:36:08,Гарантированный платеж за деньги
14797,2021-04-16 12:01:57,Турбокнопка бесплатно
14797,2021-04-17 18:11:15,Гарантированный платеж за деньги
14797,2021-04-20 20:58:04,Информер ВК. Показ
14797,2021-04-22 14:25:15,Турбокнопка бесплатно
14797,2021-04-23 14:00:55,Турбокнопка бесплатно
14797,2021-04-29 11:37:10,Информер ВК. Показ
9395,2021-03-20 21:59:48,Включение интернета на 20 минут
9624,2021-03-05 18:49:50,Информер ВК. Показ
9624,2021-03-05 18:51:08,Информер ВК. Показ
9624,2021-03-05 18:51:28,Смена тарифа
9624,2021-03-05 18:52:04,Информер ВК. Показ
8496,2021-03-14 22:10:58,Включение интернета на 20 минут
8496,2021-03-14 22:11:02,Информер ВК. Показ
8496,2021-04-10 19:49:08,Информер ВК. Показ
8496,2021-04-10 19:52:12,Информер ВК. Показ
8901,2021-03-03 13:56:27,Включение интернета на 20 минут
8901,2021-03-11 12:28:27,Информер ВК. Показ
8901,2021-03-11 12:28:44,Включение интернета на 20 минут
8901,2021-04-07 12:12:59,Информер ВК. Показ
8901,2021-04-07 12:13:14,Включение интернета на 20 минут
8901,2021-04-08 14:21:53,Информер ВК. Показ
8901,2021-04-08 14:22:18,Включение интернета на 20 минут
43364,2021-03-15 10:23:16,Информер ВК. Показ
10397,2021-03-04 07:51:10,Включение интернета на 20 минут
10397,2021-03-04 07:59:44,Информер ВК. Показ
10397,2021-04-21 01:55:02,Информер ВК. Показ
13653,2021-03-05 19:11:07,Информер ВК. Показ
13653,2021-03-05 19:11:38,Турбокнопка бесплатно
13653,2021-03-08 19:54:19,Информер ВК. Показ
13653,2021-03-23 22:15:03,Информер ВК. Показ
13653,2021-03-23 22:16:59,Гарантированный платеж за деньги
13653,2021-04-08 18:34:19,Информер ВК. Показ
13653,2021-04-15 07:05:52,Информер ВК. Показ
13653,2021-04-15 07:06:05,Гарантированный платеж за деньги
13653,2021-04-29 14:04:02,Гарантированный платеж за деньги
14612,2021-04-01 00:22:19,Включение интернета на 20 минут
40571,2021-04-02 15:43:27,Гарантированный платеж за деньги
43376,2021-03-17 16:49:57,Информер ВК. Показ
43376,2021-03-22 23:27:56,Информер ВК. Показ
43376,2021-03-22 23:34:58,Информер ВК. Показ
43376,2021-04-25 23:41:21,Информер ВК. Показ
43376,2021-04-25 23:41:59,Включение интернета на 20 минут
43376,2021-04-26 00:34:32,Информер ВК. Показ
8975,2021-03-11 21:35:54,Информер ВК. Показ
8975,2021-03-11 21:36:03,Включение интернета на 20 минут
8975,2021-03-11 21:36:12,Информер ВК. Показ
8975,2021-03-11 21:36:52,Информер ВК. Показ
8975,2021-03-11 21:37:13,Смена тарифа
8975,2021-04-12 14:08:07,Информер ВК. Показ
8975,2021-04-12 14:13:46,Информер ВК. Показ
8975,2021-04-12 14:13:55,Информер ВК. Показ
43389,2021-04-14 21:35:18,Информер ВК. Показ
43389,2021-04-14 21:36:04,Информер ВК. Показ
37863,2021-03-25 10:28:02,Гарантированный платеж за деньги
37863,2021-04-02 18:18:54,Информер ВК. Показ
37863,2021-04-02 18:20:25,Включение интернета на 20 минут
40332,2021-04-09 22:46:09,Информер ВК. Показ
40332,2021-04-13 06:53:02,Информер ВК. Показ
14088,2021-03-15 17:43:02,Информер ВК. Показ
14088,2021-03-15 17:43:06,Включение интернета на 20 минут
14088,2021-03-15 17:50:08,Информер ВК. Показ
14088,2021-04-15 18:14:37,Информер ВК. Показ
14088,2021-04-15 18:14:40,Включение интернета на 20 минут
14088,2021-04-15 19:24:52,Информер ВК. Показ
14088,2021-04-15 19:26:04,Информер ВК. Показ
14088,2021-04-15 19:39:16,Включение интернета на 20 минут с IVR
31300,2021-03-27 19:01:30,Включение интернета на 20 минут с IVR
28033,2021-03-18 17:18:04,Информер ВК. Показ
43404,2021-03-03 20:37:11,Информер ВК. Показ
43404,2021-03-03 20:37:19,Информер ВК. Показ
43404,2021-03-03 20:37:25,Включение интернета на 20 минут
43404,2021-03-03 20:37:49,Информер ВК. Показ
43404,2021-03-05 20:16:29,Включение интернета на 20 минут
43404,2021-03-06 23:02:16,Гарантированный платеж за деньги
43404,2021-03-10 19:22:25,Включение интернета на 20 минут
43404,2021-03-12 21:19:39,Включение интернета на 20 минут
43404,2021-03-13 21:33:59,Гарантированный платеж за деньги
43404,2021-03-17 18:39:36,Включение интернета на 20 минут
43404,2021-03-19 21:42:47,Включение интернета на 20 минут
43404,2021-03-21 23:16:57,Гарантированный платеж за деньги
43404,2021-03-24 23:21:23,Включение интернета на 20 минут
43404,2021-03-27 19:02:49,Гарантированный платеж за деньги
43404,2021-03-30 19:59:07,Включение интернета на 20 минут
43404,2021-03-31 21:21:13,Включение интернета на 20 минут
43404,2021-04-01 22:41:14,Гарантированный платеж за деньги
43404,2021-04-04 22:51:19,Информер ВК. Показ
43404,2021-04-04 22:51:29,Информер ВК. Показ
43404,2021-04-04 22:51:34,Включение интернета на 20 минут
43404,2021-04-04 23:12:24,Информер ВК. Показ
43404,2021-04-05 23:23:16,Включение интернета на 20 минут
43404,2021-04-05 23:44:01,Гарантированный платеж за деньги
43404,2021-04-09 22:31:38,Включение интернета на 20 минут
43404,2021-04-11 23:12:16,Гарантированный платеж за деньги
43404,2021-04-15 19:23:17,Включение интернета на 20 минут
43404,2021-04-16 21:49:10,Включение интернета на 20 минут
43404,2021-04-16 22:10:17,Гарантированный платеж за деньги
43404,2021-04-18 22:22:59,Гарантированный платеж за деньги
43404,2021-04-21 22:38:19,Включение интернета на 20 минут
43404,2021-04-23 23:21:13,Гарантированный платеж за деньги
43404,2021-04-27 21:51:28,Включение интернета на 20 минут
43404,2021-04-29 19:32:58,Гарантированный платеж за деньги
11047,2021-03-03 14:01:28,Информер ВК. Показ
11047,2021-03-07 12:02:02,Информер ВК. Показ
11047,2021-03-15 07:26:55,Информер ВК. Показ
11047,2021-04-09 20:41:09,Информер ВК. Показ
11047,2021-04-14 22:30:42,Информер ВК. Показ
11047,2021-04-25 18:24:41,Информер ВК. Показ
11047,2021-04-25 18:24:46,Абонент оставил отзыв в Личном кабинете
8771,2021-03-02 07:28:06,Включение интернета на 20 минут
8771,2021-03-04 10:17:11,Включение интернета на 20 минут
8771,2021-03-05 18:47:35,Включение интернета на 20 минут
8771,2021-03-09 16:01:17,Включение интернета на 20 минут
8771,2021-03-19 15:49:34,Включение интернета на 20 минут
8771,2021-03-20 17:18:50,Включение интернета на 20 минут
8771,2021-03-23 19:26:05,Включение интернета на 20 минут
8771,2021-03-28 19:36:27,Включение интернета на 20 минут
8771,2021-03-30 21:30:58,Включение интернета на 20 минут
8771,2021-04-06 20:30:42,Включение интернета на 20 минут
8771,2021-04-15 15:41:47,Включение интернета на 20 минут
8771,2021-04-15 15:41:48,Включение интернета на 20 минут
28688,2021-03-18 10:39:54,Включение интернета на 20 минут
28688,2021-04-22 22:46:46,Включение интернета на 20 минут
8321,2021-03-27 12:01:33,Показ информатора об изменении уведомлений через ВК платформу
8321,2021-03-27 14:00:04,Показ информатора об изменении уведомлений через ВК платформу
10796,2021-03-10 18:18:17,Информер ВК. Показ
10796,2021-03-14 13:48:52,Информер ВК. Показ
10796,2021-03-14 13:49:02,Информер ВК. Закрытие
10796,2021-04-01 20:16:17,Смена тарифа
10796,2021-04-29 09:46:19,Информер ВК. Показ
10796,2021-04-29 09:46:25,Информер ВК. Закрытие
43424,2021-04-13 21:20:22,Включение интернета на 20 минут с IVR
43424,2021-04-20 21:58:02,Включение интернета на 20 минут с IVR
30196,2021-03-16 19:25:39,Информер ВК. Показ
30196,2021-03-16 19:25:47,Турбокнопка бесплатно
30196,2021-03-22 18:03:33,Информер ВК. Показ
43425,2021-03-05 12:33:05,Информер ВК. Показ
43425,2021-03-05 12:33:11,Информер ВК. Показ
43425,2021-03-05 12:33:22,Гарантированный платеж за деньги
43425,2021-04-16 13:08:53,Гарантированный платеж за деньги
43425,2021-04-19 17:10:39,Информер ВК. Показ
10064,2021-03-31 13:23:28,Информер ВК. Показ
10064,2021-04-12 15:56:24,Информер ВК. Показ
9354,2021-04-03 17:26:42,Включение интернета на 20 минут
9354,2021-04-03 17:26:43,Включение интернета на 20 минут
9354,2021-04-03 17:27:18,Информер ВК. Показ
9354,2021-04-03 23:13:23,Информер ВК. Показ
9354,2021-04-05 22:17:14,Информер ВК. Показ
10749,2021-03-05 22:00:27,Информер ВК. Показ
10749,2021-03-06 19:34:47,Информер ВК. Показ
35083,2021-03-12 13:26:44,Информер ВК. Показ
35083,2021-03-17 20:15:20,Информер ВК. Показ
35083,2021-03-19 20:57:59,Информер ВК. Показ
35083,2021-04-15 21:53:03,Информер ВК. Показ
35083,2021-04-19 21:54:38,Информер ВК. Показ
35083,2021-04-20 20:25:22,Информер ВК. Показ
43440,2021-03-06 09:54:30,Включение интернета на 20 минут
41389,2021-03-02 20:36:44,Информер ВК. Показ
41389,2021-03-02 20:37:10,Информер ВК. Показ
41389,2021-04-08 11:23:03,Гарантированный платеж за деньги
41389,2021-04-29 02:19:23,Гарантированный платеж за деньги
8079,2021-04-20 10:12:49,Родительский контроль. Включение
8079,2021-04-21 17:59:44,Информер ВК. Показ
8079,2021-04-21 18:00:06,Родительский контроль. Включение
8079,2021-04-22 09:43:25,Информер ВК. Показ
8079,2021-04-22 13:16:32,Родительский контроль. Выключение
8079,2021-04-22 13:26:53,Родительский контроль. Включение
8079,2021-04-22 13:53:38,Информер ВК. Показ
8079,2021-04-22 14:09:04,Отключение управления услугами по паролю
8079,2021-04-22 15:42:25,Родительский контроль. Включение
8079,2021-04-22 15:50:42,Родительский контроль. Включение
8079,2021-04-22 16:08:13,Родительский контроль. Включение
8079,2021-04-22 16:26:51,Родительский контроль. Включение
29509,2021-03-03 02:10:55,Информер ВК. Показ
29509,2021-03-03 02:11:55,Информер ВК. Показ
12168,2021-03-27 22:58:29,Включение интернета на 20 минут
12168,2021-04-28 10:41:41,Включение интернета на 20 минут
9926,2021-03-02 00:27:18,Информер ВК. Показ
9926,2021-03-02 00:27:32,Гарантированный платеж за деньги
9926,2021-03-02 00:27:53,Информер ВК. Показ
9926,2021-03-11 20:35:06,Информер ВК. Показ
9926,2021-04-03 17:39:49,Информер ВК. Показ
9926,2021-04-05 23:41:47,Информер ВК. Показ
9926,2021-04-14 01:48:11,Информер ВК. Показ
43454,2021-03-29 21:29:24,Получение подарка в ЛК: 1 месяц бесплатного просмотра IPTV
43454,2021-03-29 21:29:44,Получение подарка в ЛК: сутки интернета на максимальной скорости
43454,2021-03-29 21:29:51,Информер ВК. Показ
43454,2021-03-31 18:58:55,Информер ВК. Показ
11326,2021-03-04 20:14:47,Информер ВК. Показ
11326,2021-03-04 20:14:58,Гарантированный платеж за деньги
11326,2021-03-06 14:52:45,Информер ВК. Показ
11326,2021-03-07 22:07:44,Информер ВК. Показ
11326,2021-03-07 22:07:50,Включение интернета на 20 минут
11326,2021-04-08 00:40:25,Информер ВК. Показ
11326,2021-04-08 00:40:47,Гарантированный платеж за деньги
11326,2021-04-09 13:14:28,Информер ВК. Показ
11326,2021-04-11 18:44:28,Информер ВК. Показ
11326,2021-04-11 18:44:58,Включение интернета на 20 минут
10596,2021-03-04 16:00:34,Показ информатора об изменении уведомлений через ВК платформу
10596,2021-03-04 18:45:19,Показ информатора об изменении уведомлений через ВК платформу
10596,2021-03-24 17:58:47,Показ информатора об изменении уведомлений через ВК платформу
10596,2021-04-12 21:39:56,Включение интернета на 20 минут
10596,2021-04-12 21:43:02,Показ информатора об изменении уведомлений через ВК платформу
10596,2021-04-12 21:43:06,Показ информатора об изменении уведомлений через ВК платформу
10596,2021-04-28 20:27:16,Показ информатора об изменении уведомлений через ВК платформу
10125,2021-03-17 19:57:05,Информер ВК. Показ
10125,2021-03-18 00:33:06,Информер ВК. Показ
10125,2021-03-18 00:33:29,Гарантированный платеж за деньги
10125,2021-03-21 00:58:55,Гарантированный платеж за деньги
10125,2021-03-24 09:05:17,Гарантированный платеж за деньги
10125,2021-03-27 10:09:24,Информер ВК. Показ
10125,2021-03-27 10:09:45,Гарантированный платеж за деньги
10125,2021-03-30 14:57:17,Включение интернета на 20 минут
10125,2021-03-30 15:00:22,Гарантированный платеж за деньги
10125,2021-04-21 11:12:30,Информер ВК. Показ
10125,2021-04-23 10:46:45,Информер ВК. Показ
35842,2021-03-13 21:47:22,Показ информатора об изменении уведомлений через ВК платформу
35842,2021-03-26 23:21:36,Включение интернета на 20 минут
35842,2021-03-26 23:21:37,Включение интернета на 20 минут
35842,2021-04-26 08:40:56,Включение интернета на 20 минут
9816,2021-03-16 08:28:52,Информер ВК. Показ
43468,2021-03-10 21:02:12,Включение интернета на 20 минут
9190,2021-03-02 22:31:38,Информер ВК. Показ
9190,2021-03-03 20:15:45,Включение интернета на 20 минут
9190,2021-03-17 20:22:07,Включение интернета на 20 минут
9190,2021-03-17 20:22:08,Включение интернета на 20 минут
9190,2021-03-17 20:22:14,Информер ВК. Показ
9190,2021-03-17 20:22:41,Гарантированный платеж за деньги
9190,2021-03-29 20:30:58,Включение интернета на 20 минут
9190,2021-03-29 20:31:26,Информер ВК. Показ
9190,2021-03-29 20:32:02,Гарантированный платеж за деньги
9190,2021-04-11 11:09:08,Информер ВК. Показ
35666,2021-03-05 19:27:39,Информер ВК. Показ
35666,2021-03-05 19:27:51,Бонус-скорость
35666,2021-03-14 09:47:55,Информер ВК. Показ
35666,2021-04-02 23:37:15,Получение подарка в ЛК: сутки интернета на максимальной скорости
35666,2021-04-02 23:37:23,Получение подарка в ЛК: 1 месяц бесплатного просмотра IPTV
35666,2021-04-02 23:37:36,Информер ВК. Показ
35666,2021-04-02 23:39:10,Бонус-скорость
35666,2021-04-02 23:39:37,Бонус-скорость
29078,2021-03-28 21:49:11,Включение интернета на 20 минут
29078,2021-03-28 21:49:16,Информер ВК. Показ
29078,2021-04-01 17:59:02,Информер ВК. Показ
29078,2021-04-08 19:33:14,Информер ВК. Показ
29078,2021-04-28 22:02:16,Включение интернета на 20 минут
29078,2021-04-28 22:02:25,Информер ВК. Показ
13518,2021-03-01 19:12:51,Информер ВК. Показ
13518,2021-03-01 19:12:57,Гарантированный платеж за деньги
13518,2021-03-07 10:23:52,Информер ВК. Показ
13518,2021-03-07 10:24:10,Включение автоматической активации ГП
13518,2021-03-12 19:07:36,Информер ВК. Показ
13518,2021-03-12 19:07:44,Включение автоматической активации ГП
13518,2021-03-19 20:45:19,Гарантированный платеж за деньги
13518,2021-03-24 11:26:44,Гарантированный платеж за деньги
13518,2021-03-28 10:44:29,Включение автоматической активации ГП
13518,2021-04-06 11:34:11,Информер ВК. Показ
13518,2021-04-06 11:34:20,Включение автоматической активации ГП
13518,2021-04-09 00:31:06,Информер ВК. Показ
13518,2021-04-12 19:14:21,Информер ВК. Показ
13518,2021-04-12 19:14:28,Гарантированный платеж за деньги
13518,2021-04-16 20:07:24,Гарантированный платеж за деньги
13518,2021-04-21 15:18:16,Включение автоматической активации ГП
29600,2021-04-26 19:30:28,Включение интернета на 20 минут
29600,2021-04-26 19:58:19,Гарантированный платеж за деньги
11831,2021-03-10 09:47:05,Информер ВК. Показ
10996,2021-03-02 17:33:34,Информер ВК. Показ
10996,2021-03-02 17:33:48,Абонент оставил отзыв в Личном кабинете
10996,2021-03-13 10:30:00,Информер ВК. Показ
10996,2021-03-13 10:30:20,Гарантированный платеж за деньги
10996,2021-03-13 10:30:42,Информер ВК. Показ
10996,2021-03-16 11:35:43,Включение интернета на 20 минут
10996,2021-04-07 23:22:27,Информер ВК. Показ
10996,2021-04-07 23:22:52,Просмотр раздела Тайный покупатель
10996,2021-04-15 16:34:49,Информер ВК. Показ
10996,2021-04-15 16:35:25,Информер ВК. Показ
10996,2021-04-15 16:35:40,Гарантированный платеж за деньги
8293,2021-04-08 18:24:18,Включение интернета на 20 минут
9725,2021-03-01 16:58:36,Получение подарка в ЛК: сутки интернета на максимальной скорости
9725,2021-03-01 16:58:40,Получение подарка в ЛК: 1 месяц бесплатного просмотра IPTV
9725,2021-03-01 16:58:49,Информер ВК. Показ
9725,2021-03-01 16:58:54,Просмотр раздела Тайный покупатель
9725,2021-03-01 16:59:03,Информер ВК. Показ
9725,2021-03-01 16:59:34,Информер ВК. Показ
9725,2021-03-01 16:59:43,Информер ВК. Закрытие
9725,2021-04-02 09:12:17,Включение интернета на 20 минут
9725,2021-04-02 09:18:54,Информер ВК. Показ
9725,2021-04-02 10:19:39,Информер ВК. Показ
9725,2021-04-02 10:19:41,Информер ВК. Показ
35446,2021-03-03 17:51:48,Включение интернета на 20 минут
35446,2021-03-13 12:31:44,Включение интернета на 20 минут
35446,2021-03-24 15:20:56,Включение интернета на 20 минут
35446,2021-03-25 21:49:16,Включение интернета на 20 минут
35446,2021-03-27 15:15:26,Включение интернета на 20 минут
35446,2021-03-30 19:18:21,Включение интернета на 20 минут
35446,2021-04-03 11:10:13,Включение интернета на 20 минут
15064,2021-03-01 16:23:33,Информер ВК. Показ
15064,2021-03-08 15:17:39,Информер ВК. Показ
15064,2021-03-24 14:12:40,Информер ВК. Показ
15064,2021-04-07 15:20:58,Информер ВК. Показ
15064,2021-04-13 17:32:27,Информер ВК. Показ
15064,2021-04-26 17:06:23,Информер ВК. Показ
37259,2021-03-06 12:24:34,Информер ВК. Показ
37259,2021-03-06 12:27:44,Просмотр раздела Тайный покупатель
37259,2021-03-06 12:28:11,Информер ВК. Показ
30029,2021-03-05 22:14:40,Информер ВК. Показ
30029,2021-03-05 22:15:17,Информер ВК. Показ
30029,2021-03-05 22:16:35,Турбокнопка платно (1 час)
30029,2021-03-07 10:37:17,Турбокнопка бесплатно
30029,2021-03-19 09:19:42,Информер ВК. Показ
30029,2021-03-19 09:19:50,Турбокнопка бесплатно
30029,2021-03-20 09:21:34,Турбокнопка бесплатно
30029,2021-03-24 18:49:13,Турбокнопка бесплатно
30029,2021-03-24 20:41:37,Турбокнопка платно (1 час)
30029,2021-03-29 15:30:27,Турбокнопка бесплатно
30029,2021-03-30 17:11:08,Турбокнопка бесплатно
30029,2021-04-01 17:16:54,Турбокнопка бесплатно
30029,2021-04-05 15:57:42,Турбокнопка бесплатно
30029,2021-04-06 14:33:22,Информер ВК. Показ
30029,2021-04-13 16:49:16,Информер ВК. Показ
30029,2021-04-13 16:49:39,Турбокнопка бесплатно
30029,2021-04-17 17:32:51,Турбокнопка бесплатно
30029,2021-04-25 14:39:17,Информер ВК. Показ
30029,2021-04-25 14:39:26,Турбокнопка бесплатно
30029,2021-04-29 16:44:42,Турбокнопка бесплатно
14256,2021-03-15 19:23:22,Смена пароля
14256,2021-04-22 21:03:57,Информер ВК. Показ
14256,2021-04-22 21:04:21,Информер ВК. Показ
31017,2021-03-04 09:16:33,Информер ВК. Показ
31017,2021-03-04 09:17:40,Информер ВК. Показ
31017,2021-03-07 19:45:23,Информер ВК. Показ
31017,2021-04-05 10:59:01,Информер ВК. Показ
31017,2021-04-05 11:00:53,Информер ВК. Показ
31017,2021-04-10 08:55:38,Информер ВК. Показ
7875,2021-04-02 08:17:19,Информер ВК. Показ
38388,2021-03-19 23:02:25,Информер ВК. Показ
38388,2021-03-19 23:02:37,Турбокнопка платно (1 сутки)
38388,2021-04-10 01:49:47,Информер ВК. Показ
38388,2021-04-10 01:50:02,Информер ВК. Показ
38388,2021-04-10 01:50:13,Турбокнопка бесплатно
38388,2021-04-10 21:39:44,Гарантированный платеж за деньги
38388,2021-04-10 21:39:56,Включение интернета на 20 минут
31273,2021-03-26 22:35:19,Информер ВК. Показ
31273,2021-03-26 22:36:22,Включение интернета на 20 минут
31273,2021-03-26 22:45:45,Информер ВК. Показ
31273,2021-03-26 22:45:53,Информер ВК. Показ
31273,2021-04-27 18:19:00,Информер ВК. Показ
31273,2021-04-27 18:19:17,Включение интернета на 20 минут
31273,2021-04-27 19:01:04,Информер ВК. Показ
11200,2021-03-08 17:37:56,Включение интернета на 20 минут
11200,2021-03-08 17:37:57,Включение интернета на 20 минут
29473,2021-03-01 11:57:30,Включение интернета на 20 минут
29473,2021-03-01 11:57:31,Включение интернета на 20 минут
11035,2021-03-18 19:12:00,Информер ВК. Показ
11035,2021-03-18 19:12:04,Включение интернета на 20 минут
11035,2021-04-18 19:52:02,Информер ВК. Показ
11035,2021-04-18 19:52:07,Включение интернета на 20 минут
29309,2021-04-03 12:12:17,Информер ВК. Показ
29309,2021-04-03 12:13:33,Информер ВК. Показ
40195,2021-03-09 12:46:00,Включение интернета на 20 минут
40195,2021-03-09 12:46:41,Информер ВК. Показ
40195,2021-03-09 12:47:33,Информер ВК. Показ
40195,2021-03-09 12:47:48,Информер ВК. Показ
40195,2021-03-09 13:04:34,Гарантированный платеж за деньги
40195,2021-03-21 19:04:22,Включение интернета на 20 минут
40195,2021-03-21 19:09:02,Гарантированный платеж за деньги
9057,2021-03-08 20:50:07,Информер ВК. Показ
9057,2021-03-08 20:54:01,Информер ВК. Показ
9057,2021-03-08 21:04:43,Информер ВК. Показ
8897,2021-04-03 17:44:36,Информер ВК. Показ
8897,2021-04-03 21:07:56,Информер ВК. Показ
8897,2021-04-03 21:32:32,Информер ВК. Показ
43491,2021-03-13 19:45:44,Включение интернета на 20 минут
29065,2021-03-06 11:14:48,Информер ВК. Показ
29065,2021-03-06 11:23:21,Информер ВК. Показ
29065,2021-04-16 18:16:57,Информер ВК. Показ
43499,2021-03-21 09:50:26,Выключение IPTV-пакета
43500,2021-03-17 20:19:33,Информер ВК. Показ
43500,2021-03-18 12:51:39,Информер ВК. Показ
43500,2021-03-18 12:51:40,Информер ВК. Показ
43500,2021-03-24 14:15:08,Гарантированный платеж за деньги
43500,2021-04-11 21:56:49,Гарантированный платеж за деньги
43500,2021-04-29 07:37:30,Гарантированный платеж за деньги
32662,2021-03-05 21:25:45,Информер ВК. Показ
32662,2021-03-05 21:26:09,Абонент оставил отзыв в Личном кабинете
32662,2021-03-15 17:51:33,Информер ВК. Показ
32662,2021-03-16 09:19:23,Информер ВК. Показ
32662,2021-04-15 12:28:57,Информер ВК. Показ
43502,2021-03-22 13:37:32,Показ информатора об изменении уведомлений через ВК платформу
43502,2021-03-22 13:39:36,Показ информатора об изменении уведомлений через ВК платформу
43502,2021-03-22 18:42:25,Показ информатора об изменении уведомлений через ВК платформу
43502,2021-03-22 18:42:30,Закрытие информатора об изменении уведомлений через ВК платформу
43502,2021-04-02 22:05:15,Получение подарка в ЛК: сутки интернета на максимальной скорости
43502,2021-04-02 22:05:20,Получение подарка в ЛК: 1 месяц бесплатного просмотра IPTV
43502,2021-04-26 13:25:55,Показ информатора об изменении уведомлений через ВК платформу
43502,2021-04-26 13:26:26,Включение интернета на 20 минут
43502,2021-04-26 13:31:39,Показ информатора об изменении уведомлений через ВК платформу
43511,2021-03-16 17:26:16,Информер ВК. Показ
43511,2021-03-16 17:30:49,Информер ВК. Показ
43511,2021-03-16 17:32:11,Информер ВК. Показ
43516,2021-03-01 17:21:00,Информер ВК. Показ
43516,2021-03-01 17:24:51,Информер ВК. Показ
43516,2021-03-09 17:42:06,Гарантированный платеж за деньги
43516,2021-03-12 18:00:08,Включение интернета на 20 минут
43516,2021-03-16 18:13:19,Включение интернета на 20 минут
43516,2021-03-16 18:13:26,Гарантированный платеж за деньги
43516,2021-03-19 18:36:19,Гарантированный платеж за деньги
43516,2021-03-26 19:01:45,Информер ВК. Показ
43516,2021-03-26 19:01:55,Гарантированный платеж за деньги
43516,2021-03-29 19:25:53,Включение интернета на 20 минут
43516,2021-04-02 19:33:42,Информер ВК. Показ
43516,2021-04-02 19:33:48,Гарантированный платеж за деньги
43516,2021-04-03 13:41:41,Информер ВК. Показ
43516,2021-04-05 19:42:59,Включение интернета на 20 минут
43516,2021-04-09 19:55:28,Гарантированный платеж за деньги
43516,2021-04-29 20:15:51,Информер ВК. Показ
43516,2021-04-29 20:18:21,Гарантированный платеж за деньги
9908,2021-03-07 12:59:14,Информер ВК. Показ
12179,2021-03-10 20:14:14,Информер ВК. Показ
12179,2021-03-13 21:56:43,Информер ВК. Показ
12179,2021-03-28 16:48:37,Информер ВК. Показ
12179,2021-04-19 16:52:14,Информер ВК. Показ
12179,2021-04-19 16:52:56,Информер ВК. Показ
12179,2021-04-28 19:46:41,Информер ВК. Показ
43532,2021-04-08 17:55:37,Информер ВК. Показ
10533,2021-04-24 00:41:11,Получение подарка в ЛК: сутки интернета на максимальной скорости
10533,2021-04-24 00:41:33,Информер ВК. Показ
10533,2021-04-24 02:09:48,Получение подарка в ЛК: 1 месяц бесплатного просмотра IPTV
10533,2021-04-24 02:10:06,Информер ВК. Показ
10533,2021-04-24 02:58:06,Информер ВК. Показ
10533,2021-04-24 09:26:01,Включение интернета на 20 минут
9471,2021-03-01 00:29:53,Включение интернета на 20 минут
9471,2021-03-02 06:58:27,Включение интернета на 20 минут
9471,2021-03-03 15:53:54,Включение интернета на 20 минут
9471,2021-03-05 10:52:36,Включение интернета на 20 минут
9471,2021-03-06 21:10:51,Включение интернета на 20 минут
9471,2021-03-10 00:55:57,Включение интернета на 20 минут
9471,2021-03-11 13:13:56,Включение интернета на 20 минут
9471,2021-03-12 14:12:48,Включение интернета на 20 минут
9471,2021-03-15 10:19:36,Включение интернета на 20 минут
9471,2021-03-16 13:08:56,Включение интернета на 20 минут
9471,2021-03-17 16:25:12,Включение интернета на 20 минут
9471,2021-03-19 17:43:41,Включение интернета на 20 минут
9471,2021-03-22 02:59:12,Включение интернета на 20 минут
9471,2021-03-23 16:23:50,Включение интернета на 20 минут
9471,2021-03-26 15:18:51,Включение интернета на 20 минут
9471,2021-03-29 16:04:19,Включение интернета на 20 минут
9471,2021-04-01 15:28:18,Включение интернета на 20 минут
9471,2021-04-08 08:27:55,Включение интернета на 20 минут
9471,2021-04-11 17:54:45,Включение интернета на 20 минут
9471,2021-04-14 11:04:34,Включение интернета на 20 минут
9471,2021-04-16 11:54:14,Включение интернета на 20 минут
9471,2021-04-17 12:38:57,Включение интернета на 20 минут
9471,2021-04-19 10:51:05,Включение интернета на 20 минут
9471,2021-04-20 13:13:30,Включение интернета на 20 минут
9471,2021-04-21 17:14:54,Включение интернета на 20 минут
9471,2021-04-23 18:10:07,Включение интернета на 20 минут
9471,2021-04-26 12:27:28,Включение интернета на 20 минут
9471,2021-04-27 14:30:40,Включение интернета на 20 минут
9471,2021-04-29 17:32:22,Включение интернета на 20 минут
38899,2021-04-25 18:47:51,Информер ВК. Показ
38899,2021-04-25 18:49:11,Информер ВК. Показ
8691,2021-03-08 13:44:57,Гарантированный платеж за деньги
8699,2021-03-15 20:30:52,Информер ВК. Показ
8699,2021-03-18 20:40:26,Информер ВК. Показ
8699,2021-04-17 10:19:58,Информер ВК. Показ
8699,2021-04-18 18:09:57,Информер ВК. Показ
8988,2021-03-12 21:29:42,Информер ВК. Показ
8988,2021-03-16 16:44:39,Информер ВК. Показ
8988,2021-03-22 23:51:41,Информер ВК. Показ
43547,2021-03-11 14:43:34,Информер ВК. Показ
28670,2021-03-26 19:37:52,Информер ВК. Показ
28670,2021-03-26 19:42:02,Включение интернета на 20 минут
28670,2021-04-25 09:57:03,Информер ВК. Показ
28070,2021-03-04 19:17:26,Информер ВК. Показ
28070,2021-03-05 17:28:07,Включение интернета на 20 минут
28070,2021-03-11 18:34:14,Включение интернета на 20 минут
28070,2021-03-16 13:41:58,Информер ВК. Показ
28070,2021-03-21 15:04:56,Включение интернета на 20 минут
28070,2021-03-26 07:33:58,Информер ВК. Показ
28070,2021-03-26 15:20:51,Включение интернета на 20 минут
28070,2021-03-26 15:20:52,Включение интернета на 20 минут
28070,2021-04-02 13:26:36,Включение интернета на 20 минут
28070,2021-04-02 13:26:37,Включение интернета на 20 минут
28070,2021-04-13 19:49:40,Включение интернета на 20 минут
28070,2021-04-18 11:38:59,Информер ВК. Показ
28070,2021-04-23 17:48:16,Информер ВК. Показ
28070,2021-04-23 21:07:51,Включение интернета на 20 минут
28070,2021-04-23 21:07:52,Включение интернета на 20 минут
28070,2021-04-28 21:22:51,Информер ВК. Показ
28070,2021-04-28 21:23:05,Включение интернета на 20 минут
31710,2021-03-15 19:48:49,Информер ВК. Показ
31710,2021-03-25 15:23:12,Информер ВК. Показ
31710,2021-03-25 15:23:37,Гарантированный платеж за деньги
31710,2021-03-28 15:33:50,Информер ВК. Показ
31710,2021-03-28 15:44:09,Включение интернета на 20 минут
11895,2021-03-15 12:22:10,Информер ВК. Показ
43570,2021-03-16 11:07:23,Информер ВК. Показ
43570,2021-03-17 18:20:00,Информер ВК. Показ
43570,2021-03-19 19:41:52,Информер ВК. Показ
43570,2021-04-25 20:26:30,Информер ВК. Показ
10130,2021-03-10 16:10:04,Информер ВК. Показ
10130,2021-03-10 16:17:08,Информер ВК. Закрытие
10130,2021-04-11 00:52:39,Информер ВК. Показ
10130,2021-04-11 00:52:52,Информер ВК. Закрытие
12661,2021-04-24 14:25:48,Смена пароля
12661,2021-04-24 14:25:54,Информер ВК. Показ
12661,2021-04-24 14:26:10,Информер ВК. Показ
12661,2021-04-24 14:27:06,Информер ВК. Показ
12661,2021-04-24 14:31:57,Смена пароля
12661,2021-04-24 14:33:59,Смена пароля
12661,2021-04-24 14:47:43,Просмотр раздела Тайный покупатель
8127,2021-03-11 14:31:45,Информер ВК. Показ
8127,2021-03-11 18:47:01,Информер ВК. Показ
8127,2021-03-11 22:22:00,Информер ВК. Показ
8127,2021-04-27 20:50:37,Информер ВК. Показ
29310,2021-04-25 21:44:55,Включение интернета на 20 минут
35035,2021-03-04 16:55:42,Информер ВК. Показ
35035,2021-03-11 12:58:11,Информер ВК. Показ
35035,2021-04-06 13:46:31,Информер ВК. Показ
35035,2021-04-10 13:40:57,Информер ВК. Показ
35035,2021-04-23 14:56:05,Информер ВК. Показ
43588,2021-03-12 19:11:29,Информер ВК. Показ
43588,2021-03-19 20:10:25,Информер ВК. Показ
43588,2021-03-30 18:40:39,Информер ВК. Показ
43588,2021-04-15 18:30:08,Информер ВК. Показ
43588,2021-04-21 17:14:54,Информер ВК. Показ
43592,2021-04-20 07:18:36,Включение интернета на 20 минут
43592,2021-04-20 07:18:37,Включение интернета на 20 минут
35711,2021-04-12 15:23:13,Включение интернета на 20 минут
10338,2021-03-21 10:38:43,Информер ВК. Показ
40230,2021-03-10 12:46:34,Информер ВК. Показ
40230,2021-04-15 08:19:12,Информер ВК. Показ
33657,2021-03-06 21:46:29,Гарантированный платеж за деньги
33657,2021-03-14 22:08:08,Гарантированный платеж за деньги
33657,2021-03-21 22:44:24,Гарантированный платеж за деньги
33657,2021-03-27 23:22:29,Гарантированный платеж за деньги
33657,2021-04-05 06:00:08,Гарантированный платеж за деньги
33657,2021-04-12 06:13:02,Гарантированный платеж за деньги
33657,2021-04-18 09:15:40,Гарантированный платеж за деньги
33657,2021-04-25 15:47:06,Гарантированный платеж за деньги
33779,2021-04-25 19:36:00,Информер ВК. Показ
33779,2021-04-25 19:36:27,Включение автоматической активации ГП
33779,2021-04-25 19:36:56,Информер ВК. Показ
33779,2021-04-25 19:38:36,Информер ВК. Показ
33779,2021-04-25 20:06:35,Отключение автоматической активации ГП
33779,2021-04-25 20:06:44,Включение автоматической активации ГП
8246,2021-04-05 18:29:36,Информер ВК. Показ
8246,2021-04-11 11:38:05,Информер ВК. Показ
12059,2021-03-09 09:35:49,Включение интернета на 20 минут
9418,2021-03-19 13:26:48,Информер ВК. Показ
9418,2021-03-19 13:49:37,Информер ВК. Показ
9418,2021-04-13 21:02:33,Информер ВК. Показ
9474,2021-03-03 11:21:47,Информер ВК. Показ
9474,2021-03-03 11:29:25,Информер ВК. Показ
9474,2021-03-27 23:45:45,Информер ВК. Показ
9474,2021-04-09 10:43:42,Информер ВК. Показ
9474,2021-04-09 10:44:12,Информер ВК. Показ
14656,2021-04-28 08:44:37,Показ информатора об изменении уведомлений через ВК платформу
14656,2021-04-28 08:45:14,Просмотр раздела Тайный покупатель
38005,2021-04-19 16:31:46,Информер ВК. Показ
38005,2021-04-19 16:59:03,Родительский контроль. Включение
38005,2021-04-19 16:59:59,Информер ВК. Показ
38005,2021-04-19 17:01:08,Родительский контроль. Выключение
38005,2021-04-19 17:01:18,Информер ВК. Показ
10832,2021-03-23 00:20:27,Информер ВК. Показ
10832,2021-03-27 13:36:18,Турбокнопка бесплатно
43621,2021-03-12 07:32:19,Информер ВК. Показ
43621,2021-04-09 12:14:34,Информер ВК. Показ
43621,2021-04-10 11:55:57,Информер ВК. Показ
43621,2021-04-21 09:07:29,Информер ВК. Показ
12098,2021-03-07 19:47:16,Информер ВК. Показ
12098,2021-03-07 20:19:15,Информер ВК. Показ
12098,2021-03-21 19:56:31,Информер ВК. Показ
12098,2021-04-19 13:37:21,Информер ВК. Показ
12098,2021-04-19 19:37:04,Информер ВК. Показ
8631,2021-03-18 19:58:45,Информер ВК. Показ
8631,2021-03-18 19:58:53,Информер ВК. Показ
8631,2021-04-03 16:33:43,Информер ВК. Показ
11769,2021-03-01 09:57:56,Информер ВК. Показ
11769,2021-03-15 12:28:44,Информер ВК. Показ
11769,2021-03-23 11:21:40,Информер ВК. Показ
11769,2021-04-11 10:23:03,Информер ВК. Показ
33671,2021-03-29 19:27:03,Информер ВК. Показ
33671,2021-03-29 19:30:44,Информер ВК. Показ
33671,2021-04-29 19:52:13,Включение интернета на 20 минут
31085,2021-03-01 09:10:19,Информер ВК. Показ
31085,2021-03-01 09:10:31,Включение интернета на 20 минут
31085,2021-03-02 09:53:36,Включение интернета на 20 минут
31085,2021-03-07 12:58:15,Включение интернета на 20 минут
31085,2021-03-09 09:40:21,Включение интернета на 20 минут
31085,2021-03-11 09:43:06,Включение интернета на 20 минут
31085,2021-03-12 09:51:12,Включение интернета на 20 минут
31085,2021-03-13 14:24:10,Гарантированный платеж за деньги
31085,2021-03-16 14:46:09,Информер ВК. Показ
31085,2021-03-17 09:48:27,Включение интернета на 20 минут
31085,2021-03-19 09:54:35,Включение интернета на 20 минут
31085,2021-03-20 13:05:25,Включение интернета на 20 минут
31085,2021-03-20 13:05:26,Включение интернета на 20 минут
31085,2021-03-23 11:21:43,Информер ВК. Показ
31085,2021-03-23 11:21:48,Включение интернета на 20 минут
31085,2021-03-24 11:32:08,Включение интернета на 20 минут
31085,2021-03-25 13:39:44,Включение интернета на 20 минут
31085,2021-04-01 14:43:59,Информер ВК. Показ
31085,2021-04-01 16:00:28,Включение интернета на 20 минут
31085,2021-04-03 17:59:51,Включение интернета на 20 минут
31085,2021-04-04 18:34:52,Включение интернета на 20 минут
31085,2021-04-05 19:16:35,Включение интернета на 20 минут
31085,2021-04-14 10:16:54,Включение интернета на 20 минут
31085,2021-04-14 10:16:55,Включение интернета на 20 минут
31085,2021-04-17 13:55:22,Включение интернета на 20 минут
31085,2021-04-17 13:55:23,Включение интернета на 20 минут
31085,2021-04-18 11:46:59,Информер ВК. Показ
31085,2021-04-18 15:13:42,Включение интернета на 20 минут
31085,2021-04-18 15:13:43,Включение интернета на 20 минут
31085,2021-04-21 08:58:43,Включение интернета на 20 минут
31085,2021-04-22 09:13:30,Включение интернета на 20 минут
31085,2021-04-23 11:44:17,Информер ВК. Показ
31085,2021-04-23 11:44:23,Включение интернета на 20 минут
31085,2021-04-24 13:40:08,Включение интернета на 20 минут
31085,2021-04-26 09:45:53,Включение интернета на 20 минут
31085,2021-04-27 17:57:24,Включение интернета на 20 минут
31085,2021-04-27 17:57:25,Включение интернета на 20 минут
31085,2021-04-28 19:15:26,Включение интернета на 20 минут
43638,2021-03-16 09:03:18,Информер ВК. Показ
43638,2021-03-16 09:03:27,Включение автоматической активации ГП
43638,2021-03-16 09:03:38,Информер ВК. Показ
43638,2021-03-16 09:03:54,Информер ВК. Показ
43638,2021-03-27 10:59:53,Гарантированный платеж за деньги
43638,2021-04-08 16:04:36,Гарантированный платеж за деньги
43638,2021-04-13 16:12:56,Гарантированный платеж за деньги
43638,2021-04-18 09:21:20,Включение автоматической активации ГП
43638,2021-04-21 16:44:55,Включение интернета на 20 минут
29733,2021-03-14 13:10:27,Включение интернета на 20 минут с IVR
28904,2021-03-01 13:05:20,Гарантированный платеж за деньги
28904,2021-03-05 19:32:17,Показ информатора об изменении уведомлений через ВК платформу
28904,2021-03-29 06:56:28,Гарантированный платеж за деньги
28904,2021-04-06 19:33:38,Гарантированный платеж за деньги
28904,2021-04-14 20:49:09,Гарантированный платеж за деньги
28904,2021-04-22 20:55:49,Гарантированный платеж за деньги
36422,2021-03-16 08:03:59,Информер ВК. Показ
36422,2021-03-28 15:06:13,Информер ВК. Показ
36422,2021-04-04 08:05:47,Информер ВК. Показ
36422,2021-04-26 10:36:21,Информер ВК. Показ
36422,2021-04-28 23:08:54,Информер ВК. Показ
31763,2021-03-02 19:53:18,Информер ВК. Показ
31763,2021-03-02 19:53:57,Включение интернета на 20 минут
31763,2021-03-02 20:15:39,Информер ВК. Показ
31763,2021-03-03 20:34:41,Включение интернета на 20 минут
31763,2021-03-07 23:55:33,Гарантированный платеж за деньги
31763,2021-03-11 00:13:37,Включение интернета на 20 минут
31763,2021-03-12 11:08:01,Включение интернета на 20 минут
31763,2021-03-19 15:26:36,Смена пароля
31763,2021-03-23 15:39:53,Включение интернета на 20 минут
31763,2021-03-27 16:02:34,Гарантированный платеж за деньги
31763,2021-03-30 16:19:48,Информер ВК. Показ
31763,2021-03-30 16:19:54,Включение интернета на 20 минут
31763,2021-04-02 16:31:53,Включение интернета на 20 минут
31763,2021-04-04 16:48:48,Информер ВК. Показ
31763,2021-04-04 16:48:57,Гарантированный платеж за деньги
31763,2021-04-06 11:59:51,Информер ВК. Показ
31763,2021-04-07 17:04:21,Включение интернета на 20 минут
31763,2021-04-15 23:59:21,Гарантированный платеж за деньги
31763,2021-04-19 09:04:14,Включение интернета на 20 минут
31763,2021-04-20 09:12:32,Гарантированный платеж за деньги
31763,2021-04-25 13:11:23,Гарантированный платеж за деньги
31763,2021-04-28 13:25:23,Включение интернета на 20 минут
8762,2021-03-18 00:53:29,Информер ВК. Показ
8762,2021-04-11 18:55:21,Информер ВК. Показ
8762,2021-04-11 18:55:39,Информер ВК. Показ
43668,2021-03-17 18:36:31,Гарантированный платеж за деньги
31288,2021-03-20 21:58:04,Информер ВК. Показ
31288,2021-03-20 21:58:41,Информер ВК. Показ
31288,2021-03-28 14:52:35,Гарантированный платеж за деньги
28607,2021-03-15 14:17:15,Восстановление пароля
28607,2021-03-15 14:17:53,Информер ВК. Показ
28607,2021-03-15 21:56:08,Информер ВК. Показ
28607,2021-03-26 22:17:02,Информер ВК. Показ
8907,2021-04-14 19:05:36,Информер ВК. Показ
8907,2021-04-14 19:06:20,Информер ВК. Показ
8907,2021-04-14 19:06:36,Информер ВК. Показ
14195,2021-03-02 17:22:02,Информер ВК. Показ
34202,2021-03-02 19:02:59,Информер ВК. Показ
34202,2021-03-04 09:16:11,Информер ВК. Показ
34202,2021-03-29 20:31:24,Информер ВК. Показ
34202,2021-04-25 20:15:27,Информер ВК. Показ
43670,2021-03-04 12:12:16,Информер ВК. Показ
43670,2021-03-08 19:31:45,Информер ВК. Показ
43670,2021-04-11 18:36:29,Информер ВК. Показ
43670,2021-04-13 22:20:21,Информер ВК. Показ
9972,2021-04-12 21:30:46,Информер ВК. Показ
9972,2021-04-12 21:34:16,Информер ВК. Показ
9972,2021-04-12 21:35:04,Информер ВК. Показ
43675,2021-03-09 18:41:52,Информер ВК. Показ
43675,2021-04-13 20:53:41,Информер ВК. Показ
43675,2021-04-13 20:54:16,Информер ВК. Показ
43675,2021-04-13 20:54:33,Информер ВК. Показ
43675,2021-04-13 20:55:03,Включение интернета на 20 минут
14531,2021-03-08 17:49:49,Включение интернета на 20 минут
14531,2021-03-14 05:00:49,Получение подарка в ЛК: 1 месяц бесплатного просмотра IPTV
14531,2021-03-14 05:00:56,Получение подарка в ЛК: сутки интернета на максимальной скорости
14531,2021-03-14 05:17:36,Информер ВК. Показ
14531,2021-03-15 04:21:33,Информер ВК. Показ
14531,2021-03-15 22:24:28,Включение интернета на 20 минут
14531,2021-03-22 23:50:10,Включение интернета на 20 минут
14531,2021-03-30 07:00:21,Включение интернета на 20 минут
14531,2021-04-06 23:49:05,Информер ВК. Показ
14531,2021-04-06 23:50:06,Включение интернета на 20 минут
14531,2021-04-14 00:16:24,Включение интернета на 20 минут
14531,2021-04-20 14:01:03,Информер ВК. Показ
14531,2021-04-24 02:50:01,Информер ВК. Показ
14531,2021-04-24 02:50:26,Включение интернета на 20 минут
14531,2021-04-25 04:04:27,Включение интернета на 20 минут
14531,2021-04-26 04:54:41,Включение интернета на 20 минут
14531,2021-04-28 08:50:39,Включение интернета на 20 минут
8250,2021-04-08 19:14:46,Информер ВК. Показ
8250,2021-04-08 19:14:47,Информер ВК. Показ
8250,2021-04-08 19:14:49,Информер ВК. Показ
8250,2021-04-08 19:45:38,Смена тарифа
8250,2021-04-27 18:26:48,Абонент оставил отзыв в Личном кабинете
32520,2021-03-23 21:40:32,Информер ВК. Показ
32520,2021-03-24 10:56:37,Информер ВК. Показ
32520,2021-03-24 10:57:11,Гарантированный платеж за деньги
42000,2021-04-27 22:48:20,Информер ВК. Показ
13254,2021-04-22 20:45:34,Информер ВК. Показ
13254,2021-04-28 12:21:23,Информер ВК. Показ
13254,2021-04-28 12:21:30,Информер ВК. Показ
29731,2021-03-28 20:12:22,Информер ВК. Показ
29731,2021-03-28 20:19:11,Информер ВК. Показ
29731,2021-03-28 20:20:07,Информер ВК. Показ
29731,2021-03-28 20:20:58,Включение интернета на 20 минут
29731,2021-04-28 23:50:30,Информер ВК. Показ
29731,2021-04-28 23:52:32,Информер ВК. Показ
29731,2021-04-28 23:54:00,Включение интернета на 20 минут
40358,2021-03-27 00:14:39,Информер ВК. Показ
40358,2021-04-24 22:45:57,Информер ВК. Показ
12833,2021-03-06 13:46:29,Гарантированный платеж за деньги
31104,2021-04-06 00:47:48,Включение интернета на 20 минут
31104,2021-04-06 00:48:45,Информер ВК. Показ
31104,2021-04-06 00:49:01,Информер ВК. Показ
28282,2021-03-15 22:33:59,Информер ВК. Показ
28282,2021-03-15 22:34:03,Информер ВК. Показ
28282,2021-03-15 22:36:55,Информер ВК. Показ
28282,2021-04-15 23:16:35,Информер ВК. Показ
28282,2021-04-15 23:16:40,Информер ВК. Показ
28282,2021-04-15 23:16:43,Информер ВК. Показ
14748,2021-03-24 20:08:11,Информер ВК. Показ
14748,2021-04-24 17:04:15,Информер ВК. Показ
14748,2021-04-24 17:04:45,Включение интернета на 20 минут
43711,2021-03-23 22:13:00,Информер ВК. Показ
43711,2021-04-06 11:15:03,Информер ВК. Показ
43711,2021-04-20 16:45:21,Информер ВК. Показ
43711,2021-04-24 10:12:16,Информер ВК. Показ
8652,2021-03-09 13:12:11,Показ информатора об изменении уведомлений через ВК платформу
8652,2021-03-09 13:12:38,Турбокнопка бесплатно
8652,2021-03-09 13:12:49,Показ информатора об изменении уведомлений через ВК платформу
8652,2021-03-11 18:49:07,Показ информатора об изменении уведомлений через ВК платформу
8652,2021-03-11 18:49:18,Турбокнопка бесплатно
8652,2021-03-13 19:16:50,Турбокнопка бесплатно
8652,2021-03-25 10:05:46,Турбокнопка бесплатно
8652,2021-03-28 18:29:29,Включение интернета на 20 минут
8652,2021-04-01 18:02:54,Турбокнопка бесплатно
8652,2021-04-01 19:07:58,Бонус-скорость
8652,2021-04-20 15:15:29,Показ информатора об изменении уведомлений через ВК платформу
8652,2021-04-20 15:15:39,Турбокнопка бесплатно
8652,2021-04-20 15:15:44,Показ информатора об изменении уведомлений через ВК платформу
8652,2021-04-24 13:56:15,Показ информатора об изменении уведомлений через ВК платформу
8652,2021-04-24 13:56:27,Турбокнопка бесплатно
8652,2021-04-26 09:44:18,Турбокнопка бесплатно
8652,2021-04-28 18:50:23,Включение интернета на 20 минут
43713,2021-03-12 14:20:02,Информер ВК. Показ
33223,2021-03-22 19:06:24,Информер ВК. Показ
33223,2021-03-22 19:06:37,Гарантированный платеж за деньги
33223,2021-03-25 19:15:08,Информер ВК. Показ
33223,2021-03-25 19:16:56,Информер ВК. Показ
33223,2021-04-25 19:12:44,Информер ВК. Показ
33223,2021-04-25 19:12:55,Гарантированный платеж за деньги
33223,2021-04-28 20:21:09,Включение интернета на 20 минут
8203,2021-03-10 15:25:25,Информер ВК. Показ
8203,2021-03-17 14:23:04,Информер ВК. Показ
8203,2021-03-18 15:52:20,Информер ВК. Показ
8311,2021-03-12 09:24:46,Информер ВК. Показ
8311,2021-03-12 09:26:07,Информер ВК. Показ
8311,2021-03-12 09:26:19,Информер ВК. Показ
8311,2021-03-31 15:38:33,Турбокнопка платно (1 час)
8311,2021-04-17 19:16:40,Включение IPTV-пакета
30902,2021-03-25 19:25:07,Информер ВК. Показ
36368,2021-03-14 13:48:58,Включение интернета на 20 минут с IVR
36368,2021-03-17 17:34:58,Включение интернета на 20 минут с IVR
36368,2021-04-17 19:33:57,Включение интернета на 20 минут с IVR
36368,2021-04-21 07:16:13,Включение интернета на 20 минут с IVR
36368,2021-04-22 20:21:10,Включение интернета на 20 минут
36368,2021-04-22 20:21:16,Включение интернета на 20 минут
9003,2021-04-22 22:06:12,Информер ВК. Показ
9003,2021-04-22 22:06:33,Информер ВК. Показ
9003,2021-04-25 16:35:08,Информер ВК. Показ
9003,2021-04-25 16:35:21,Турбокнопка бесплатно
9003,2021-04-25 19:08:37,Бонус-скорость
13334,2021-03-02 21:25:40,Информер ВК. Показ
13334,2021-03-02 22:17:18,Гарантированный платеж за деньги
13334,2021-03-05 22:46:00,Информер ВК. Показ
13334,2021-03-05 22:47:17,Включение интернета на 20 минут
13334,2021-03-17 19:58:15,Принято заявление и доп. соглашение по переезду
13334,2021-04-05 22:58:15,Информер ВК. Показ
13334,2021-04-05 22:58:34,Гарантированный платеж за деньги
13334,2021-04-08 23:38:59,Информер ВК. Показ
13334,2021-04-09 00:18:06,Информер ВК. Показ
13334,2021-04-10 13:15:05,Включение интернета на 20 минут
39547,2021-03-04 11:24:37,Информер ВК. Показ
39547,2021-03-04 11:24:43,Турбокнопка бесплатно
39547,2021-03-12 11:35:03,Информер ВК. Показ
39547,2021-03-12 11:35:14,Турбокнопка бесплатно
39547,2021-03-16 21:32:19,Информер ВК. Показ
39547,2021-03-16 21:41:56,Турбокнопка платно (1 час)
39547,2021-03-17 00:45:06,Турбокнопка бесплатно
39547,2021-03-20 21:54:24,Становление участником бонусной программы
39547,2021-03-28 13:57:56,Турбокнопка бесплатно
39547,2021-04-05 15:58:00,Информер ВК. Показ
39547,2021-04-05 15:58:06,Турбокнопка бесплатно
39547,2021-04-22 14:28:02,Информер ВК. Показ
39547,2021-04-22 14:28:08,Просмотр раздела Тайный покупатель
39547,2021-04-22 14:28:19,Турбокнопка бесплатно
39547,2021-04-25 20:24:27,Информер ВК. Показ
31827,2021-04-04 13:59:09,Информер ВК. Показ
31827,2021-04-04 14:00:18,Информер ВК. Показ
28092,2021-03-03 17:49:07,Включение интернета на 20 минут
28092,2021-04-04 08:16:16,Включение интернета на 20 минут
43722,2021-03-14 00:27:07,Информер ВК. Показ
43722,2021-03-14 00:27:09,Информер ВК. Показ
43722,2021-04-06 10:49:41,Информер ВК. Показ
43722,2021-04-18 01:24:25,Получение подарка в ЛК: 1 месяц бесплатного просмотра IPTV
43722,2021-04-18 01:24:53,Получение подарка в ЛК: сутки интернета на максимальной скорости
43722,2021-04-18 09:26:46,Информер ВК. Показ
43722,2021-04-18 22:07:08,Информер ВК. Показ
10855,2021-03-03 14:21:08,Гарантированный платеж за деньги
10855,2021-03-07 11:49:39,Гарантированный платеж за деньги
10855,2021-03-10 14:02:16,Гарантированный платеж за деньги
10855,2021-03-13 14:34:54,Гарантированный платеж за деньги
10855,2021-03-16 20:25:46,Гарантированный платеж за деньги
10855,2021-03-19 20:52:54,Гарантированный платеж за деньги
10855,2021-03-23 09:31:01,Информер ВК. Показ
10855,2021-03-23 09:31:09,Гарантированный платеж за деньги
10855,2021-03-26 18:22:01,Информер ВК. Показ
10855,2021-03-26 18:22:18,Гарантированный платеж за деньги
10855,2021-03-29 20:50:54,Информер ВК. Показ
10855,2021-03-29 20:51:03,Гарантированный платеж за деньги
10855,2021-04-01 21:45:32,Гарантированный платеж за деньги
10855,2021-04-05 09:01:10,Гарантированный платеж за деньги
10855,2021-04-08 12:53:15,Гарантированный платеж за деньги
10855,2021-04-11 13:28:54,Гарантированный платеж за деньги
10855,2021-04-14 14:22:12,Гарантированный платеж за деньги
10855,2021-04-17 18:11:46,Гарантированный платеж за деньги
8797,2021-03-06 18:17:38,Информер ВК. Показ
8797,2021-03-06 18:17:43,Турбокнопка бесплатно
8797,2021-03-07 21:36:39,Информер ВК. Показ
8797,2021-03-23 19:05:13,Информер ВК. Показ
8797,2021-03-23 19:05:21,Турбокнопка бесплатно
14758,2021-03-01 02:04:57,Включение интернета на 20 минут
14758,2021-03-02 19:15:11,Гарантированный платеж за деньги
14758,2021-03-10 21:59:08,Включение интернета на 20 минут
14758,2021-03-16 22:03:03,Включение интернета на 20 минут
14758,2021-03-16 22:03:04,Включение интернета на 20 минут
14758,2021-03-22 22:15:53,Включение интернета на 20 минут
14758,2021-03-22 22:15:54,Включение интернета на 20 минут
31106,2021-03-01 09:46:22,Информер ВК. Показ
31106,2021-03-13 09:15:18,Включение интернета на 20 минут
31106,2021-03-13 09:15:19,Включение интернета на 20 минут
31106,2021-03-15 16:17:28,Информер ВК. Показ
31106,2021-03-15 17:02:08,Информер ВК. Показ
31106,2021-04-01 13:53:12,Информер ВК. Показ
31106,2021-04-04 15:04:06,Включение интернета на 20 минут
31106,2021-04-04 15:06:06,Абонент оставил отзыв в Личном кабинете
31106,2021-04-07 15:55:39,Включение интернета на 20 минут
31106,2021-04-16 18:15:28,Включение интернета на 20 минут
31106,2021-04-16 18:46:40,Информер ВК. Показ
31106,2021-04-16 19:18:51,Информер ВК. Показ
10812,2021-03-19 13:01:26,Информер ВК. Показ
10812,2021-03-21 21:48:45,Информер ВК. Показ
10812,2021-03-24 19:55:39,Информер ВК. Показ
10812,2021-04-19 14:14:42,Информер ВК. Показ
10812,2021-04-25 20:44:40,Информер ВК. Показ
10812,2021-04-29 05:28:55,Информер ВК. Показ
43783,2021-03-03 12:06:35,Информер ВК. Показ
43783,2021-03-10 20:15:04,Гарантированный платеж за деньги
43783,2021-03-27 16:28:20,Информер ВК. Показ
43783,2021-03-27 16:28:28,Информер ВК. Показ
43783,2021-04-13 00:35:42,Информер ВК. Показ
34960,2021-03-26 12:31:51,Информер ВК. Показ
34960,2021-03-26 12:33:21,Информер ВК. Показ
13548,2021-03-16 20:50:53,Информер ВК. Показ
13548,2021-04-13 12:08:21,Информер ВК. Показ
11964,2021-03-08 22:30:06,Гарантированный платеж за деньги
11964,2021-03-13 22:23:41,Гарантированный платеж за деньги
11964,2021-03-16 22:56:10,Гарантированный платеж за деньги
10029,2021-03-09 14:37:55,Включение интернета на 20 минут
10029,2021-03-25 18:48:10,Включение интернета на 20 минут
10029,2021-03-25 18:48:11,Включение интернета на 20 минут
10029,2021-04-07 09:58:32,Включение интернета на 20 минут
10029,2021-04-12 04:07:16,Включение интернета на 20 минут
10029,2021-04-13 10:15:17,Включение интернета на 20 минут
10029,2021-04-20 14:06:31,Включение интернета на 20 минут
10029,2021-04-26 13:10:33,Включение интернета на 20 минут
13509,2021-03-08 21:23:09,Гарантированный платеж за деньги
13509,2021-04-11 21:37:47,Информер ВК. Показ
13509,2021-04-11 21:39:29,Информер ВК. Показ
13509,2021-04-11 21:39:47,Включение интернета на 20 минут
13509,2021-04-11 21:41:54,Информер ВК. Показ
34181,2021-03-25 15:30:27,Гарантированный платеж за деньги
34181,2021-03-28 15:53:35,Гарантированный платеж за деньги
29585,2021-03-18 12:35:42,Включение интернета на 20 минут
29585,2021-03-18 12:36:05,Информер ВК. Показ
29585,2021-03-18 12:36:48,Информер ВК. Показ
29585,2021-03-18 12:39:10,Гарантированный платеж за деньги
29585,2021-04-12 09:27:53,Включение интернета на 20 минут
43800,2021-03-14 11:55:54,Включение интернета на 20 минут
43800,2021-03-30 19:29:02,Включение интернета на 20 минут
43800,2021-04-11 18:43:17,Гарантированный платеж за деньги
43800,2021-04-29 13:19:20,Включение интернета на 20 минут
43800,2021-04-29 13:19:21,Включение интернета на 20 минут
14731,2021-03-27 10:56:20,Информер ВК. Показ
14731,2021-04-05 12:02:49,Информер ВК. Показ
14731,2021-04-05 12:03:06,Информер ВК. Показ
14731,2021-04-06 00:43:04,Гарантированный платеж за деньги
14731,2021-04-12 18:14:20,Включение интернета на 20 минут
14731,2021-04-14 00:45:06,Включение интернета на 20 минут
14731,2021-04-28 01:49:00,Гарантированный платеж за деньги
43810,2021-03-08 15:21:38,Гарантированный платеж за деньги
43810,2021-03-14 16:37:47,Гарантированный платеж за деньги
43810,2021-03-28 17:10:04,Включение интернета на 20 минут
43810,2021-03-28 17:10:21,Информер ВК. Показ
43810,2021-03-28 17:10:59,Информер ВК. Показ
43810,2021-03-28 17:54:38,Гарантированный платеж за деньги
43810,2021-04-01 19:24:19,Гарантированный платеж за деньги
43810,2021-04-08 20:13:58,Гарантированный платеж за деньги
43810,2021-04-15 20:27:21,Гарантированный платеж за деньги
43810,2021-04-18 21:58:04,Включение интернета на 20 минут
43810,2021-04-18 21:58:14,Информер ВК. Показ
43810,2021-04-18 22:19:55,Просмотр раздела Тайный покупатель
43810,2021-04-18 22:22:49,Гарантированный платеж за деньги
43810,2021-04-21 22:53:55,Включение интернета на 20 минут
43810,2021-04-21 23:20:10,Гарантированный платеж за деньги
43810,2021-04-29 15:37:03,Информер ВК. Показ
43810,2021-04-29 15:37:38,Гарантированный платеж за деньги
30645,2021-03-09 20:42:22,Информер ВК. Показ
30811,2021-03-31 21:15:42,Информер ВК. Показ
30811,2021-03-31 21:19:39,Информер ВК. Показ
36237,2021-03-20 01:29:33,Получение подарка в ЛК: 1 месяц бесплатного просмотра IPTV
36237,2021-03-23 22:21:59,Получение подарка в ЛК: сутки интернета на максимальной скорости
36237,2021-03-23 22:24:34,Информер ВК. Показ
36237,2021-03-23 22:25:24,Включение интернета на 20 минут
36237,2021-03-23 22:25:45,Информер ВК. Показ
36237,2021-03-23 22:25:49,Информер ВК. Показ
36237,2021-03-23 23:03:08,Гарантированный платеж за деньги
36237,2021-04-12 21:11:10,Гарантированный платеж за деньги
36237,2021-04-15 21:34:52,Включение интернета на 20 минут
43848,2021-03-03 20:56:26,Гарантированный платеж за деньги
43848,2021-03-07 21:15:09,Включение интернета на 20 минут
43848,2021-03-07 21:15:10,Включение интернета на 20 минут
43848,2021-03-07 22:08:37,Гарантированный платеж за деньги
43848,2021-04-28 18:13:07,Гарантированный платеж за деньги
43848,2021-04-28 18:13:14,Включение интернета на 20 минут
8385,2021-04-24 07:49:48,Информер ВК. Показ
8385,2021-04-24 07:50:17,Информер ВК. Показ
8237,2021-03-21 17:10:42,Информер ВК. Показ
8237,2021-03-21 17:10:54,Информер ВК. Показ
8237,2021-04-01 19:15:02,Информер ВК. Показ
8237,2021-04-01 19:19:29,Просмотр раздела Тайный покупатель
43849,2021-03-15 20:04:14,Информер ВК. Показ
43849,2021-03-15 20:04:16,Информер ВК. Показ
43849,2021-03-30 13:41:28,Информер ВК. Показ
43863,2021-03-05 08:02:47,Гарантированный платеж за деньги
43863,2021-03-05 08:03:00,Включение интернета на 20 минут
29082,2021-03-06 10:50:37,Информер ВК. Показ
29082,2021-04-13 19:44:11,Информер ВК. Показ
29082,2021-04-14 10:32:16,Информер ВК. Показ
43878,2021-03-12 23:24:39,Включение интернета на 20 минут
43878,2021-03-20 19:46:02,Информер ВК. Показ
43878,2021-03-22 00:21:11,Включение интернета на 20 минут
43878,2021-03-30 00:40:41,Включение интернета на 20 минут
43878,2021-04-07 09:46:19,Включение интернета на 20 минут
43878,2021-04-07 09:46:31,Информер ВК. Показ
43878,2021-04-10 20:12:52,Информер ВК. Показ
43878,2021-04-16 11:40:28,Включение интернета на 20 минут
43878,2021-04-21 20:32:36,Информер ВК. Показ
43878,2021-04-24 12:09:23,Включение интернета на 20 минут
9254,2021-03-06 15:36:21,Выключение IPTV-пакета
9254,2021-03-09 11:49:44,Показ информатора об изменении уведомлений через ВК платформу
9254,2021-03-16 09:59:15,Показ информатора об изменении уведомлений через ВК платформу
9254,2021-04-08 20:32:36,Показ информатора об изменении уведомлений через ВК платформу
9254,2021-04-16 13:59:44,Показ информатора об изменении уведомлений через ВК платформу
10365,2021-03-08 19:47:33,Информер ВК. Показ
10365,2021-04-29 20:37:24,Информер ВК. Показ
10365,2021-04-29 20:37:50,Информер ВК. Показ
10365,2021-04-29 20:38:13,Информер ВК. Показ
8841,2021-03-09 22:18:38,Информер ВК. Показ
8841,2021-04-10 13:22:06,Информер ВК. Показ
43897,2021-03-08 14:04:56,Информер ВК. Показ
43897,2021-03-16 21:34:28,Информер ВК. Показ
43897,2021-03-17 16:04:17,Информер ВК. Показ
43897,2021-04-12 12:58:23,Информер ВК. Показ
30334,2021-04-11 16:22:19,Информер ВК. Показ
30334,2021-04-27 20:59:21,Информер ВК. Показ
38499,2021-03-06 23:41:06,Информер ВК. Показ
38499,2021-03-11 21:23:35,Информер ВК. Показ
38499,2021-04-10 15:51:15,Информер ВК. Показ
38499,2021-04-10 20:24:11,Информер ВК. Показ
38499,2021-04-17 23:39:51,Информер ВК. Показ
43912,2021-04-21 01:47:09,Включение интернета на 20 минут
43925,2021-03-02 16:18:40,Гарантированный платеж за деньги
43925,2021-04-01 00:14:24,Гарантированный платеж за деньги
43925,2021-04-07 14:44:12,Гарантированный платеж за деньги
43925,2021-04-11 21:44:19,Гарантированный платеж за деньги
43925,2021-04-28 02:10:43,Включение интернета на 20 минут
43925,2021-04-28 02:10:50,Гарантированный платеж за деньги
9793,2021-03-05 21:34:58,Гарантированный платеж за деньги
9793,2021-03-13 22:04:00,Гарантированный платеж за деньги
9793,2021-03-17 06:13:21,Включение интернета на 20 минут
9793,2021-03-23 16:24:44,Гарантированный платеж за деньги
9793,2021-03-26 18:11:57,Включение интернета на 20 минут
9793,2021-03-28 19:15:56,Гарантированный платеж за деньги
9793,2021-03-31 19:39:02,Включение интернета на 20 минут
9793,2021-04-05 20:32:20,Гарантированный платеж за деньги
9793,2021-04-11 21:16:56,Гарантированный платеж за деньги
9793,2021-04-29 21:06:18,Гарантированный платеж за деньги
29535,2021-04-03 02:24:35,Гарантированный платеж за деньги
29535,2021-04-06 04:20:23,Гарантированный платеж за деньги
15110,2021-03-18 13:59:51,Информер ВК. Показ
15110,2021-03-18 14:00:18,Информер ВК. Показ
10418,2021-03-15 19:26:11,Включение интернета на 20 минут
10418,2021-04-15 19:50:44,Включение интернета на 20 минут
10418,2021-04-15 19:50:45,Включение интернета на 20 минут
43938,2021-03-12 19:11:12,Гарантированный платеж за деньги
43938,2021-03-19 14:22:59,Включение интернета на 20 минут
43938,2021-03-19 14:23:00,Включение интернета на 20 минут
33938,2021-03-20 10:25:37,Турбокнопка бесплатно
33938,2021-04-04 10:02:05,Турбокнопка бесплатно
33938,2021-04-05 15:52:58,Турбокнопка бесплатно
33938,2021-04-17 17:22:26,Турбокнопка бесплатно
43941,2021-04-10 19:02:47,Информер ВК. Показ
43941,2021-04-10 19:03:26,Информер ВК. Показ
31928,2021-04-19 15:36:30,Информер ВК. Показ
31928,2021-04-19 15:36:42,Информер ВК. Показ
31928,2021-04-19 15:36:58,Информер ВК. Показ
31928,2021-04-19 15:37:16,Просмотр раздела Тайный покупатель
13447,2021-03-25 19:21:07,Информер ВК. Показ
13447,2021-03-27 10:19:27,Информер ВК. Показ
13447,2021-04-24 08:30:47,Информер ВК. Показ
40839,2021-03-16 19:10:51,Информер ВК. Показ
40839,2021-04-07 19:38:14,Информер ВК. Показ
40839,2021-04-07 19:39:18,Информер ВК. Показ
35644,2021-03-23 21:26:49,Информер ВК. Показ
35644,2021-03-28 01:51:35,Включение интернета на 20 минут
35644,2021-04-07 21:32:25,Информер ВК. Показ
35644,2021-04-07 21:48:44,Турбокнопка платно (1 час)
35644,2021-04-25 14:40:09,Информер ВК. Показ
35644,2021-04-25 14:40:36,Турбокнопка бесплатно
35644,2021-04-25 14:41:08,Информер ВК. Показ
35644,2021-04-28 09:05:26,Включение интернета на 20 минут
42216,2021-03-01 19:01:40,Гарантированный платеж за деньги
42216,2021-03-18 18:31:23,Информер ВК. Показ
42216,2021-03-18 19:29:47,Включение интернета на 20 минут
42216,2021-03-19 18:59:41,Информер ВК. Показ
42216,2021-03-20 19:48:44,Включение интернета на 20 минут
42216,2021-03-21 20:04:33,Включение интернета на 20 минут
42216,2021-03-22 20:24:29,Включение интернета на 20 минут
42216,2021-03-24 21:52:44,Включение интернета на 20 минут
42216,2021-03-25 22:06:58,Включение интернета на 20 минут
42216,2021-03-26 23:36:53,Включение интернета на 20 минут
42216,2021-03-29 21:25:14,Информер ВК. Показ
42216,2021-03-29 21:25:23,Отключение услуги Автоплатёж
42216,2021-04-26 07:48:06,Информер ВК. Показ
42216,2021-04-26 23:57:39,Включение интернета на 20 минут
42216,2021-04-28 07:52:12,Включение интернета на 20 минут
42216,2021-04-29 07:56:45,Включение интернета на 20 минут
11343,2021-03-23 17:16:59,Включение интернета на 20 минут
11343,2021-04-23 18:00:58,Включение интернета на 20 минут
11343,2021-04-23 20:18:36,Информер ВК. Показ
11343,2021-04-23 20:18:52,Гарантированный платеж за деньги
11343,2021-04-26 20:21:09,Гарантированный платеж за деньги
11343,2021-04-29 20:55:20,Включение интернета на 20 минут
8408,2021-03-27 00:28:35,Гарантированный платеж за деньги
9257,2021-03-24 12:29:25,Информер ВК. Показ
9257,2021-03-25 23:46:34,Информер ВК. Показ
9257,2021-03-25 23:46:38,Информер ВК. Показ
39834,2021-03-28 15:24:09,Показ информатора об изменении уведомлений через ВК платформу
39834,2021-03-28 15:24:40,Бонус-скорость
39834,2021-04-06 00:13:28,Показ информатора об изменении уведомлений через ВК платформу
39834,2021-04-06 00:13:39,Гарантированный платеж за деньги
39834,2021-04-13 16:18:17,Показ информатора об изменении уведомлений через ВК платформу
39834,2021-04-13 16:20:08,Бонус-скорость
32020,2021-04-08 19:23:18,Включение интернета на 20 минут
13119,2021-04-20 11:05:29,Информер ВК. Показ
13119,2021-04-20 11:14:03,Информер ВК. Показ
32119,2021-03-23 00:28:35,Просмотр раздела Тайный покупатель
43957,2021-03-03 07:36:06,Гарантированный платеж за деньги
43957,2021-03-07 01:39:39,Включение автоматической активации ГП
43957,2021-03-10 07:53:53,Включение интернета на 20 минут
43957,2021-03-10 07:53:54,Включение интернета на 20 минут
43957,2021-03-10 15:32:16,Гарантированный платеж за деньги
43957,2021-03-14 13:55:46,Включение автоматической активации ГП
43957,2021-03-17 16:05:42,Включение интернета на 20 минут
43957,2021-03-18 16:56:02,Гарантированный платеж за деньги
43957,2021-03-20 12:17:14,Информер ВК. Показ
43957,2021-03-21 17:04:21,Информер ВК. Показ
43957,2021-03-21 17:09:10,Включение интернета на 20 минут
43957,2021-03-22 17:33:06,Гарантированный платеж за деньги
43957,2021-03-25 17:46:13,Информер ВК. Показ
43957,2021-03-25 17:46:18,Включение интернета на 20 минут
43957,2021-03-25 18:12:42,Гарантированный платеж за деньги
43957,2021-03-28 18:35:24,Включение интернета на 20 минут
43957,2021-03-29 18:56:17,Гарантированный платеж за деньги
43957,2021-04-02 19:08:30,Гарантированный платеж за деньги
43957,2021-04-05 19:13:55,Включение интернета на 20 минут
43957,2021-04-05 19:35:56,Гарантированный платеж за деньги
43957,2021-04-08 19:59:44,Включение интернета на 20 минут
43957,2021-04-09 20:11:34,Гарантированный платеж за деньги
43957,2021-04-12 20:25:10,Включение интернета на 20 минут
43957,2021-04-12 21:03:20,Гарантированный платеж за деньги
43957,2021-04-16 21:20:26,Гарантированный платеж за деньги
43957,2021-04-20 21:32:10,Информер ВК. Показ
43957,2021-04-20 21:32:17,Гарантированный платеж за деньги
43957,2021-04-22 21:59:15,Информер ВК. Показ
43957,2021-04-23 21:41:39,Включение интернета на 20 минут
43957,2021-04-23 22:23:49,Гарантированный платеж за деньги
43957,2021-04-26 20:13:59,Информер ВК. Показ
43957,2021-04-27 22:04:22,Включение автоматической активации ГП
43958,2021-03-01 22:29:34,Информер ВК. Показ
43958,2021-03-02 01:27:23,Информер ВК. Показ
43958,2021-03-16 23:32:05,Информер ВК. Показ
43958,2021-04-11 21:54:00,Информер ВК. Показ
43958,2021-04-11 21:59:13,Информер ВК. Показ
43958,2021-04-27 11:45:08,Информер ВК. Показ
10605,2021-03-06 20:10:30,Информер ВК. Показ
10605,2021-03-20 18:00:49,Информер ВК. Показ
10605,2021-03-28 16:20:37,Информер ВК. Показ
10605,2021-04-13 19:18:05,Информер ВК. Показ
43960,2021-04-22 18:12:24,Информер ВК. Показ
43960,2021-04-25 17:39:06,Информер ВК. Показ
43960,2021-04-25 18:20:30,Информер ВК. Показ
11543,2021-03-20 15:57:21,Информер ВК. Показ
43961,2021-04-09 20:56:41,Информер ВК. Показ
43964,2021-03-09 13:18:00,Информер ВК. Показ
43964,2021-03-25 20:45:36,Включение интернета на 20 минут с IVR
43971,2021-03-12 10:56:10,Информер ВК. Показ
43971,2021-03-13 19:15:19,Информер ВК. Показ
43971,2021-03-14 14:50:41,Информер ВК. Показ
43971,2021-03-18 11:36:15,Включение интернета на 20 минут
43971,2021-03-18 11:36:16,Включение интернета на 20 минут
43971,2021-04-29 17:08:55,Информер ВК. Показ
43973,2021-03-10 07:55:14,Информер ВК. Показ
43973,2021-03-18 14:56:39,Информер ВК. Показ
43973,2021-03-27 08:27:08,Информер ВК. Показ
43973,2021-03-30 08:13:47,Включение интернета на 20 минут
43973,2021-04-11 16:46:13,Информер ВК. Показ
43973,2021-04-23 08:03:08,Информер ВК. Показ
43973,2021-04-28 08:00:48,Информер ВК. Показ
43979,2021-03-01 22:37:05,Включение интернета на 20 минут
43979,2021-04-02 06:02:03,Гарантированный платеж за деньги
12421,2021-03-04 09:02:56,Включение интернета на 20 минут
12421,2021-03-04 09:29:03,Информер ВК. Показ
12421,2021-03-04 09:29:13,Информер ВК. Показ
12421,2021-03-04 09:29:24,Гарантированный платеж за деньги
12421,2021-03-07 09:34:23,Включение интернета на 20 минут
12421,2021-03-30 12:51:15,Информер ВК. Показ
12421,2021-03-30 12:51:24,Гарантированный платеж за деньги
12421,2021-04-11 16:32:44,Информер ВК. Показ
12421,2021-04-11 16:37:23,Гарантированный платеж за деньги
12421,2021-04-23 17:17:04,Гарантированный платеж за деньги
12421,2021-04-26 14:57:42,Информер ВК. Показ
12421,2021-04-28 17:21:37,Гарантированный платеж за деньги
10091,2021-03-10 13:26:03,Информер ВК. Показ
10091,2021-03-10 13:26:39,Информер ВК. Показ
43996,2021-03-07 13:23:24,Информер ВК. Показ
43996,2021-03-07 13:23:43,Бонус-скорость
43996,2021-03-07 13:24:11,Просмотр раздела Тайный покупатель
43996,2021-03-08 16:15:37,Информер ВК. Показ
43996,2021-03-08 16:15:50,Бонус-скорость
43996,2021-03-26 13:06:25,Информер ВК. Показ
12796,2021-03-26 20:58:48,Информер ВК. Показ
12796,2021-03-26 20:59:27,Информер ВК. Показ
12796,2021-03-28 11:37:04,Информер ВК. Показ
12796,2021-04-26 21:54:34,Информер ВК. Показ
12796,2021-04-26 21:54:41,Информер ВК. Показ
44007,2021-04-01 12:20:10,Включение интернета на 20 минут с IVR
36398,2021-04-24 17:11:26,Информер ВК. Показ
36398,2021-04-24 17:11:42,Турбокнопка бесплатно
11207,2021-03-05 22:06:27,Информер ВК. Показ
41579,2021-03-09 18:59:37,Информер ВК. Показ
41579,2021-03-09 19:00:30,Информер ВК. Показ
44040,2021-03-04 17:43:56,Информер ВК. Показ
44040,2021-03-04 17:44:15,Включение интернета на 20 минут
44040,2021-04-01 20:44:00,Информер ВК. Показ
44040,2021-04-01 20:59:44,Информер ВК. Показ
44040,2021-04-12 20:56:04,Информер ВК. Показ
44047,2021-03-15 11:31:58,Информер ВК. Показ
44047,2021-03-15 11:44:09,Информер ВК. Показ
36160,2021-03-10 19:46:28,Информер ВК. Показ
36160,2021-04-02 15:18:17,Информер ВК. Показ
36160,2021-04-21 15:46:38,Информер ВК. Показ
12873,2021-03-08 00:35:14,Информер ВК. Показ
12873,2021-03-19 09:55:11,Получение подарка в ЛК: 1 месяц бесплатного просмотра IPTV
12873,2021-03-19 09:55:24,Получение подарка в ЛК: сутки интернета на максимальной скорости
12873,2021-03-19 09:55:28,Информер ВК. Показ
12873,2021-03-27 23:48:57,Включение интернета на 20 минут
12873,2021-03-27 23:49:22,Информер ВК. Показ
12873,2021-03-27 23:49:40,Гарантированный платеж за деньги
12873,2021-04-25 00:33:57,Информер ВК. Показ
38379,2021-03-21 19:37:19,Информер ВК. Показ
38379,2021-04-10 14:07:36,Информер ВК. Показ
38379,2021-04-10 14:08:06,Бонус-скорость
38379,2021-04-18 19:08:35,Информер ВК. Показ
38379,2021-04-18 19:08:43,Бонус-скорость
44068,2021-03-02 07:58:42,Информер ВК. Показ
44068,2021-03-02 14:29:20,Информер ВК. Показ
44068,2021-04-14 20:01:03,Информер ВК. Показ
44078,2021-03-09 19:10:30,Включение интернета на 20 минут
44081,2021-04-22 08:22:42,Информер ВК. Показ
44081,2021-04-22 08:23:25,Бонус-скорость
44083,2021-03-13 11:01:41,Включение интернета на 20 минут
10207,2021-03-28 23:35:33,Информер ВК. Показ
10207,2021-03-28 23:35:45,Информер ВК. Показ
8929,2021-03-06 15:20:08,Информер ВК. Показ
8929,2021-03-11 12:26:44,Информер ВК. Показ
8929,2021-04-10 17:16:15,Информер ВК. Показ
8929,2021-04-10 17:16:18,Информер ВК. Показ
8929,2021-04-10 17:16:24,Абонент оставил отзыв в Личном кабинете
8929,2021-04-16 12:26:51,Информер ВК. Показ
44097,2021-04-22 15:32:39,Включение интернета на 20 минут
8644,2021-03-09 23:34:31,Включение интернета на 20 минут
8644,2021-04-02 20:33:15,Информер ВК. Показ
8644,2021-04-05 23:38:39,Информер ВК. Показ
8644,2021-04-10 00:28:25,Информер ВК. Показ
8644,2021-04-10 00:28:32,Включение интернета на 20 минут
33673,2021-03-10 16:41:50,Информер ВК. Показ
33673,2021-03-10 16:42:13,Включение автоматической активации ГП
33673,2021-03-10 19:05:22,Информер ВК. Показ
42207,2021-03-11 22:40:17,Информер ВК. Показ
42207,2021-04-15 21:38:51,Включение интернета на 20 минут с IVR
44122,2021-03-06 20:14:52,Информер ВК. Показ
44122,2021-03-15 14:43:59,Информер ВК. Показ
44122,2021-03-16 15:38:09,Информер ВК. Показ
44122,2021-03-16 17:31:42,Гарантированный платеж за деньги
44122,2021-03-29 18:19:32,Включение интернета на 20 минут
44122,2021-04-13 10:58:43,Информер ВК. Показ
44122,2021-04-26 09:05:27,Информер ВК. Показ
44122,2021-04-27 14:20:01,Информер ВК. Показ
44122,2021-04-27 18:53:55,Гарантированный платеж за деньги
44123,2021-03-01 20:59:03,Информер ВК. Показ
44123,2021-03-15 09:51:10,Информер ВК. Показ
44123,2021-03-24 13:44:03,Информер ВК. Показ
44123,2021-04-04 10:01:18,Информер ВК. Показ
44123,2021-04-25 17:53:35,Информер ВК. Показ
44124,2021-03-03 20:32:44,Информер ВК. Показ
44124,2021-03-06 23:17:58,Информер ВК. Показ
44124,2021-03-27 20:53:44,Информер ВК. Показ
44124,2021-04-16 21:14:19,Информер ВК. Показ
44130,2021-03-18 12:56:08,Информер ВК. Показ
44130,2021-03-18 12:56:45,Информер ВК. Показ
44130,2021-03-18 12:56:58,Включение интернета на 20 минут
44130,2021-03-18 14:22:30,Информер ВК. Показ
44130,2021-04-18 15:49:05,Информер ВК. Показ
44130,2021-04-18 15:49:27,Включение интернета на 20 минут
13433,2021-03-10 17:38:36,Показ информатора об изменении уведомлений через ВК платформу
13433,2021-03-10 17:41:29,Показ информатора об изменении уведомлений через ВК платформу
13433,2021-03-15 06:44:51,Показ информатора об изменении уведомлений через ВК платформу
13433,2021-04-16 07:43:05,Показ информатора об изменении уведомлений через ВК платформу
44133,2021-04-10 10:40:29,Включение IPTV-пакета
44136,2021-03-10 22:15:51,Включение интернета на 20 минут
44142,2021-04-27 21:05:57,Включение интернета на 20 минут
8656,2021-03-19 09:18:19,Информер ВК. Показ
44153,2021-03-28 22:17:52,Гарантированный платеж за деньги
44153,2021-03-30 17:03:13,Показ информатора об изменении уведомлений через ВК платформу
44153,2021-04-01 07:40:24,Включение интернета на 20 минут
44153,2021-04-02 17:52:56,Включение интернета на 20 минут
44153,2021-04-06 07:27:17,Включение интернета на 20 минут
44153,2021-04-06 07:27:18,Включение интернета на 20 минут
28281,2021-03-06 11:32:25,Информер ВК. Показ
28281,2021-03-06 11:33:06,Информер ВК. Показ
28281,2021-03-06 11:34:07,Включение IPTV-пакета
28281,2021-03-06 11:34:17,Информер ВК. Показ
28281,2021-04-15 22:05:15,Информер ВК. Показ
41263,2021-04-21 22:23:12,Информер ВК. Показ
41263,2021-04-21 22:23:23,Информер ВК. Показ
41263,2021-04-21 22:24:22,Включение управления услугами по паролю
41263,2021-04-21 22:25:02,Отключение управления услугами по паролю
41263,2021-04-21 22:29:31,Смена пароля
41263,2021-04-21 22:46:50,Информер ВК. Показ
41263,2021-04-21 22:47:19,Смена пароля
41263,2021-04-21 22:47:32,Смена пароля
29178,2021-03-06 21:14:42,Информер ВК. Показ
29178,2021-03-06 21:14:49,Турбокнопка платно (1 сутки)
29178,2021-03-13 08:51:49,Информер ВК. Показ
29178,2021-03-13 08:51:58,Турбокнопка платно (1 сутки)
29178,2021-03-15 20:50:01,Информер ВК. Показ
29178,2021-03-15 20:50:14,Турбокнопка платно (1 сутки)
29178,2021-03-20 21:07:16,Турбокнопка платно (1 сутки)
29178,2021-03-27 07:52:51,Турбокнопка платно (1 сутки)
29178,2021-04-04 17:34:19,Турбокнопка платно (1 сутки)
29178,2021-04-10 15:55:55,Информер ВК. Показ
29178,2021-04-10 15:56:02,Турбокнопка платно (1 сутки)
29178,2021-04-12 16:51:46,Гарантированный платеж за деньги
29178,2021-04-13 20:23:42,Информер ВК. Показ
29178,2021-04-13 20:23:47,Турбокнопка платно (1 сутки)
29178,2021-04-14 20:41:24,Турбокнопка платно (1 сутки)
29178,2021-04-20 17:38:43,Информер ВК. Показ
29178,2021-04-20 17:38:49,Турбокнопка платно (1 сутки)
29780,2021-03-28 18:23:34,Гарантированный платеж за деньги
28787,2021-04-10 02:09:54,Гарантированный платеж за деньги
40252,2021-03-02 22:31:41,Гарантированный платеж за деньги
40252,2021-03-05 22:58:51,Включение интернета на 20 минут
40252,2021-03-05 23:27:49,Гарантированный платеж за деньги
40252,2021-03-08 23:35:47,Включение интернета на 20 минут
40252,2021-03-08 23:35:48,Включение интернета на 20 минут
40252,2021-03-08 23:37:17,Информер ВК. Показ
40252,2021-03-08 23:57:55,Гарантированный платеж за деньги
40252,2021-03-12 00:08:35,Информер ВК. Показ
40252,2021-03-12 00:08:46,Гарантированный платеж за деньги
40252,2021-03-15 00:13:01,Гарантированный платеж за деньги
40252,2021-03-18 07:21:48,Включение интернета на 20 минут
40252,2021-03-19 10:22:11,Гарантированный платеж за деньги
40252,2021-03-22 10:42:31,Включение интернета на 20 минут
40252,2021-03-22 11:09:57,Гарантированный платеж за деньги
40252,2021-03-25 11:15:22,Включение интернета на 20 минут
40252,2021-03-25 11:16:02,Информер ВК. Показ
40252,2021-03-25 11:16:15,Включение автоматической активации ГП
40252,2021-03-29 12:00:15,Гарантированный платеж за деньги
40252,2021-04-01 12:16:19,Гарантированный платеж за деньги
40252,2021-04-04 12:22:24,Включение интернета на 20 минут
40252,2021-04-04 12:53:53,Гарантированный платеж за деньги
40252,2021-04-07 13:18:09,Включение интернета на 20 минут
40252,2021-04-07 13:28:53,Гарантированный платеж за деньги
40252,2021-04-11 13:43:21,Гарантированный платеж за деньги
40252,2021-04-11 13:44:15,Информер ВК. Показ
40252,2021-04-14 20:12:46,Информер ВК. Показ
40252,2021-04-14 20:13:13,Просмотр раздела Тайный покупатель
40252,2021-04-14 20:13:20,Включение интернета на 20 минут
40252,2021-04-15 20:29:14,Гарантированный платеж за деньги
40252,2021-04-18 20:57:59,Включение интернета на 20 минут
40252,2021-04-20 21:00:33,Включение автоматической активации ГП
40252,2021-04-23 21:10:50,Включение интернета на 20 минут
40252,2021-04-23 21:22:24,Гарантированный платеж за деньги
40252,2021-04-26 00:15:20,Информер ВК. Показ
40252,2021-04-26 21:32:35,Включение интернета на 20 минут
40252,2021-04-26 21:32:36,Включение интернета на 20 минут
12266,2021-03-04 11:37:30,Включение интернета на 20 минут
31409,2021-04-15 19:11:10,Информер ВК. Показ
31409,2021-04-15 19:17:30,Информер ВК. Показ
31409,2021-04-15 19:22:01,Информер ВК. Показ
34844,2021-03-10 13:12:00,Информер ВК. Показ
34844,2021-03-13 16:15:52,Информер ВК. Показ
34844,2021-03-13 16:16:11,Информер ВК. Показ
44176,2021-03-01 09:20:46,Включение интернета на 20 минут
44176,2021-04-01 08:13:21,Информер ВК. Показ
11865,2021-03-12 16:42:32,Информер ВК. Показ
11865,2021-03-12 16:42:53,Информер ВК. Показ
11865,2021-03-12 16:43:05,Информер ВК. Показ
28726,2021-03-23 12:55:15,Включение интернета на 20 минут
28726,2021-04-23 13:59:01,Информер ВК. Показ
28726,2021-04-23 13:59:11,Включение интернета на 20 минут
32457,2021-03-23 23:39:42,Информер ВК. Показ
32457,2021-03-23 23:39:43,Информер ВК. Показ
32457,2021-03-28 20:59:44,Гарантированный платеж за деньги
32457,2021-04-09 00:43:14,Гарантированный платеж за деньги
32457,2021-04-14 12:02:57,Гарантированный платеж за деньги
32457,2021-04-22 15:02:54,Гарантированный платеж за деньги
32457,2021-04-25 15:47:18,Информер ВК. Показ
7981,2021-03-01 17:36:26,Информер ВК. Показ
7981,2021-03-01 17:36:56,Включение интернета на 20 минут
7981,2021-03-01 19:59:26,Информер ВК. Показ
7981,2021-03-01 20:21:12,Гарантированный платеж за деньги
7981,2021-03-01 22:05:42,Просмотр раздела Тайный покупатель
7981,2021-03-09 23:16:49,Информер ВК. Показ
7981,2021-04-01 19:46:31,Информер ВК. Показ
7981,2021-04-01 22:14:11,Информер ВК. Показ
7981,2021-04-24 23:35:56,Информер ВК. Показ
11051,2021-03-02 21:32:21,Включение интернета на 20 минут
11051,2021-03-02 21:34:39,Информер ВК. Показ
11051,2021-03-03 20:56:09,Информер ВК. Показ
11051,2021-03-07 21:54:12,Включение интернета на 20 минут
11051,2021-03-14 19:47:02,Включение интернета на 20 минут
11051,2021-03-30 15:36:11,Включение интернета на 20 минут
11051,2021-04-02 17:59:33,Информер ВК. Показ
11051,2021-04-02 17:59:43,Включение интернета на 20 минут
11051,2021-04-06 18:48:27,Включение интернета на 20 минут
11051,2021-04-06 18:48:48,Информер ВК. Показ
11051,2021-04-10 19:36:05,Включение интернета на 20 минут
11051,2021-04-10 19:36:28,Информер ВК. Показ
11051,2021-04-24 22:46:24,Включение интернета на 20 минут
28051,2021-03-05 11:29:14,Информер ВК. Показ
28051,2021-03-05 11:32:11,Информер ВК. Показ
29456,2021-04-18 20:23:38,Информер ВК. Показ
29456,2021-04-18 20:25:13,Гарантированный платеж за деньги
11395,2021-03-20 10:35:43,Информер ВК. Показ
11395,2021-03-24 10:09:28,Информер ВК. Показ
11395,2021-03-24 11:37:22,Информер ВК. Показ
44219,2021-04-01 16:55:28,Информер ВК. Показ
44219,2021-04-01 17:07:45,Информер ВК. Показ
44219,2021-04-07 20:04:44,Информер ВК. Показ
9609,2021-04-21 07:27:13,Гарантированный платеж за деньги
9609,2021-04-24 08:03:15,Включение интернета на 20 минут
13380,2021-03-25 20:51:34,Гарантированный платеж за деньги
13380,2021-03-30 21:14:10,Гарантированный платеж за деньги
13380,2021-04-29 21:53:21,Гарантированный платеж за деньги
10808,2021-03-01 10:51:19,Информер ВК. Показ
10808,2021-03-01 10:51:51,Информер ВК. Показ
10808,2021-03-01 10:53:18,Гарантированный платеж за деньги
10808,2021-03-05 14:04:12,Гарантированный платеж за деньги
10808,2021-03-09 15:55:38,Гарантированный платеж за деньги
10808,2021-03-12 17:48:12,Гарантированный платеж за деньги
10808,2021-03-17 20:13:53,Гарантированный платеж за деньги
10808,2021-03-20 20:48:06,Гарантированный платеж за деньги
10808,2021-03-23 21:56:40,Гарантированный платеж за деньги
10808,2021-03-26 22:14:29,Информер ВК. Показ
10808,2021-03-26 22:14:36,Гарантированный платеж за деньги
10808,2021-04-02 16:56:52,Информер ВК. Показ
10808,2021-04-02 17:00:00,Гарантированный платеж за деньги
10808,2021-04-10 22:14:19,Информер ВК. Показ
10808,2021-04-10 22:14:29,Гарантированный платеж за деньги
10808,2021-04-16 18:49:50,Гарантированный платеж за деньги
10808,2021-04-19 20:11:06,Гарантированный платеж за деньги
10808,2021-04-21 17:08:56,Турбокнопка платно (1 час)
10808,2021-04-22 23:41:35,Гарантированный платеж за деньги
30460,2021-03-19 21:50:05,Информер ВК. Показ
30460,2021-03-19 21:55:46,Информер ВК. Показ
9280,2021-03-05 09:01:43,Информер ВК. Показ
9280,2021-03-29 11:30:00,Информер ВК. Показ
9280,2021-03-29 11:34:01,Информер ВК. Показ
9280,2021-04-23 22:21:20,Информер ВК. Показ
9280,2021-04-29 12:26:01,Информер ВК. Показ
8075,2021-03-10 06:55:16,Информер ВК. Показ
8075,2021-03-11 09:39:27,Информер ВК. Показ
8075,2021-03-11 12:06:45,Информер ВК. Показ
8075,2021-04-10 09:30:40,Информер ВК. Показ
8075,2021-04-11 11:50:25,Информер ВК. Показ
11500,2021-03-09 00:28:38,Информер ВК. Показ
11500,2021-03-09 17:47:40,Информер ВК. Показ
8353,2021-04-22 08:02:51,Информер ВК. Показ
8353,2021-04-22 08:03:33,Включение интернета на 20 минут
14928,2021-03-03 21:17:18,Включение интернета на 20 минут
14928,2021-03-03 21:17:19,Включение интернета на 20 минут
14928,2021-03-26 21:01:26,Информер ВК. Показ
14928,2021-03-26 21:02:21,Турбокнопка платно (1 сутки)
14928,2021-03-27 22:54:45,Информер ВК. Показ
14928,2021-03-27 22:56:59,Информер ВК. Показ
14928,2021-03-27 22:57:16,Турбокнопка платно (1 сутки)
14928,2021-04-14 12:59:12,Включение интернета на 20 минут
10313,2021-03-15 19:09:54,Информер ВК. Показ
42179,2021-03-27 18:38:04,Включение интернета на 20 минут
12048,2021-03-02 16:18:04,Информер ВК. Показ
12048,2021-03-02 16:19:23,Виртуальное бессмертие. Включение
12048,2021-03-02 16:20:01,Информер ВК. Показ
12048,2021-04-18 08:01:17,Информер ВК. Показ
12048,2021-04-18 08:01:26,Включение интернета на 20 минут
12048,2021-04-18 08:04:58,Информер ВК. Показ
31096,2021-03-08 18:52:35,Включение интернета на 20 минут
31096,2021-04-03 07:48:02,Информер ВК. Показ
37737,2021-03-29 16:07:36,Информер ВК. Показ
9435,2021-03-01 22:02:28,Информер ВК. Показ
9435,2021-03-01 22:03:51,Информер ВК. Показ
9435,2021-03-01 22:04:19,Информер ВК. Показ
9435,2021-03-01 22:07:19,Смена тарифа
9435,2021-03-01 22:07:43,Включение интернета на 20 минут
27915,2021-03-14 10:49:55,Информер ВК. Показ
9028,2021-03-03 12:25:24,Информер ВК. Показ
9028,2021-03-03 12:27:17,Информер ВК. Показ
9028,2021-03-14 23:43:42,Гарантированный платеж за деньги
9028,2021-03-18 07:36:06,Включение интернета на 20 минут
9028,2021-03-18 10:08:19,Информер ВК. Показ
9028,2021-03-18 10:09:49,Отключение услуги Автоплатёж
9028,2021-04-04 20:49:29,Информер ВК. Показ
9028,2021-04-18 12:12:06,Информер ВК. Показ
9028,2021-04-18 12:12:20,Включение интернета на 20 минут
9028,2021-04-18 12:13:58,Информер ВК. Показ
44238,2021-03-18 00:43:17,Информер ВК. Показ
44238,2021-03-27 00:53:07,Информер ВК. Показ
44238,2021-04-16 23:18:31,Информер ВК. Показ
44238,2021-04-19 21:14:44,Информер ВК. Показ
42229,2021-03-02 17:16:21,Информер ВК. Показ
42229,2021-03-04 16:11:09,Информер ВК. Показ
42229,2021-03-04 16:11:22,Гарантированный платеж за деньги
42229,2021-03-07 15:39:03,Информер ВК. Показ
42229,2021-04-04 08:00:56,Информер ВК. Показ
42229,2021-04-08 11:54:42,Информер ВК. Показ
42229,2021-04-13 14:03:03,Информер ВК. Показ
42229,2021-04-14 11:36:57,Гарантированный платеж за деньги
42229,2021-04-23 12:18:51,Гарантированный платеж за деньги
42229,2021-04-29 12:31:21,Гарантированный платеж за деньги
31108,2021-03-01 17:32:23,Гарантированный платеж за деньги
31108,2021-03-04 22:53:41,Гарантированный платеж за деньги
31108,2021-03-09 00:00:50,Гарантированный платеж за деньги
31108,2021-03-12 01:35:49,Гарантированный платеж за деньги
31108,2021-03-15 04:35:36,Гарантированный платеж за деньги
31108,2021-03-18 05:15:37,Гарантированный платеж за деньги
31108,2021-03-21 13:56:57,Гарантированный платеж за деньги
31108,2021-03-24 04:48:42,Информер ВК. Показ
31108,2021-03-24 04:48:54,Информер ВК. Закрытие
31108,2021-03-25 16:32:02,Гарантированный платеж за деньги
31108,2021-03-28 17:13:06,Гарантированный платеж за деньги
31108,2021-03-31 20:01:57,Гарантированный платеж за деньги
31108,2021-04-03 21:46:05,Гарантированный платеж за деньги
31108,2021-04-06 23:28:40,Гарантированный платеж за деньги
31108,2021-04-09 23:46:21,Гарантированный платеж за деньги
31108,2021-04-13 00:06:31,Гарантированный платеж за деньги
31108,2021-04-16 13:58:52,Гарантированный платеж за деньги
31108,2021-04-19 20:37:38,Включение интернета на 20 минут
31108,2021-04-19 22:42:58,Гарантированный платеж за деньги
31108,2021-04-22 23:54:19,Гарантированный платеж за деньги
31108,2021-04-24 19:19:08,Информер ВК. Показ
31108,2021-04-24 19:19:24,Информер ВК. Закрытие
31108,2021-04-25 23:57:27,Гарантированный платеж за деньги
31108,2021-04-29 04:55:15,Гарантированный платеж за деньги
37944,2021-03-03 12:35:07,Включение интернета на 20 минут
37944,2021-03-03 12:44:33,Включение интернета на 20 минут с IVR
37944,2021-04-29 10:25:55,Информер ВК. Показ
37944,2021-04-29 10:26:13,Информер ВК. Показ
37944,2021-04-29 10:28:19,Информер ВК. Показ
44246,2021-03-27 01:30:15,Информер ВК. Показ
14941,2021-03-01 07:43:00,Информер ВК. Показ
14941,2021-04-05 19:52:48,Информер ВК. Показ
14941,2021-04-14 07:55:29,Информер ВК. Показ
14941,2021-04-14 07:57:56,Информер ВК. Показ
14941,2021-04-14 07:58:56,Смена тарифа
8123,2021-03-12 19:00:38,Информер ВК. Показ
8711,2021-03-09 11:31:45,Информер ВК. Показ
11785,2021-04-14 18:01:47,Информер ВК. Показ
44272,2021-03-26 12:59:42,Информер ВК. Показ
44272,2021-04-24 20:01:42,Информер ВК. Показ
44272,2021-04-24 20:06:48,Информер ВК. Показ
10537,2021-03-03 21:42:26,Гарантированный платеж за деньги
10537,2021-03-06 12:48:53,Информер ВК. Показ
10537,2021-03-06 12:50:41,Информер ВК. Показ
10537,2021-03-08 16:15:48,Информер ВК. Показ
10537,2021-03-10 21:57:59,Гарантированный платеж за деньги
10537,2021-03-13 22:04:16,Включение интернета на 20 минут
10537,2021-04-03 20:18:56,Турбокнопка платно (1 час)
10537,2021-04-09 16:30:16,Информер ВК. Показ
10537,2021-04-14 16:29:33,Информер ВК. Показ
10537,2021-04-15 10:29:29,Информер ВК. Показ
10537,2021-04-15 18:49:45,Включение автоматической активации ГП
10537,2021-04-24 17:33:02,Бонус-скорость
37099,2021-03-13 23:58:09,Информер ВК. Показ
37099,2021-04-24 16:13:22,Виртуальное бессмертие. Использование
9559,2021-03-26 19:19:56,Показ информатора об изменении уведомлений через ВК платформу
9559,2021-03-26 19:22:30,Показ информатора об изменении уведомлений через ВК платформу
9559,2021-03-26 19:24:41,Показ информатора об изменении уведомлений через ВК платформу
9559,2021-04-27 15:22:47,Показ информатора об изменении уведомлений через ВК платформу
8560,2021-04-07 17:45:20,Включение интернета на 20 минут
11885,2021-03-06 13:46:18,Включение интернета на 20 минут
11885,2021-03-06 13:46:19,Включение интернета на 20 минут
11885,2021-03-06 13:52:40,Информер ВК. Показ
11885,2021-03-06 23:57:39,Включение интернета на 20 минут с IVR
44278,2021-04-21 19:04:24,Гарантированный платеж за деньги
38757,2021-03-24 00:10:36,Информер ВК. Показ
38757,2021-03-28 23:42:58,Получение подарка в ЛК: 1 месяц бесплатного просмотра IPTV
38757,2021-03-28 23:43:04,Получение подарка в ЛК: сутки интернета на максимальной скорости
38757,2021-03-28 23:44:27,Информер ВК. Показ
38757,2021-04-12 22:04:47,Информер ВК. Показ
38757,2021-04-28 18:16:54,Информер ВК. Показ
36072,2021-03-05 16:45:43,Гарантированный платеж за деньги
36072,2021-03-17 07:35:13,Гарантированный платеж за деньги
44303,2021-03-02 15:03:52,Информер ВК. Показ
44303,2021-03-30 21:03:35,Информер ВК. Показ
44303,2021-03-30 21:03:43,Информер ВК. Показ
44303,2021-04-01 07:50:14,Смена пароля
31800,2021-04-06 20:56:29,Информер ВК. Показ
31800,2021-04-06 20:56:43,Информер ВК. Показ
31800,2021-04-06 20:56:50,Информер ВК. Показ
9557,2021-03-08 14:07:20,Информер ВК. Показ
9557,2021-03-14 17:29:35,Информер ВК. Показ
44321,2021-03-18 14:10:00,Принято заявление и доп. соглашение по переезду
44321,2021-03-18 14:10:04,Информер ВК. Показ
11526,2021-03-18 22:33:36,Информер ВК. Показ
11699,2021-03-09 18:34:23,Информер ВК. Показ
31640,2021-03-16 11:07:40,Включение интернета на 20 минут
31640,2021-04-16 17:53:03,Включение интернета на 20 минут
28146,2021-03-08 11:40:57,Информер ВК. Показ
28146,2021-04-12 19:58:26,Информер ВК. Показ
28146,2021-04-12 21:06:38,Информер ВК. Показ
28146,2021-04-12 23:03:13,Информер ВК. Показ
31960,2021-04-07 10:01:35,Информер ВК. Показ
44350,2021-04-09 20:00:35,Включение IPTV-пакета
44350,2021-04-09 20:07:52,Включение интернета на 20 минут с IVR
30394,2021-04-02 08:45:26,Гарантированный платеж за деньги
29803,2021-03-28 21:05:33,Гарантированный платеж за деньги
29803,2021-04-09 17:37:44,Информер ВК. Показ
29803,2021-04-09 17:38:12,Гарантированный платеж за деньги
29803,2021-04-18 16:35:58,Включение интернета на 20 минут
29803,2021-04-22 18:37:08,Включение интернета на 20 минут
29803,2021-04-22 18:39:20,Без границ бесплатно. Отключение
10775,2021-03-22 21:18:46,Информер ВК. Показ
10775,2021-03-22 21:20:28,Информер ВК. Показ
10775,2021-03-22 21:21:25,Смена тарифа
10775,2021-03-22 21:21:45,Информер ВК. Показ
10775,2021-03-22 21:41:59,Включение интернета на 20 минут
10775,2021-04-27 23:15:00,Информер ВК. Показ
44271,2021-03-14 21:50:57,Включение интернета на 20 минут
44271,2021-03-14 21:53:20,Информер ВК. Показ
44271,2021-04-12 07:27:16,Информер ВК. Показ
11617,2021-04-05 12:23:54,Тайный покупатель. Отправлена анкета
11617,2021-04-05 12:28:21,Информер ВК. Показ
11617,2021-04-05 12:29:50,Информер ВК. Показ
11617,2021-04-05 12:32:58,Информер ВК. Показ
13037,2021-03-08 11:32:29,Включение интернета на 20 минут
44375,2021-03-01 15:23:42,Информер ВК. Показ
44375,2021-03-25 16:01:17,Включение интернета на 20 минут
44375,2021-03-28 19:32:00,Включение интернета на 20 минут
44375,2021-03-30 20:22:38,Информер ВК. Показ
44375,2021-04-23 20:55:36,Информер ВК. Показ
44375,2021-04-29 21:43:30,Информер ВК. Показ
44377,2021-03-02 07:49:05,Гарантированный платеж за деньги
44377,2021-03-05 08:03:52,Гарантированный платеж за деньги
44377,2021-03-05 08:04:30,Включение интернета на 20 минут
44377,2021-03-17 13:46:44,Гарантированный платеж за деньги
44377,2021-03-17 13:46:47,Включение интернета на 20 минут
44377,2021-03-20 13:52:06,Включение интернета на 20 минут
44377,2021-03-20 15:36:52,Включение интернета на 20 минут с IVR
44377,2021-03-20 15:39:11,Информер ВК. Показ
44377,2021-03-20 15:40:58,Информер ВК. Показ
44377,2021-03-22 16:00:04,Гарантированный платеж за деньги
44377,2021-04-05 16:36:20,Информер ВК. Показ
44377,2021-04-20 16:07:38,Гарантированный платеж за деньги
44380,2021-04-01 02:49:53,Информер ВК. Показ
44380,2021-04-18 21:14:56,Информер ВК. Показ
44380,2021-04-18 21:19:25,Информер ВК. Показ
44390,2021-03-17 19:33:51,Включение интернета на 20 минут
44390,2021-03-17 19:33:52,Включение интернета на 20 минут
8895,2021-04-04 20:43:22,Информер ВК. Показ
8895,2021-04-04 20:44:23,Информер ВК. Показ
44398,2021-04-26 16:47:26,Информер ВК. Показ
44398,2021-04-26 16:48:01,Включение интернета на 20 минут
44403,2021-03-07 16:25:49,Информер ВК. Показ
44403,2021-03-15 15:56:57,Информер ВК. Показ
44403,2021-03-21 19:31:40,Включение интернета на 20 минут
44403,2021-04-09 21:38:44,Информер ВК. Показ
44403,2021-04-17 19:47:35,Включение интернета на 20 минут
44403,2021-04-17 19:51:18,Информер ВК. Показ
44403,2021-04-22 10:33:42,Информер ВК. Показ
44403,2021-04-23 20:13:07,Включение интернета на 20 минут
44403,2021-04-23 20:13:08,Включение интернета на 20 минут
44403,2021-04-28 20:22:03,Включение интернета на 20 минут
15025,2021-04-19 01:13:34,Включение интернета на 20 минут
44418,2021-04-17 23:16:00,Информер ВК. Показ
44418,2021-04-17 23:17:17,Информер ВК. Показ
10105,2021-04-27 17:23:25,Информер ВК. Показ
10105,2021-04-27 17:23:53,Информер ВК. Показ
28796,2021-03-05 10:06:31,Включение интернета на 20 минут
28796,2021-03-08 10:02:23,Информер ВК. Показ
28796,2021-03-08 10:03:44,Информер ВК. Показ
28796,2021-03-10 10:35:41,Включение интернета на 20 минут
28796,2021-03-11 17:37:05,Включение интернета на 20 минут
28796,2021-03-14 15:00:02,Включение интернета на 20 минут
28796,2021-03-15 10:39:23,Информер ВК. Показ
28796,2021-03-18 09:13:56,Включение интернета на 20 минут
28796,2021-03-19 16:15:10,Включение интернета на 20 минут
28796,2021-03-20 17:19:29,Включение интернета на 20 минут
28796,2021-03-22 08:16:35,Включение интернета на 20 минут
28796,2021-03-23 09:10:52,Включение интернета на 20 минут
28796,2021-03-24 09:35:32,Включение интернета на 20 минут
28796,2021-03-25 19:45:28,Включение интернета на 20 минут
28796,2021-03-27 11:38:51,Включение интернета на 20 минут
28796,2021-03-28 15:32:01,Включение интернета на 20 минут
28796,2021-03-30 10:01:57,Включение интернета на 20 минут
28796,2021-04-03 20:01:10,Включение интернета на 20 минут
28796,2021-04-05 20:30:20,Включение интернета на 20 минут
28796,2021-04-07 11:24:05,Включение интернета на 20 минут
28796,2021-04-09 19:39:27,Включение интернета на 20 минут
28796,2021-04-12 12:38:48,Включение интернета на 20 минут
28796,2021-04-13 16:06:27,Включение интернета на 20 минут
28796,2021-04-15 19:32:00,Включение интернета на 20 минут
28796,2021-04-19 12:54:21,Включение интернета на 20 минут
28796,2021-04-25 15:32:09,Включение интернета на 20 минут
28796,2021-04-25 20:18:13,Информер ВК. Показ
28796,2021-04-25 20:18:49,Информер ВК. Показ
28796,2021-04-25 21:39:15,Информер ВК. Показ
28796,2021-04-29 09:05:33,Включение интернета на 20 минут
10252,2021-04-06 14:17:34,Информер ВК. Показ
10252,2021-04-06 14:17:37,Информер ВК. Показ
38624,2021-03-04 23:34:59,Гарантированный платеж за деньги
38624,2021-04-12 22:42:59,Гарантированный платеж за деньги
38624,2021-04-20 13:29:52,Гарантированный платеж за деньги
13088,2021-03-08 13:52:35,Гарантированный платеж за деньги
13088,2021-03-12 15:02:00,Информер ВК. Показ
13088,2021-03-12 15:03:01,Информер ВК. Показ
13088,2021-03-12 15:03:41,Информер ВК. Показ
8635,2021-04-20 17:24:55,Информер ВК. Показ
8635,2021-04-21 12:36:40,Информер ВК. Показ
8635,2021-04-21 12:36:46,Информер ВК. Показ
8635,2021-04-21 20:25:34,Гарантированный платеж за деньги
8635,2021-04-25 16:01:24,Гарантированный платеж за деньги
8635,2021-04-28 18:04:51,Гарантированный платеж за деньги
13514,2021-04-12 18:47:23,Включение интернета на 20 минут
13514,2021-04-12 18:47:24,Включение интернета на 20 минут
10689,2021-03-08 14:40:12,Информер ВК. Показ
10689,2021-03-17 15:39:05,Информер ВК. Показ
10689,2021-04-18 12:43:12,Информер ВК. Показ
8055,2021-04-07 21:08:28,Информер ВК. Показ
8055,2021-04-10 19:51:14,Информер ВК. Показ
44427,2021-03-22 19:04:57,Информер ВК. Показ
44461,2021-04-10 17:46:32,Получение подарка в ЛК: 1 месяц бесплатного просмотра IPTV
44461,2021-04-10 17:46:42,Получение подарка в ЛК: сутки интернета на максимальной скорости
44461,2021-04-10 17:46:57,Информер ВК. Показ
44471,2021-03-28 18:30:50,Включение интернета на 20 минут
44471,2021-03-28 18:31:09,Получение подарка в ЛК: 1 месяц бесплатного просмотра IPTV
44471,2021-03-28 18:31:19,Получение подарка в ЛК: сутки интернета на максимальной скорости
44471,2021-03-28 18:31:31,Информер ВК. Показ
44471,2021-04-28 19:02:28,Информер ВК. Показ
44471,2021-04-28 19:05:41,Включение интернета на 20 минут
44471,2021-04-28 19:07:58,Информер ВК. Показ
8662,2021-03-16 23:35:47,Гарантированный платеж за деньги
14174,2021-03-12 21:21:56,Информер ВК. Показ
14174,2021-03-13 18:48:59,Информер ВК. Показ
14174,2021-03-13 18:49:27,Просмотр раздела Тайный покупатель
14174,2021-03-20 05:18:03,Информер ВК. Показ
28511,2021-03-01 22:08:26,Гарантированный платеж за деньги
28511,2021-03-04 02:07:58,Информер ВК. Показ
28511,2021-03-04 22:23:01,Включение интернета на 20 минут
28511,2021-03-04 23:22:25,Гарантированный платеж за деньги
28511,2021-03-07 15:37:49,Информер ВК. Показ
28511,2021-03-07 23:35:28,Включение интернета на 20 минут
28511,2021-03-08 00:16:53,Гарантированный платеж за деньги
28511,2021-03-11 00:34:22,Гарантированный платеж за деньги
28511,2021-03-14 01:06:55,Включение интернета на 20 минут
28511,2021-03-14 11:32:23,Гарантированный платеж за деньги
28511,2021-03-17 12:48:22,Включение интернета на 20 минут
28511,2021-03-17 14:16:20,Гарантированный платеж за деньги
28511,2021-03-20 21:40:51,Информер ВК. Показ
28511,2021-04-08 13:37:20,Информер ВК. Показ
28511,2021-04-13 12:36:54,Информер ВК. Показ
28511,2021-04-20 15:53:16,Гарантированный платеж за деньги
28511,2021-04-23 16:27:38,Информер ВК. Показ
28511,2021-04-23 16:27:45,Включение интернета на 20 минут
28511,2021-04-23 16:58:13,Гарантированный платеж за деньги
28511,2021-04-26 17:04:40,Гарантированный платеж за деньги
28511,2021-04-29 17:40:05,Без границ платно. Отключение
28511,2021-04-29 17:40:07,Без границ платно. Включение
28511,2021-04-29 17:40:14,Гарантированный платеж за деньги
44476,2021-03-09 17:27:34,Информер ВК. Показ
44476,2021-03-10 15:49:35,Включение интернета на 20 минут
44476,2021-04-10 20:01:07,Информер ВК. Показ
44476,2021-04-10 20:02:43,Информер ВК. Показ
44476,2021-04-10 20:03:22,Информер ВК. Показ
44476,2021-04-10 20:03:29,Включение интернета на 20 минут
9337,2021-03-04 19:02:02,Информер ВК. Показ
9337,2021-03-04 19:02:46,Просмотр раздела Тайный покупатель
9337,2021-03-04 19:03:24,Информер ВК. Показ
9337,2021-03-06 08:53:56,Информер ВК. Показ
44486,2021-03-02 22:31:55,Информер ВК. Показ
44486,2021-03-02 22:32:34,Информер ВК. Показ
44486,2021-03-05 17:10:01,Информер ВК. Показ
44486,2021-04-03 19:15:21,Информер ВК. Показ
44486,2021-04-03 19:16:17,Информер ВК. Показ
30152,2021-03-06 23:49:48,Гарантированный платеж за деньги
30152,2021-03-10 01:04:01,Информер ВК. Показ
30152,2021-03-10 01:04:06,Включение интернета на 20 минут
30152,2021-04-02 21:44:41,Информер ВК. Показ
30152,2021-04-10 11:30:26,Информер ВК. Показ
30152,2021-04-10 11:30:35,Гарантированный платеж за деньги
30152,2021-04-11 11:52:39,Информер ВК. Показ
30152,2021-04-14 20:19:51,Включение интернета на 20 минут
29894,2021-04-09 22:56:39,Включение интернета на 20 минут
11910,2021-04-18 18:40:05,Включение интернета на 20 минут
44488,2021-03-06 20:10:21,Гарантированный платеж за деньги
44488,2021-03-12 20:32:45,Гарантированный платеж за деньги
44488,2021-03-18 21:03:20,Гарантированный платеж за деньги
44488,2021-04-02 23:21:45,Гарантированный платеж за деньги
44488,2021-04-09 09:47:10,Информер ВК. Показ
44488,2021-04-09 09:47:37,Информер ВК. Показ
44488,2021-04-20 14:27:52,Информер ВК. Показ
44488,2021-04-29 11:50:28,Включение интернета на 20 минут
44488,2021-04-29 11:53:10,Гарантированный платеж за деньги
33743,2021-03-10 19:21:25,Включение интернета на 20 минут
33743,2021-03-10 19:21:35,Информер ВК. Показ
33743,2021-04-01 22:14:12,Включение интернета на 20 минут
33743,2021-04-04 11:36:04,Информер ВК. Показ
33743,2021-04-05 13:08:41,Информер ВК. Показ
10633,2021-03-05 11:07:36,Включение интернета на 20 минут
10633,2021-03-19 15:32:28,Информер ВК. Показ
10633,2021-03-19 15:34:46,Информер ВК. Показ
10633,2021-03-23 06:53:34,Информер ВК. Показ
10633,2021-04-20 13:29:37,Информер ВК. Показ
10633,2021-04-20 13:29:47,Включение интернета на 20 минут
10633,2021-04-20 13:32:26,Информер ВК. Показ
10633,2021-04-25 13:45:08,Информер ВК. Показ
10633,2021-04-25 13:45:18,Включение интернета на 20 минут
28356,2021-04-17 22:45:41,Информер ВК. Показ
12096,2021-03-10 18:05:47,Информер ВК. Показ
12096,2021-04-14 10:50:32,Информер ВК. Показ
12096,2021-04-14 11:07:50,Информер ВК. Показ
12096,2021-04-14 11:15:03,Информер ВК. Показ
36504,2021-03-16 18:37:40,Включение интернета на 20 минут
36504,2021-03-17 19:03:08,Включение интернета на 20 минут
36504,2021-04-17 02:24:58,Включение интернета на 20 минут
36504,2021-04-19 06:00:44,Включение интернета на 20 минут
36504,2021-04-23 17:54:32,Включение интернета на 20 минут
36504,2021-04-25 18:09:10,Включение интернета на 20 минут
36504,2021-04-26 18:24:17,Включение интернета на 20 минут
12686,2021-04-26 16:02:19,Информер ВК. Показ
34880,2021-03-17 19:10:40,Включение интернета на 20 минут
34880,2021-04-17 20:57:16,Информер ВК. Показ
34880,2021-04-17 20:58:15,Включение интернета на 20 минут
8264,2021-04-08 22:35:58,Информер ВК. Показ
8299,2021-03-21 18:47:03,Информер ВК. Показ
8299,2021-03-21 18:50:04,Информер ВК. Показ
8299,2021-04-21 18:51:30,Информер ВК. Показ
8299,2021-04-21 18:53:08,Информер ВК. Показ
8627,2021-03-22 17:33:00,Информер ВК. Показ
8627,2021-04-26 15:22:13,Информер ВК. Показ
39436,2021-03-02 15:44:45,Включение интернета на 20 минут
39436,2021-03-04 19:09:25,Включение интернета на 20 минут
39436,2021-03-06 20:09:11,Включение интернета на 20 минут
39436,2021-03-08 20:23:35,Включение интернета на 20 минут
39436,2021-03-10 21:56:29,Включение интернета на 20 минут
39436,2021-03-12 17:05:42,Включение интернета на 20 минут
39436,2021-03-14 18:32:42,Включение интернета на 20 минут
39436,2021-03-16 22:10:02,Включение интернета на 20 минут
39436,2021-03-18 12:37:11,Включение интернета на 20 минут
39436,2021-03-20 14:39:09,Включение интернета на 20 минут
39436,2021-03-22 21:56:00,Информер ВК. Показ
39436,2021-03-22 21:56:06,Включение интернета на 20 минут
39436,2021-03-24 18:16:31,Информер ВК. Показ
39436,2021-03-25 10:26:44,Включение интернета на 20 минут
39436,2021-03-27 11:10:52,Включение интернета на 20 минут
39436,2021-03-28 19:36:36,Информер ВК. Показ
39436,2021-03-29 07:14:54,Включение интернета на 20 минут
39436,2021-03-30 08:27:28,Включение интернета на 20 минут
39436,2021-03-31 08:55:14,Включение интернета на 20 минут
39436,2021-04-01 09:03:55,Включение интернета на 20 минут
39436,2021-04-02 09:12:27,Включение интернета на 20 минут
39436,2021-04-03 10:45:50,Включение интернета на 20 минут
39436,2021-04-05 14:12:57,Включение интернета на 20 минут
39436,2021-04-06 17:16:28,Включение интернета на 20 минут
39436,2021-04-08 18:49:01,Включение интернета на 20 минут
39436,2021-04-09 20:35:42,Включение интернета на 20 минут
39436,2021-04-13 12:33:50,Включение интернета на 20 минут
39436,2021-04-15 19:10:52,Включение интернета на 20 минут
39436,2021-04-18 16:26:47,Включение интернета на 20 минут
39436,2021-04-20 16:40:22,Включение интернета на 20 минут
39436,2021-04-22 19:24:10,Включение интернета на 20 минут
39436,2021-04-23 20:58:14,Информер ВК. Показ
39436,2021-04-23 20:58:21,Включение интернета на 20 минут
39436,2021-04-24 19:18:20,Информер ВК. Показ
39436,2021-04-29 17:01:06,Информер ВК. Показ
39436,2021-04-29 21:22:46,Включение интернета на 20 минут
29304,2021-03-05 22:28:12,Включение интернета на 20 минут
8479,2021-03-16 17:44:42,Информер ВК. Показ
8479,2021-03-16 17:47:32,Информер ВК. Показ
8479,2021-03-16 17:52:07,Виртуальное бессмертие. Включение
8479,2021-03-17 22:12:35,Информер ВК. Показ
8479,2021-04-17 16:36:18,Информер ВК. Показ
8479,2021-04-17 16:37:38,Информер ВК. Показ
8479,2021-04-17 16:37:46,Включение интернета на 20 минут
9595,2021-04-12 11:16:20,Включение интернета на 20 минут с IVR
9595,2021-04-16 17:36:34,Принято заявление и доп. соглашение по переезду
9595,2021-04-16 17:36:39,Информер ВК. Показ
9595,2021-04-16 17:36:54,Информер ВК. Показ
9595,2021-04-16 17:39:30,Информер ВК. Показ
39805,2021-03-04 17:38:21,Гарантированный платеж за деньги
39805,2021-03-08 07:32:22,Информер ВК. Показ
39805,2021-03-08 13:25:12,Включение интернета на 20 минут
39805,2021-03-10 18:17:16,Информер ВК. Показ
39805,2021-03-10 18:17:28,Включение интернета на 20 минут
39805,2021-03-10 23:34:34,Информер ВК. Показ
39805,2021-03-16 19:29:57,Включение интернета на 20 минут
39805,2021-03-19 21:08:50,Включение интернета на 20 минут
39805,2021-03-24 12:12:18,Включение интернета на 20 минут
39805,2021-03-27 19:15:49,Включение интернета на 20 минут
39805,2021-04-02 20:28:36,Включение интернета на 20 минут
39805,2021-04-05 20:48:35,Включение интернета на 20 минут
39805,2021-04-08 17:41:22,Информер ВК. Показ
39805,2021-04-11 13:12:51,Информер ВК. Показ
39805,2021-04-14 23:01:31,Информер ВК. Показ
39805,2021-04-18 11:45:41,Гарантированный платеж за деньги
44498,2021-03-08 22:54:47,Включение интернета на 20 минут
44498,2021-03-08 22:54:48,Включение интернета на 20 минут
44504,2021-03-11 19:55:15,Информер ВК. Показ
44516,2021-04-25 08:37:04,Информер ВК. Показ
44518,2021-03-04 21:21:30,Информер ВК. Показ
44518,2021-03-04 21:21:42,Информер ВК. Показ
44518,2021-03-10 20:49:07,Гарантированный платеж за деньги
44518,2021-04-02 06:47:46,Включение интернета на 20 минут
44518,2021-04-02 06:47:47,Включение интернета на 20 минут
44518,2021-04-12 11:02:33,Информер ВК. Показ
44518,2021-04-15 07:53:21,Информер ВК. Показ
44518,2021-04-15 07:56:20,Информер ВК. Показ
44518,2021-04-18 14:42:21,Включение интернета на 20 минут
11380,2021-03-23 21:15:54,Информер ВК. Показ
11380,2021-03-24 03:54:48,Информер ВК. Показ
11380,2021-03-24 03:54:56,Гарантированный платеж за деньги
11380,2021-03-26 01:49:53,Информер ВК. Показ
11380,2021-04-27 04:16:24,Включение интернета на 20 минут
11380,2021-04-27 04:16:49,Информер ВК. Показ
11380,2021-04-27 04:17:21,Гарантированный платеж за деньги
11380,2021-04-29 16:11:31,Информер ВК. Показ
8629,2021-03-19 21:02:03,Информер ВК. Показ
8629,2021-04-21 08:42:02,Информер ВК. Показ
12438,2021-03-20 00:39:06,Информер ВК. Показ
12438,2021-03-20 00:40:06,Информер ВК. Показ
12438,2021-03-20 00:40:14,Информер ВК. Показ
12438,2021-04-28 21:00:57,Информер ВК. Показ
44533,2021-03-10 00:06:38,Информер ВК. Показ
44533,2021-03-10 02:33:01,Информер ВК. Показ
44533,2021-03-11 00:00:44,Информер ВК. Показ
44533,2021-04-10 00:46:31,Информер ВК. Показ
32132,2021-04-15 18:57:52,Принято заявление и доп. соглашение по переезду
32132,2021-04-15 18:57:55,Информер ВК. Показ
44034,2021-03-02 02:03:16,Информер ВК. Показ
44034,2021-03-11 00:53:19,Информер ВК. Показ
44034,2021-03-25 05:37:30,Гарантированный платеж за деньги
44034,2021-04-10 06:12:28,Гарантированный платеж за деньги
44034,2021-04-27 17:19:13,Гарантированный платеж за деньги
7886,2021-03-26 20:26:21,Включение интернета на 20 минут
44559,2021-03-10 15:25:00,Информер ВК. Показ
44559,2021-03-27 15:43:04,Информер ВК. Показ
44559,2021-03-27 15:45:49,Информер ВК. Показ
44569,2021-03-27 09:56:05,Информер ВК. Показ
44569,2021-03-27 09:58:16,Информер ВК. Показ
44569,2021-04-27 08:12:16,Информер ВК. Показ
30183,2021-03-12 12:33:58,Включение интернета на 20 минут
30183,2021-03-12 12:33:59,Включение интернета на 20 минут
31199,2021-04-24 22:23:09,Информер ВК. Показ
31199,2021-04-24 22:23:28,Включение IPTV-пакета
34407,2021-03-02 20:16:52,Гарантированный платеж за деньги
34407,2021-03-13 08:22:08,Гарантированный платеж за деньги
34407,2021-03-19 20:14:12,Гарантированный платеж за деньги
41213,2021-03-08 12:02:23,Включение интернета на 20 минут с IVR
41213,2021-04-04 18:40:11,Включение интернета на 20 минут
41213,2021-04-04 19:46:41,Гарантированный платеж за деньги
41213,2021-04-11 00:23:30,Включение интернета на 20 минут с IVR
41213,2021-04-23 11:12:51,Информер ВК. Показ
41213,2021-04-26 20:10:48,Включение интернета на 20 минут
44586,2021-03-02 20:41:43,Информер ВК. Показ
44586,2021-03-20 08:36:04,Информер ВК. Показ
44586,2021-04-04 12:00:23,Информер ВК. Показ
44586,2021-04-11 09:13:28,Информер ВК. Показ
44586,2021-04-27 20:51:54,Информер ВК. Показ
44587,2021-03-03 08:24:55,Включение интернета на 20 минут
44587,2021-03-08 10:59:29,Включение интернета на 20 минут
44587,2021-03-13 13:53:51,Включение интернета на 20 минут
44587,2021-03-23 15:07:07,Гарантированный платеж за деньги
44587,2021-04-01 15:19:13,Включение интернета на 20 минут
44587,2021-04-06 15:34:34,Включение интернета на 20 минут
44587,2021-04-26 18:04:15,Включение интернета на 20 минут
44597,2021-03-03 13:12:47,Включение интернета на 20 минут
44597,2021-03-26 15:03:14,Включение интернета на 20 минут
44613,2021-03-25 14:23:58,Восстановление пароля
44613,2021-03-25 14:23:59,Восстановление пароля
44613,2021-03-25 14:25:52,Восстановление пароля
44613,2021-03-25 14:26:05,Восстановление пароля
44623,2021-03-21 18:42:25,Информер ВК. Показ
44623,2021-04-11 00:17:51,Информер ВК. Показ
8616,2021-04-26 09:02:22,Информер ВК. Показ
14800,2021-03-05 23:50:48,Гарантированный платеж за деньги
14800,2021-04-06 17:16:20,Информер ВК. Показ
44296,2021-03-04 16:08:38,Информер ВК. Показ
44296,2021-03-04 16:09:31,Информер ВК. Показ
9541,2021-03-12 23:31:00,Показ информатора об изменении уведомлений через ВК платформу
9541,2021-03-12 23:32:12,Включение интернета на 20 минут
9541,2021-03-12 23:34:50,Показ информатора об изменении уведомлений через ВК платформу
9541,2021-04-13 21:03:47,Показ информатора об изменении уведомлений через ВК платформу
10075,2021-03-24 22:00:25,Информер ВК. Показ
10075,2021-03-24 22:00:37,Информер ВК. Показ
10075,2021-03-24 22:00:49,Информер ВК. Показ
10075,2021-03-24 22:01:04,Гарантированный платеж за деньги
9328,2021-03-23 20:53:01,Информер ВК. Показ
9328,2021-03-23 20:56:24,Информер ВК. Показ
9328,2021-03-24 00:17:04,Информер ВК. Показ
9328,2021-04-24 15:04:14,Информер ВК. Показ
12406,2021-03-17 20:29:29,Включение интернета на 20 минут с IVR
44644,2021-04-08 20:25:53,Информер ВК. Показ
44644,2021-04-08 20:26:27,Информер ВК. Показ
44644,2021-04-08 20:26:31,Включение интернета на 20 минут
44644,2021-04-08 20:39:45,Информер ВК. Показ
44648,2021-04-21 20:59:05,Гарантированный платеж за деньги
44650,2021-04-13 16:22:56,Включение интернета на 20 минут
13922,2021-04-22 23:55:38,Включение интернета на 20 минут
13922,2021-04-22 23:55:42,Информер ВК. Показ
13922,2021-04-22 23:59:30,Информер ВК. Показ
44654,2021-03-02 16:46:15,Информер ВК. Показ
44654,2021-04-03 00:49:41,Информер ВК. Показ
44654,2021-04-03 00:49:52,Информер ВК. Показ
44673,2021-03-15 01:08:12,Информер ВК. Показ
44673,2021-03-15 01:08:22,Турбокнопка платно (1 сутки)
44673,2021-03-15 19:31:16,Информер ВК. Показ
44673,2021-03-19 18:54:58,Получение подарка в ЛК: 1 месяц бесплатного просмотра IPTV
44673,2021-03-19 18:55:15,Получение подарка в ЛК: сутки интернета на максимальной скорости
44673,2021-03-21 16:53:56,Информер ВК. Показ
44673,2021-03-21 16:54:02,Турбокнопка бесплатно
44673,2021-03-26 22:29:53,Турбокнопка платно (1 час)
44673,2021-03-28 21:15:01,Турбокнопка платно (1 час)
44673,2021-03-29 18:38:26,Турбокнопка бесплатно
44673,2021-03-29 20:09:51,Турбокнопка платно (1 сутки)
44673,2021-03-29 22:11:44,Просмотр раздела Тайный покупатель
44673,2021-03-29 22:14:40,Бонус-скорость
44673,2021-03-29 22:14:56,Бонус-скорость
44673,2021-03-29 22:19:10,Бонус-скорость
44673,2021-04-11 21:44:07,Турбокнопка платно (1 сутки)
44673,2021-04-15 19:26:35,Информер ВК. Показ
44673,2021-04-15 19:26:40,Турбокнопка платно (1 сутки)
44673,2021-04-16 19:34:19,Информер ВК. Показ
44673,2021-04-17 00:30:25,Турбокнопка бесплатно
44673,2021-04-27 19:22:17,Информер ВК. Показ
44673,2021-04-27 19:22:23,Турбокнопка бесплатно
44673,2021-04-29 18:11:11,Турбокнопка бесплатно
44673,2021-04-29 21:46:47,Турбокнопка платно (1 час)
38900,2021-03-05 13:01:28,Информер ВК. Показ
38900,2021-03-28 21:38:12,Информер ВК. Показ
38900,2021-04-27 18:59:48,Информер ВК. Показ
38900,2021-04-27 19:03:35,Информер ВК. Показ
44688,2021-03-04 21:09:52,Гарантированный платеж за деньги
44688,2021-04-04 20:35:16,Гарантированный платеж за деньги
44688,2021-04-11 20:55:25,Гарантированный платеж за деньги
44688,2021-04-26 21:12:35,Гарантированный платеж за деньги
31923,2021-04-12 20:48:49,Информер ВК. Показ
11095,2021-03-01 03:22:01,Гарантированный платеж за деньги
11095,2021-03-04 12:20:07,Включение интернета на 20 минут
11095,2021-03-04 14:03:32,Гарантированный платеж за деньги
11095,2021-03-07 16:24:10,Гарантированный платеж за деньги
11095,2021-03-11 20:20:29,Гарантированный платеж за деньги
11095,2021-03-15 14:54:50,Гарантированный платеж за деньги
11095,2021-03-18 20:07:00,Включение интернета на 20 минут
11095,2021-03-19 01:46:03,Гарантированный платеж за деньги
11095,2021-03-22 14:43:17,Информер ВК. Показ
11095,2021-03-22 14:43:41,Информер ВК. Показ
11095,2021-03-22 14:46:09,Гарантированный платеж за деньги
11095,2021-03-25 15:02:17,Гарантированный платеж за деньги
11095,2021-03-28 16:19:32,Информер ВК. Показ
11095,2021-03-28 16:19:42,Гарантированный платеж за деньги
11095,2021-03-31 16:21:42,Гарантированный платеж за деньги
11095,2021-04-03 18:00:48,Включение интернета на 20 минут
11095,2021-04-03 18:02:35,Гарантированный платеж за деньги
11095,2021-04-06 18:08:16,Гарантированный платеж за деньги
11095,2021-04-09 19:09:45,Включение интернета на 20 минут
11095,2021-04-10 00:10:26,Гарантированный платеж за деньги
11095,2021-04-13 01:37:57,Гарантированный платеж за деньги
11095,2021-04-16 01:52:55,Гарантированный платеж за деньги
11095,2021-04-19 02:30:16,Гарантированный платеж за деньги
11095,2021-04-23 08:39:42,Информер ВК. Показ
11095,2021-04-23 08:39:56,Гарантированный платеж за деньги
11095,2021-04-27 00:16:36,Информер ВК. Показ
11095,2021-04-27 00:16:52,Гарантированный платеж за деньги
30858,2021-03-15 13:31:33,Информер ВК. Показ
30858,2021-03-15 13:31:34,Информер ВК. Показ
30858,2021-03-15 13:31:59,Информер ВК. Показ
30858,2021-04-25 19:21:56,Информер ВК. Показ
30858,2021-04-25 19:22:18,Информер ВК. Показ
28450,2021-04-12 11:40:40,Информер ВК. Показ
28450,2021-04-12 11:42:14,Информер ВК. Показ
10772,2021-03-30 17:25:48,Гарантированный платеж за деньги
10772,2021-04-11 17:54:25,Гарантированный платеж за деньги
10772,2021-04-11 17:54:34,Информер ВК. Показ
28910,2021-03-09 21:42:39,Информер ВК. Показ
28910,2021-03-09 21:42:44,Включение интернета на 20 минут
28910,2021-03-09 21:52:28,Информер ВК. Показ
28910,2021-04-08 21:55:31,Включение интернета на 20 минут
28910,2021-04-11 22:31:17,Включение интернета на 20 минут
44699,2021-03-03 16:15:39,Включение интернета на 20 минут
44699,2021-03-04 20:56:31,Включение интернета на 20 минут
44700,2021-03-28 19:31:15,Гарантированный платеж за деньги
44700,2021-03-31 20:01:31,Гарантированный платеж за деньги
44700,2021-04-03 20:27:11,Гарантированный платеж за деньги
44700,2021-04-06 22:05:47,Гарантированный платеж за деньги
44700,2021-04-10 21:25:54,Включение интернета на 20 минут
44706,2021-03-24 23:43:04,Информер ВК. Показ
44706,2021-04-02 07:08:12,Включение интернета на 20 минут
44706,2021-04-02 07:08:33,Информер ВК. Показ
44706,2021-04-02 07:08:42,Гарантированный платеж за деньги
44706,2021-04-09 18:35:24,Гарантированный платеж за деньги
44706,2021-04-09 18:35:33,Информер ВК. Показ
44706,2021-04-16 19:31:03,Гарантированный платеж за деньги
8700,2021-03-01 18:57:01,Турбокнопка бесплатно
8700,2021-03-02 18:46:01,Турбокнопка бесплатно
8700,2021-03-03 18:30:09,Турбокнопка бесплатно
8700,2021-03-04 15:09:00,Турбокнопка бесплатно
8700,2021-03-05 16:38:33,Турбокнопка бесплатно
8700,2021-03-06 11:16:59,Турбокнопка бесплатно
8700,2021-03-07 18:36:14,Турбокнопка бесплатно
8700,2021-03-08 18:54:36,Турбокнопка бесплатно
8700,2021-03-09 18:38:50,Турбокнопка бесплатно
8700,2021-03-10 18:50:02,Турбокнопка бесплатно
8700,2021-03-11 17:05:38,Турбокнопка бесплатно
8700,2021-03-12 16:39:48,Турбокнопка бесплатно
8700,2021-03-13 09:19:42,Турбокнопка бесплатно
8700,2021-03-14 18:56:31,Турбокнопка бесплатно
8700,2021-03-15 18:34:52,Турбокнопка бесплатно
8700,2021-03-15 18:34:57,Информер ВК. Показ
8700,2021-03-16 18:21:30,Турбокнопка бесплатно
8700,2021-03-17 18:08:54,Турбокнопка бесплатно
8700,2021-03-17 18:09:00,Информер ВК. Показ
8700,2021-03-18 16:17:20,Турбокнопка бесплатно
8700,2021-03-19 16:42:49,Турбокнопка бесплатно
8700,2021-03-20 08:41:06,Турбокнопка бесплатно
8700,2021-03-20 08:41:11,Информер ВК. Показ
8700,2021-03-21 18:49:25,Турбокнопка бесплатно
8700,2021-03-22 18:43:10,Турбокнопка бесплатно
8700,2021-03-23 18:20:24,Турбокнопка бесплатно
8700,2021-03-24 18:15:49,Турбокнопка бесплатно
8700,2021-03-25 15:55:18,Турбокнопка бесплатно
8700,2021-03-26 16:22:33,Турбокнопка бесплатно
8700,2021-03-27 11:19:29,Турбокнопка бесплатно
8700,2021-03-28 18:56:34,Турбокнопка бесплатно
8700,2021-03-29 18:27:47,Турбокнопка бесплатно
8700,2021-03-30 18:34:17,Турбокнопка бесплатно
8700,2021-03-31 17:54:40,Турбокнопка бесплатно
8700,2021-04-01 15:45:52,Турбокнопка бесплатно
8700,2021-04-02 16:12:07,Турбокнопка бесплатно
8700,2021-04-03 10:20:24,Турбокнопка бесплатно
8700,2021-04-04 18:42:27,Турбокнопка бесплатно
8700,2021-04-05 18:25:18,Турбокнопка бесплатно
8700,2021-04-06 18:39:02,Турбокнопка бесплатно
8700,2021-04-07 18:24:59,Турбокнопка бесплатно
8700,2021-04-08 18:49:33,Турбокнопка бесплатно
8700,2021-04-09 15:13:04,Турбокнопка бесплатно
8700,2021-04-10 19:04:59,Турбокнопка бесплатно
8700,2021-04-11 10:01:48,Турбокнопка бесплатно
8700,2021-04-12 19:04:35,Турбокнопка бесплатно
8700,2021-04-13 18:20:17,Турбокнопка бесплатно
8700,2021-04-14 18:27:46,Турбокнопка бесплатно
8700,2021-04-15 18:11:56,Турбокнопка бесплатно
8700,2021-04-16 16:44:06,Турбокнопка бесплатно
8700,2021-04-16 16:44:12,Информер ВК. Показ
8700,2021-04-17 08:25:46,Турбокнопка бесплатно
8700,2021-04-19 14:19:22,Турбокнопка бесплатно
8700,2021-04-19 14:19:39,Информер ВК. Показ
8700,2021-04-20 18:24:52,Турбокнопка бесплатно
8700,2021-04-20 18:24:57,Информер ВК. Показ
8700,2021-04-21 18:52:42,Турбокнопка бесплатно
8700,2021-04-22 16:24:49,Турбокнопка бесплатно
8700,2021-04-23 19:08:24,Турбокнопка бесплатно
8700,2021-04-24 11:55:37,Турбокнопка бесплатно
8700,2021-04-25 15:54:01,Турбокнопка бесплатно
8700,2021-04-26 18:37:18,Турбокнопка бесплатно
8700,2021-04-27 18:30:43,Турбокнопка бесплатно
8700,2021-04-28 18:28:48,Турбокнопка бесплатно
8700,2021-04-29 16:25:12,Турбокнопка бесплатно
44712,2021-03-04 17:47:25,Информер ВК. Показ
44712,2021-03-04 17:47:27,Информер ВК. Показ
44712,2021-03-04 17:47:40,Информер ВК. Показ
44712,2021-03-04 17:57:58,Просмотр раздела Тайный покупатель
44718,2021-03-18 16:13:48,Включение интернета на 20 минут
44718,2021-03-18 16:13:49,Включение интернета на 20 минут
44718,2021-04-03 12:48:37,Включение интернета на 20 минут
44718,2021-04-07 14:38:49,Включение интернета на 20 минут
44718,2021-04-20 15:24:00,Включение интернета на 20 минут
44718,2021-04-20 15:24:01,Включение интернета на 20 минут
35568,2021-03-14 21:10:36,Включение интернета на 20 минут с IVR
44731,2021-03-13 14:27:26,Информер ВК. Показ
29892,2021-04-13 21:29:36,Информер ВК. Показ
29892,2021-04-13 21:29:44,Включение интернета на 20 минут
9635,2021-04-01 21:42:44,Просмотр раздела Тайный покупатель
8445,2021-03-26 09:08:11,Информер ВК. Показ
8445,2021-03-26 13:46:46,Информер ВК. Показ
8445,2021-03-26 13:48:19,Информер ВК. Показ
8445,2021-04-29 09:52:24,Информер ВК. Показ
8445,2021-04-29 09:55:51,Информер ВК. Показ
28189,2021-03-14 03:22:57,Гарантированный платеж за деньги
28189,2021-03-17 10:38:23,Информер ВК. Показ
28189,2021-04-18 16:39:59,Гарантированный платеж за деньги
10578,2021-03-16 17:43:32,Информер ВК. Показ
10578,2021-04-17 15:16:39,Информер ВК. Показ
10578,2021-04-17 15:16:42,Информер ВК. Показ
38476,2021-03-26 08:13:07,Информер ВК. Показ
38476,2021-03-26 08:15:26,Информер ВК. Показ
38476,2021-03-26 08:15:32,Включение интернета на 20 минут
38476,2021-04-24 12:01:44,Получение подарка в ЛК: сутки интернета на максимальной скорости
38476,2021-04-24 12:01:57,Получение подарка в ЛК: 1 месяц бесплатного просмотра IPTV
38476,2021-04-24 12:44:44,Информер ВК. Показ
13641,2021-04-11 18:08:26,Показ информатора об изменении уведомлений через ВК платформу
13641,2021-04-15 09:43:18,Показ информатора об изменении уведомлений через ВК платформу
13641,2021-04-15 09:43:35,Показ информатора об изменении уведомлений через ВК платформу
31167,2021-04-26 12:19:48,Включение интернета на 20 минут с IVR
12297,2021-04-06 11:20:40,Включение интернета на 20 минут
34971,2021-04-11 17:01:00,Гарантированный платеж за деньги
44753,2021-03-02 23:10:17,Гарантированный платеж за деньги
44753,2021-03-06 10:03:23,Включение интернета на 20 минут
44753,2021-04-05 18:43:53,Включение интернета на 20 минут
12942,2021-03-07 14:44:25,Информер ВК. Показ
12942,2021-03-19 00:07:26,Гарантированный платеж за деньги
12942,2021-04-05 13:34:57,Включение интернета на 20 минут
12942,2021-04-05 13:35:38,Информер ВК. Показ
12942,2021-04-05 13:35:52,Гарантированный платеж за деньги
12942,2021-04-05 13:36:05,Информер ВК. Показ
12942,2021-04-14 19:40:41,Гарантированный платеж за деньги
12942,2021-04-14 19:42:11,Включение интернета на 20 минут
12942,2021-04-14 19:42:23,Информер ВК. Показ
14074,2021-03-29 02:06:33,Информер ВК. Показ
14074,2021-03-29 02:08:29,Информер ВК. Показ
12041,2021-03-20 18:08:47,Включение интернета на 20 минут
12041,2021-03-20 18:09:04,Информер ВК. Показ
12041,2021-03-20 18:09:23,Информер ВК. Закрытие
10546,2021-04-24 13:21:25,Информер ВК. Показ
10546,2021-04-24 13:27:54,Информер ВК. Показ
13086,2021-04-20 16:55:28,Включение интернета на 20 минут
12233,2021-03-21 15:28:37,Включение интернета на 20 минут
12233,2021-04-19 09:05:02,Информер ВК. Показ
12233,2021-04-19 09:07:00,Просмотр раздела Тайный покупатель
12233,2021-04-19 09:07:57,Информер ВК. Показ
44764,2021-04-12 18:27:55,Информер ВК. Показ
44764,2021-04-12 18:30:27,Информер ВК. Показ
44764,2021-04-12 18:31:41,Информер ВК. Показ
44764,2021-04-21 19:19:53,Включение IPTV-пакета
33524,2021-03-04 09:36:36,Показ информатора об изменении уведомлений через ВК платформу
33524,2021-03-19 15:56:09,Показ информатора об изменении уведомлений через ВК платформу
33524,2021-03-24 17:39:24,Показ информатора об изменении уведомлений через ВК платформу
33524,2021-04-13 10:02:22,Показ информатора об изменении уведомлений через ВК платформу
33524,2021-04-20 10:06:16,Показ информатора об изменении уведомлений через ВК платформу
33524,2021-04-25 08:42:54,Показ информатора об изменении уведомлений через ВК платформу
44775,2021-03-27 00:36:28,Гарантированный платеж за деньги
44775,2021-04-09 22:23:06,Гарантированный платеж за деньги
44775,2021-04-28 08:47:03,Включение интернета на 20 минут
44776,2021-04-03 20:31:30,Информер ВК. Показ
44776,2021-04-04 09:20:51,Информер ВК. Показ
44776,2021-04-04 09:20:54,Информер ВК. Показ
44776,2021-04-04 09:21:22,Абонент оставил отзыв в Личном кабинете
11947,2021-03-29 18:13:48,Гарантированный платеж за деньги
8438,2021-03-10 18:00:15,Информер ВК. Показ
8438,2021-03-10 18:00:46,Информер ВК. Показ
8438,2021-03-23 10:39:09,Информер ВК. Показ
44795,2021-04-07 18:44:24,Информер ВК. Показ
14943,2021-03-27 18:51:49,Принято заявление и доп. соглашение по переезду
14943,2021-03-27 18:51:53,Информер ВК. Показ
44796,2021-03-02 20:16:16,Информер ВК. Показ
44796,2021-03-03 20:34:16,Информер ВК. Показ
44796,2021-03-22 22:12:43,Информер ВК. Показ
44796,2021-04-01 21:55:14,Включение интернета на 20 минут
44796,2021-04-05 11:17:38,Информер ВК. Показ
44796,2021-04-05 11:28:23,Информер ВК. Показ
44796,2021-04-09 20:53:03,Включение интернета на 20 минут
44796,2021-04-10 21:48:48,Включение интернета на 20 минут
44796,2021-04-23 19:19:13,Информер ВК. Показ
44798,2021-03-02 23:51:32,Информер ВК. Показ
44798,2021-03-02 23:53:01,Выключение IPTV-пакета
44798,2021-03-03 00:02:22,Информер ВК. Показ
44798,2021-03-03 00:53:18,Информер ВК. Показ
44798,2021-03-03 01:24:15,Включение IPTV-пакета
44798,2021-03-03 01:26:08,Выключение IPTV-пакета
14357,2021-03-09 22:14:36,Информер ВК. Показ
14357,2021-03-29 16:09:10,Информер ВК. Показ
14357,2021-03-29 16:10:54,Информер ВК. Показ
14357,2021-04-10 20:35:21,Информер ВК. Показ
44799,2021-03-09 17:07:48,Информер ВК. Показ
44799,2021-03-09 17:13:06,Информер ВК. Показ
44799,2021-04-04 09:19:30,Информер ВК. Показ
44799,2021-04-12 20:49:16,Получение подарка в ЛК: сутки интернета на максимальной скорости
44799,2021-04-12 20:49:37,Получение подарка в ЛК: 1 месяц бесплатного просмотра IPTV
44799,2021-04-12 20:59:57,Информер ВК. Показ
44799,2021-04-14 22:21:57,Информер ВК. Показ
44802,2021-03-05 15:04:13,Включение интернета на 20 минут
44802,2021-03-05 15:04:14,Включение интернета на 20 минут
44802,2021-03-24 16:18:11,Информер ВК. Показ
44802,2021-04-18 10:11:30,Информер ВК. Показ
30139,2021-04-09 21:02:08,Включение интернета на 20 минут
14512,2021-03-13 21:06:27,Информер ВК. Показ
41368,2021-04-05 18:50:27,Информер ВК. Показ
41368,2021-04-05 18:51:25,Выключение IPTV-пакета
41368,2021-04-05 18:52:42,Просмотр раздела Тайный покупатель
41368,2021-04-05 18:53:49,Информер ВК. Показ
41368,2021-04-05 18:54:06,Смена тарифа
41368,2021-04-05 18:54:11,Информер ВК. Показ
44805,2021-04-05 21:58:34,Информер ВК. Показ
44808,2021-03-13 23:21:49,Информер ВК. Показ
44808,2021-03-13 23:21:51,Информер ВК. Показ
44808,2021-03-30 18:32:47,Информер ВК. Показ
44808,2021-04-25 02:58:04,Информер ВК. Показ
9145,2021-04-05 15:42:47,Информер ВК. Показ
9145,2021-04-05 15:42:53,Включение интернета на 20 минут
9145,2021-04-05 15:46:31,Информер ВК. Показ
9145,2021-04-05 15:46:33,Информер ВК. Показ
44826,2021-03-16 15:18:55,Включение интернета на 20 минут с IVR
44826,2021-04-17 17:33:59,Включение интернета на 20 минут с IVR
14048,2021-03-10 01:09:57,Гарантированный платеж за деньги
14048,2021-03-16 07:10:54,Включение интернета на 20 минут
14048,2021-03-16 11:21:12,Информер ВК. Показ
14048,2021-03-16 11:27:05,Информер ВК. Показ
14048,2021-03-16 11:27:25,Информер ВК. Показ
14048,2021-03-16 11:30:24,Гарантированный платеж за деньги
14048,2021-04-24 09:21:28,Включение интернета на 20 минут
13869,2021-03-31 06:12:33,Включение интернета на 20 минут
13869,2021-03-31 06:42:38,Гарантированный платеж за деньги
13869,2021-04-03 15:14:58,Гарантированный платеж за деньги
13869,2021-04-29 15:43:31,Гарантированный платеж за деньги
11887,2021-03-05 19:18:11,Включение интернета на 20 минут
13201,2021-03-01 20:14:29,Включение интернета на 20 минут
13201,2021-03-02 20:18:59,Включение интернета на 20 минут
13201,2021-03-06 11:42:09,Включение интернета на 20 минут
13201,2021-03-07 16:52:53,Включение интернета на 20 минут
13201,2021-03-08 17:08:49,Включение интернета на 20 минут
13201,2021-03-09 19:45:43,Включение интернета на 20 минут
13201,2021-03-10 19:03:58,Информер ВК. Показ
13201,2021-03-14 09:29:53,Включение интернета на 20 минут
13201,2021-03-15 18:54:35,Включение интернета на 20 минут
13201,2021-03-16 19:22:24,Включение интернета на 20 минут
13201,2021-03-20 22:17:25,Включение интернета на 20 минут
13201,2021-03-22 19:26:27,Включение интернета на 20 минут
13201,2021-03-27 22:34:13,Включение интернета на 20 минут
13201,2021-03-29 21:16:51,Включение интернета на 20 минут
13201,2021-03-30 21:28:39,Включение интернета на 20 минут
13201,2021-04-04 09:53:40,Включение интернета на 20 минут
13201,2021-04-05 19:49:30,Включение интернета на 20 минут
13201,2021-04-06 20:48:10,Включение интернета на 20 минут
13201,2021-04-10 21:36:32,Информер ВК. Показ
13201,2021-04-10 21:36:47,Включение интернета на 20 минут
13201,2021-04-12 20:00:59,Включение интернета на 20 минут
13201,2021-04-14 19:56:02,Включение интернета на 20 минут
13201,2021-04-19 21:31:48,Включение интернета на 20 минут
13201,2021-04-21 19:17:10,Включение интернета на 20 минут
13201,2021-04-23 00:15:42,Включение интернета на 20 минут
13201,2021-04-24 21:12:24,Включение интернета на 20 минут
13201,2021-04-26 00:12:18,Включение интернета на 20 минут
13201,2021-04-28 22:07:02,Включение интернета на 20 минут
11333,2021-03-29 20:00:35,Информер ВК. Показ
11333,2021-04-13 16:17:26,Получение подарка в ЛК: 1 месяц бесплатного просмотра IPTV
11333,2021-04-13 16:17:35,Получение подарка в ЛК: сутки интернета на максимальной скорости
11333,2021-04-13 16:18:37,Информер ВК. Показ
11333,2021-04-13 20:34:57,Информер ВК. Показ
11645,2021-03-11 19:13:17,Информер ВК. Показ
11645,2021-03-27 09:31:10,Информер ВК. Показ
11645,2021-04-03 14:48:54,Информер ВК. Показ
11645,2021-04-03 14:48:58,Турбокнопка бесплатно
11645,2021-04-08 17:08:35,Турбокнопка бесплатно
11645,2021-04-21 17:03:34,Информер ВК. Показ
11645,2021-04-27 23:52:14,Информер ВК. Показ
11645,2021-04-29 15:13:51,Турбокнопка бесплатно
44854,2021-04-26 02:55:51,Информер ВК. Показ
44854,2021-04-27 05:35:57,Информер ВК. Показ
44854,2021-04-27 22:06:56,Гарантированный платеж за деньги
35919,2021-03-11 10:41:27,Информер ВК. Показ
35919,2021-03-11 10:43:52,Информер ВК. Показ
35919,2021-03-26 20:19:39,Информер ВК. Показ
35919,2021-04-11 21:46:55,Информер ВК. Показ
35919,2021-04-11 21:49:35,Информер ВК. Показ
10498,2021-04-12 15:13:06,Включение интернета на 20 минут
44862,2021-04-19 14:45:30,Включение IPTV-пакета
29443,2021-03-10 20:42:05,Информер ВК. Показ
29443,2021-03-11 20:13:40,Информер ВК. Показ
29443,2021-04-02 09:58:50,Информер ВК. Показ
29443,2021-04-15 23:44:50,Информер ВК. Показ
29443,2021-04-23 22:52:07,Информер ВК. Показ
11491,2021-04-27 21:11:55,Включение интернета на 20 минут
11491,2021-04-27 21:12:32,Получение подарка в ЛК: 1 месяц бесплатного просмотра IPTV
11491,2021-04-27 21:12:38,Получение подарка в ЛК: сутки интернета на максимальной скорости
11491,2021-04-27 21:12:50,Информер ВК. Показ
11491,2021-04-27 21:13:50,Информер ВК. Показ
10384,2021-04-06 18:03:44,Информер ВК. Показ
10384,2021-04-21 15:36:47,Информер ВК. Показ
11040,2021-04-21 18:54:14,Информер ВК. Показ
11040,2021-04-21 18:55:23,Информер ВК. Показ
44884,2021-04-19 14:39:10,Гарантированный платеж за деньги
44884,2021-04-24 18:08:26,Гарантированный платеж за деньги
44887,2021-03-02 19:29:31,Информер ВК. Показ
44887,2021-03-03 12:00:02,Информер ВК. Показ
44887,2021-03-19 22:04:20,Информер ВК. Показ
44887,2021-04-10 14:35:05,Информер ВК. Показ
44887,2021-04-10 14:35:43,Гарантированный платеж за деньги
44887,2021-04-10 14:36:10,Информер ВК. Показ
44887,2021-04-29 17:07:52,Информер ВК. Показ
44889,2021-03-08 20:57:10,Информер ВК. Показ
44889,2021-04-11 22:04:01,Информер ВК. Показ
44891,2021-03-05 16:35:07,Включение интернета на 20 минут
44891,2021-04-01 22:13:00,Включение интернета на 20 минут
44891,2021-04-01 22:13:22,Гарантированный платеж за деньги
44891,2021-04-08 22:01:33,Гарантированный платеж за деньги
44891,2021-04-12 22:41:04,Гарантированный платеж за деньги
44891,2021-04-22 00:40:17,Гарантированный платеж за деньги
44891,2021-04-29 08:02:22,Гарантированный платеж за деньги
15031,2021-04-23 13:25:46,Информер ВК. Показ
15031,2021-04-23 13:25:58,Турбокнопка бесплатно
14401,2021-03-17 00:38:23,Информер ВК. Показ
14401,2021-03-17 00:38:38,Гарантированный платеж за деньги
14401,2021-04-01 11:01:14,Включение интернета на 20 минут
14401,2021-04-01 11:01:15,Включение интернета на 20 минут
44915,2021-03-14 02:07:28,Гарантированный платеж за деньги
44920,2021-04-13 20:09:48,Информер ВК. Показ
44920,2021-04-13 20:10:27,Информер ВК. Показ
44920,2021-04-13 20:11:13,Информер ВК. Показ
10573,2021-03-10 22:00:16,Информер ВК. Показ
10573,2021-03-23 15:36:39,Информер ВК. Показ
10573,2021-04-04 06:01:03,Информер ВК. Показ
10573,2021-04-11 10:48:42,Информер ВК. Показ
10573,2021-04-27 21:49:46,Информер ВК. Показ
12939,2021-03-12 16:11:14,Информер ВК. Показ
12939,2021-03-12 16:11:23,Включение интернета на 20 минут
12939,2021-03-12 16:11:52,Информер ВК. Показ
12939,2021-03-12 16:12:10,Информер ВК. Показ
36470,2021-03-22 08:04:49,Информер ВК. Показ
36470,2021-03-30 03:44:17,Информер ВК. Показ
36470,2021-04-02 19:48:00,Информер ВК. Показ
14983,2021-03-06 15:09:43,Турбокнопка бесплатно
14983,2021-03-19 16:50:55,Турбокнопка бесплатно
14983,2021-03-29 18:38:50,Турбокнопка бесплатно
14983,2021-03-30 16:31:29,Турбокнопка бесплатно
14983,2021-04-07 12:34:01,Без границ платно. Включение
14983,2021-04-07 12:34:22,Информер ВК. Показ
14983,2021-04-07 12:35:06,Без границ платно. Отключение
14983,2021-04-07 12:35:19,Турбокнопка бесплатно
27891,2021-03-19 21:56:24,Информер ВК. Показ
27891,2021-03-19 21:58:45,Информер ВК. Показ
27891,2021-04-19 22:27:14,Гарантированный платеж за деньги
27891,2021-04-22 22:31:40,Информер ВК. Показ
11502,2021-03-15 12:01:45,Информер ВК. Показ
11502,2021-04-01 18:49:51,Информер ВК. Показ
11502,2021-04-01 18:51:03,Информер ВК. Показ
11502,2021-04-16 19:43:17,Информер ВК. Показ
30672,2021-03-01 19:16:03,Информер ВК. Показ
44961,2021-04-16 08:36:24,Включение интернета на 20 минут
44961,2021-04-16 08:36:45,Информер ВК. Показ
44961,2021-04-16 08:37:17,Гарантированный платеж за деньги
44961,2021-04-25 14:02:47,Включение интернета на 20 минут
7915,2021-03-26 16:03:35,Информер ВК. Показ
14629,2021-03-18 18:46:44,Информер ВК. Показ
14629,2021-03-18 18:47:36,Информер ВК. Показ
14629,2021-03-25 15:03:16,Информер ВК. Показ
14629,2021-04-25 19:42:05,Информер ВК. Показ
11810,2021-03-27 12:58:37,Гарантированный платеж за деньги
11810,2021-03-30 20:15:29,Гарантированный платеж за деньги
11810,2021-04-05 01:42:48,Гарантированный платеж за деньги
11810,2021-04-08 12:52:55,Гарантированный платеж за деньги
11810,2021-04-11 15:33:56,Гарантированный платеж за деньги
11810,2021-04-15 00:13:40,Включение интернета на 20 минут
11810,2021-04-15 23:04:02,Гарантированный платеж за деньги
11810,2021-04-18 23:31:04,Гарантированный платеж за деньги
11810,2021-04-23 11:12:46,Включение интернета на 20 минут
28590,2021-04-11 20:33:57,Информер ВК. Показ
28590,2021-04-11 20:34:45,Информер ВК. Показ
29583,2021-04-01 21:15:19,Информер ВК. Показ
29583,2021-04-02 07:09:49,Информер ВК. Показ
29583,2021-04-02 07:15:03,Информер ВК. Показ
12420,2021-03-19 18:41:09,Информер ВК. Показ
12420,2021-03-19 21:12:23,Информер ВК. Показ
12420,2021-03-19 21:12:24,Информер ВК. Показ
11154,2021-03-04 18:44:27,Включение интернета на 20 минут
11154,2021-03-06 21:35:57,Информер ВК. Показ
11154,2021-04-04 21:11:27,Гарантированный платеж за деньги
11154,2021-04-08 07:22:41,Включение интернета на 20 минут
44966,2021-03-18 19:24:02,Смена пароля
44971,2021-03-19 00:12:38,Информер ВК. Показ
44975,2021-03-17 19:04:26,Гарантированный платеж за деньги
44975,2021-04-29 20:12:42,Гарантированный платеж за деньги
44976,2021-03-08 03:25:25,Включение интернета на 20 минут
44976,2021-04-08 18:02:03,Включение интернета на 20 минут
12519,2021-03-24 10:22:46,Включение интернета на 20 минут
12519,2021-03-24 10:23:25,Включение интернета на 20 минут с IVR
44981,2021-03-15 13:52:52,Гарантированный платеж за деньги
44981,2021-03-24 14:47:49,Гарантированный платеж за деньги
44981,2021-04-11 21:03:41,Гарантированный платеж за деньги
31321,2021-03-22 11:30:38,Информер ВК. Показ
31321,2021-03-22 11:32:44,Информер ВК. Показ
31321,2021-03-22 11:34:18,Информер ВК. Показ
44989,2021-03-07 17:41:00,Информер ВК. Показ
44989,2021-04-01 17:46:24,Гарантированный платеж за деньги
11034,2021-03-17 07:02:58,Гарантированный платеж за деньги
11034,2021-03-17 07:03:57,Информер ВК. Показ
11034,2021-03-17 18:15:37,Информер ВК. Показ
11034,2021-03-17 18:15:41,Информер ВК. Показ
28862,2021-04-07 13:00:53,Информер ВК. Показ
28862,2021-04-07 13:02:28,Без границ бесплатно. Включение
28862,2021-04-07 13:03:43,Информер ВК. Показ
28862,2021-04-22 07:30:34,Информер ВК. Показ
29822,2021-03-21 02:38:59,Информер ВК. Показ
29822,2021-03-31 02:28:26,Информер ВК. Показ
29822,2021-03-31 02:31:29,Информер ВК. Показ
29822,2021-04-23 21:52:38,Информер ВК. Показ
34850,2021-03-26 06:38:02,Гарантированный платеж за деньги
34850,2021-03-29 07:37:30,Включение интернета на 20 минут
34850,2021-04-29 07:55:40,Включение интернета на 20 минут
34850,2021-04-29 07:55:41,Включение интернета на 20 минут
45005,2021-03-13 17:35:23,Информер ВК. Показ
45005,2021-03-21 18:43:11,Информер ВК. Показ
45005,2021-03-27 20:33:22,Информер ВК. Показ
45005,2021-04-15 21:15:59,Информер ВК. Показ
45005,2021-04-22 16:54:55,Информер ВК. Показ
35219,2021-04-22 09:58:15,Гарантированный платеж за деньги
35219,2021-04-25 10:04:35,Включение интернета на 20 минут
8040,2021-03-08 19:49:17,Информер ВК. Показ
8040,2021-03-08 19:49:22,Информер ВК. Показ
8040,2021-03-08 19:49:56,Информер ВК. Показ
10036,2021-03-03 17:45:47,Информер ВК. Показ
10036,2021-03-03 17:46:50,Информер ВК. Показ
10036,2021-03-05 19:21:02,Информер ВК. Показ
10036,2021-03-05 19:21:38,Смена тарифа
10036,2021-04-05 22:12:51,Информер ВК. Показ
10036,2021-04-05 22:15:30,Информер ВК. Показ
10036,2021-04-12 20:54:15,Информер ВК. Показ
9260,2021-03-04 00:32:02,Информер ВК. Показ
9260,2021-03-04 11:42:20,Информер ВК. Показ
9260,2021-04-04 22:18:44,Информер ВК. Показ
9260,2021-04-14 02:59:18,Информер ВК. Показ
9260,2021-04-14 02:59:32,Бонус-скорость
39161,2021-03-02 11:52:13,Информер ВК. Показ
39161,2021-03-02 11:56:37,Просмотр раздела Тайный покупатель
39161,2021-03-11 15:03:03,Информер ВК. Показ
39161,2021-03-31 10:15:46,Информер ВК. Показ
39161,2021-03-31 10:15:58,Включение интернета на 20 минут
39161,2021-04-09 08:28:26,Информер ВК. Показ
39161,2021-04-18 12:30:31,Информер ВК. Показ
39161,2021-04-18 12:30:41,Включение интернета на 20 минут
39161,2021-04-27 12:47:58,Включение интернета на 20 минут
13435,2021-03-07 18:05:39,Гарантированный платеж за деньги
13435,2021-03-15 18:39:43,Гарантированный платеж за деньги
13435,2021-03-30 20:42:15,Гарантированный платеж за деньги
13435,2021-04-03 22:31:04,Гарантированный платеж за деньги
13435,2021-04-26 14:34:03,Включение интернета на 20 минут
13435,2021-04-26 15:34:33,Гарантированный платеж за деньги
13435,2021-04-29 16:07:05,Гарантированный платеж за деньги
45017,2021-03-10 20:14:17,Получение подарка в ЛК: 1 месяц бесплатного просмотра IPTV
45017,2021-03-10 20:14:39,Получение подарка в ЛК: сутки интернета на максимальной скорости
42601,2021-03-01 21:33:29,Общий счет. Отсоединение реципиента
42601,2021-03-02 06:16:18,Информер ВК. Показ
42601,2021-03-02 06:16:35,Гарантированный платеж за деньги
42601,2021-03-03 12:13:14,Информер ВК. Показ
42601,2021-03-05 10:13:38,Включение интернета на 20 минут с IVR
42601,2021-03-05 10:32:14,Смена пароля
42601,2021-03-05 10:33:23,Включение интернета на 20 минут
42601,2021-03-09 13:31:53,Гарантированный платеж за деньги
42601,2021-03-14 09:20:03,Абонент оставил отзыв в Личном кабинете
42601,2021-03-15 15:03:57,Гарантированный платеж за деньги
42601,2021-03-18 18:01:29,Включение интернета на 20 минут
42601,2021-03-18 19:50:41,Включение интернета на 20 минут с IVR
42601,2021-03-18 20:49:59,Абонент оставил отзыв в Личном кабинете
42601,2021-03-19 22:13:39,Включение интернета на 20 минут
42601,2021-03-19 22:14:32,Гарантированный платеж за деньги
42601,2021-03-22 14:05:53,Абонент оставил отзыв в Личном кабинете
42601,2021-04-06 13:25:36,Информер ВК. Показ
42601,2021-04-06 13:25:42,Абонент оставил отзыв в Личном кабинете
42601,2021-04-06 23:53:44,Информер ВК. Показ
42601,2021-04-11 22:08:29,Информер ВК. Показ
42601,2021-04-11 22:08:35,Абонент оставил отзыв в Личном кабинете
42601,2021-04-21 13:37:49,Включение интернета на 20 минут
42601,2021-04-21 17:24:16,Гарантированный платеж за деньги
42601,2021-04-24 17:35:29,Включение интернета на 20 минут
42601,2021-04-29 19:48:19,Гарантированный платеж за деньги
45029,2021-04-03 20:55:19,Информер ВК. Показ
45029,2021-04-11 10:24:17,Информер ВК. Показ
45029,2021-04-11 10:24:22,Просмотр раздела Тайный покупатель
45029,2021-04-11 10:24:28,Информер ВК. Показ
45034,2021-03-09 07:57:38,Информер ВК. Показ
45034,2021-03-22 09:24:04,Включение интернета на 20 минут
45034,2021-03-28 20:20:27,Включение интернета на 20 минут
45034,2021-04-02 20:34:22,Информер ВК. Показ
45034,2021-04-02 20:34:26,Включение интернета на 20 минут
45034,2021-04-04 19:23:10,Включение интернета на 20 минут
45034,2021-04-11 20:51:09,Включение интернета на 20 минут
45034,2021-04-18 21:35:19,Включение интернета на 20 минут
45034,2021-04-18 21:35:20,Включение интернета на 20 минут
45034,2021-04-25 20:32:36,Включение интернета на 20 минут
8544,2021-04-06 08:07:27,Информер ВК. Показ
8544,2021-04-06 08:08:24,Информер ВК. Показ
8544,2021-04-06 08:08:31,Информер ВК. Показ
8544,2021-04-06 08:12:03,Включение интернета на 20 минут с IVR
28250,2021-03-15 14:55:16,Информер ВК. Показ
28250,2021-03-15 14:57:16,Информер ВК. Показ
28250,2021-03-15 14:57:21,Информер ВК. Показ
30780,2021-03-08 10:01:59,Информер ВК. Показ
30780,2021-03-13 01:05:05,Информер ВК. Показ
30780,2021-04-13 13:01:05,Информер ВК. Показ
45050,2021-03-04 20:03:53,Информер ВК. Показ
45050,2021-03-04 20:05:42,Родительский контроль. Включение
45050,2021-03-15 15:53:08,Включение интернета на 20 минут
45050,2021-03-21 19:02:44,Включение интернета на 20 минут
45050,2021-03-23 19:34:36,Включение интернета на 20 минут
45050,2021-03-27 22:14:50,Информер ВК. Показ
45050,2021-04-08 00:00:50,Информер ВК. Показ
45050,2021-04-08 00:02:00,Родительский контроль. Включение
45050,2021-04-08 00:13:30,Информер ВК. Показ
45050,2021-04-08 00:15:03,Родительский контроль. Выключение
45050,2021-04-16 22:18:36,Гарантированный платеж за деньги
45050,2021-04-19 22:48:53,Включение интернета на 20 минут
45050,2021-04-21 21:07:05,Смена пароля
45050,2021-04-21 21:07:39,Родительский контроль. Включение
42181,2021-04-02 16:35:12,Гарантированный платеж за деньги
30978,2021-03-03 09:04:26,Информер ВК. Показ
30978,2021-03-15 22:16:25,Информер ВК. Показ
30978,2021-03-15 22:16:28,Информер ВК. Показ
30978,2021-03-29 13:16:54,Гарантированный платеж за деньги
30978,2021-04-04 18:25:54,Информер ВК. Показ
30978,2021-04-04 18:32:47,Просмотр раздела Тайный покупатель
30978,2021-04-04 18:56:01,Включение автоматической активации ГП
30978,2021-04-08 19:42:40,Гарантированный платеж за деньги
30978,2021-04-13 19:24:57,Включение автоматической активации ГП
30978,2021-04-17 19:53:47,Информер ВК. Показ
30978,2021-04-17 19:55:12,Гарантированный платеж за деньги
30978,2021-04-20 20:20:52,Информер ВК. Показ
30978,2021-04-24 19:47:09,Гарантированный платеж за деньги
45058,2021-04-21 18:55:50,Информер ВК. Показ
28556,2021-04-08 22:04:25,Информер ВК. Показ
28556,2021-04-27 05:50:12,Информер ВК. Показ
28995,2021-03-28 14:22:33,Информер ВК. Показ
28995,2021-03-28 14:24:08,Информер ВК. Показ
28995,2021-03-28 14:24:22,Информер ВК. Показ
28995,2021-03-28 14:26:15,Включение интернета на 20 минут
28995,2021-04-20 15:03:40,Турбокнопка платно (1 час)
28995,2021-04-27 00:23:40,Турбокнопка бесплатно
28995,2021-04-28 16:31:48,Информер ВК. Показ
28995,2021-04-28 16:32:02,Гарантированный платеж за деньги
28995,2021-04-28 16:32:09,Информер ВК. Показ
30531,2021-03-09 16:30:45,Турбокнопка бесплатно
30531,2021-03-11 12:44:24,Турбокнопка бесплатно
30531,2021-03-13 15:55:07,Турбокнопка бесплатно
30531,2021-03-14 09:51:57,Информер ВК. Показ
30531,2021-03-14 15:10:31,Турбокнопка бесплатно
30531,2021-03-16 19:20:19,Информер ВК. Показ
30531,2021-03-17 18:32:02,Информер ВК. Показ
30531,2021-03-20 11:29:26,Включение интернета на 20 минут
30531,2021-03-28 12:49:37,Турбокнопка бесплатно
30531,2021-04-03 18:09:22,Турбокнопка бесплатно
30531,2021-04-04 16:49:29,Турбокнопка бесплатно
30531,2021-04-07 12:36:25,Турбокнопка бесплатно
30531,2021-04-09 11:40:56,Турбокнопка бесплатно
30531,2021-04-14 14:15:33,Информер ВК. Показ
30531,2021-04-16 18:41:07,Турбокнопка бесплатно
30531,2021-04-17 19:15:06,Информер ВК. Показ
30531,2021-04-17 20:34:29,Информер ВК. Показ
30531,2021-04-18 10:47:22,Турбокнопка бесплатно
30531,2021-04-21 15:33:03,Включение интернета на 20 минут
30531,2021-04-24 21:44:08,Турбокнопка платно (1 час)
45077,2021-04-13 15:29:58,Гарантированный платеж за деньги
45078,2021-04-06 12:33:13,Информер ВК. Показ
45078,2021-04-06 12:33:20,Абонент оставил отзыв в Личном кабинете
45078,2021-04-06 21:21:45,Информер ВК. Показ
45078,2021-04-06 21:27:23,Информер ВК. Показ
45078,2021-04-06 21:28:37,Включение интернета на 20 минут
9990,2021-04-07 21:20:24,Выключение IPTV-пакета
9990,2021-04-19 21:23:14,Информер ВК. Показ
9990,2021-04-19 21:23:31,Информер ВК. Показ
29381,2021-03-29 11:08:55,Информер ВК. Показ
29381,2021-03-29 11:11:45,Информер ВК. Показ
29381,2021-04-02 18:20:14,Информер ВК. Показ
11951,2021-04-03 12:39:33,Информер ВК. Показ
11951,2021-04-03 12:39:49,Информер ВК. Показ
11951,2021-04-03 12:40:00,Информер ВК. Показ
12441,2021-04-02 07:18:12,Информер ВК. Показ
12441,2021-04-02 13:18:20,Информер ВК. Показ
12441,2021-04-02 13:18:36,Информер ВК. Показ
31049,2021-03-25 18:07:37,Информер ВК. Показ
31049,2021-03-30 18:17:27,Информер ВК. Показ
31049,2021-03-30 18:17:51,Информер ВК. Показ
45082,2021-03-15 22:23:34,Информер ВК. Показ
29102,2021-03-03 09:53:47,Гарантированный платеж за деньги
29102,2021-03-06 10:05:17,Включение интернета на 20 минут
29102,2021-03-06 10:30:08,Гарантированный платеж за деньги
29102,2021-03-09 11:36:17,Гарантированный платеж за деньги
29102,2021-03-12 14:04:49,Включение интернета на 20 минут
29102,2021-03-12 14:49:11,Гарантированный платеж за деньги
29102,2021-03-15 15:46:26,Включение интернета на 20 минут
29102,2021-03-15 17:59:25,Гарантированный платеж за деньги
29102,2021-03-18 18:11:03,Гарантированный платеж за деньги
29102,2021-03-21 18:26:26,Включение интернета на 20 минут
29102,2021-03-21 18:26:27,Включение интернета на 20 минут
29102,2021-03-21 18:51:43,Гарантированный платеж за деньги
29102,2021-03-24 19:01:48,Включение интернета на 20 минут
29102,2021-03-24 19:01:49,Включение интернета на 20 минут
29102,2021-03-24 20:11:06,Гарантированный платеж за деньги
29102,2021-03-27 20:35:11,Включение интернета на 20 минут
29102,2021-03-27 20:57:26,Гарантированный платеж за деньги
29102,2021-03-30 22:44:48,Гарантированный платеж за деньги
29102,2021-04-02 22:52:11,Включение интернета на 20 минут
12765,2021-03-02 17:47:05,Турбокнопка бесплатно
12765,2021-03-12 12:55:32,Информер ВК. Показ
12765,2021-04-26 16:08:41,Турбокнопка бесплатно
9084,2021-04-03 01:41:14,Информер ВК. Показ
9084,2021-04-07 19:59:03,Информер ВК. Показ
9084,2021-04-16 16:36:56,Информер ВК. Показ
9084,2021-04-17 13:07:06,Включение интернета на 20 минут
11015,2021-03-21 11:11:31,Информер ВК. Показ
11015,2021-03-21 11:11:37,Абонент оставил отзыв в Личном кабинете
11015,2021-03-21 11:12:20,Информер ВК. Показ
11015,2021-03-21 11:17:37,Информер ВК. Показ
11015,2021-04-08 20:20:56,Гарантированный платеж за деньги
11015,2021-04-12 07:19:58,Включение интернета на 20 минут
28565,2021-03-07 21:14:13,Информер ВК. Показ
28565,2021-03-09 19:22:18,Информер ВК. Показ
28565,2021-03-09 19:22:34,Включение интернета на 20 минут
28565,2021-03-13 17:20:18,Турбокнопка бесплатно
28565,2021-03-20 17:29:59,Бонус-скорость
28565,2021-03-26 18:32:04,Информер ВК. Показ
28565,2021-03-26 18:32:15,Турбокнопка бесплатно
28565,2021-04-03 17:43:11,Турбокнопка бесплатно
28565,2021-04-08 19:38:00,Информер ВК. Показ
28565,2021-04-11 18:37:07,Информер ВК. Показ
28565,2021-04-11 18:37:19,Турбокнопка бесплатно
28565,2021-04-17 18:40:53,Турбокнопка бесплатно
28565,2021-04-18 18:02:48,Турбокнопка бесплатно
9120,2021-04-13 21:24:53,Информер ВК. Показ
9120,2021-04-13 21:25:17,Включение интернета на 20 минут
9120,2021-04-13 21:27:26,Информер ВК. Показ
37896,2021-03-26 11:44:26,Включение интернета на 20 минут
29359,2021-04-20 14:19:58,Включение интернета на 20 минут
14626,2021-03-26 15:11:09,Включение интернета на 20 минут с IVR
14626,2021-04-26 15:25:54,Включение интернета на 20 минут
30309,2021-03-23 18:05:30,Гарантированный платеж за деньги
13219,2021-03-03 01:29:45,Информер ВК. Показ
13219,2021-04-04 15:36:38,Информер ВК. Показ
13219,2021-04-04 15:38:00,Информер ВК. Показ
14691,2021-03-01 00:04:57,Информер ВК. Показ
14691,2021-03-24 21:15:15,Информер ВК. Показ
14691,2021-03-24 21:16:04,Информер ВК. Показ
9082,2021-04-25 21:35:24,Информер ВК. Показ
10865,2021-03-07 04:11:37,Информер ВК. Показ
10865,2021-04-17 18:00:54,Информер ВК. Показ
8126,2021-03-26 07:37:40,Гарантированный платеж за деньги
8126,2021-03-29 10:49:43,Включение интернета на 20 минут
8126,2021-04-29 15:49:07,Включение интернета на 20 минут
8126,2021-04-29 16:23:38,Гарантированный платеж за деньги
29416,2021-03-16 07:29:35,Включение IPTV-пакета
29416,2021-03-28 10:59:50,Выключение IPTV-пакета
29416,2021-04-20 18:04:01,Информер ВК. Показ
29416,2021-04-20 18:04:58,Информер ВК. Показ
12980,2021-03-30 19:01:20,Информер ВК. Показ
12980,2021-03-30 19:01:36,Родительский контроль. Выключение
12980,2021-04-24 10:07:27,Информер ВК. Показ
12980,2021-04-24 10:07:44,Информер ВК. Показ
12980,2021-04-27 15:03:14,Родительский контроль. Включение
45118,2021-03-03 16:57:22,Гарантированный платеж за деньги
45118,2021-03-13 17:20:28,Гарантированный платеж за деньги
45118,2021-03-18 17:36:30,Гарантированный платеж за деньги
45118,2021-03-22 18:11:25,Гарантированный платеж за деньги
45118,2021-04-04 00:04:11,Гарантированный платеж за деньги
45118,2021-04-07 00:14:11,Гарантированный платеж за деньги
45118,2021-04-21 18:02:20,Гарантированный платеж за деньги
45118,2021-04-24 18:21:21,Включение интернета на 20 минут
45118,2021-04-25 18:35:43,Гарантированный платеж за деньги
34968,2021-03-17 00:30:45,Информер ВК. Показ
34968,2021-03-29 16:34:48,Информер ВК. Показ
34968,2021-03-29 16:35:10,Включение интернета на 20 минут
34968,2021-03-29 16:46:51,Информер ВК. Показ
36752,2021-04-02 22:10:32,Включение интернета на 20 минут
36752,2021-04-02 22:10:33,Включение интернета на 20 минут
30792,2021-04-06 20:17:45,Информер ВК. Показ
30792,2021-04-24 12:59:45,Информер ВК. Показ
30792,2021-04-24 13:05:34,Информер ВК. Показ
10368,2021-03-01 14:30:16,Информер ВК. Показ
10368,2021-03-01 14:30:50,Информер ВК. Показ
10368,2021-03-01 14:35:45,Информер ВК. Показ
11923,2021-03-09 09:49:11,Информер ВК. Показ
11923,2021-03-21 18:04:20,Информер ВК. Показ
11923,2021-04-03 14:46:36,Информер ВК. Показ
11923,2021-04-11 19:48:22,Информер ВК. Показ
11923,2021-04-23 18:55:11,Информер ВК. Показ
33412,2021-04-01 19:46:21,Информер ВК. Показ
14682,2021-03-11 18:22:17,Информер ВК. Показ
14682,2021-03-11 18:22:35,Просмотр раздела Тайный покупатель
14682,2021-03-11 18:22:42,Информер ВК. Показ
14682,2021-04-07 21:50:37,Информер ВК. Показ
14682,2021-04-15 23:17:26,Информер ВК. Показ
30923,2021-04-21 13:23:03,Восстановление пароля
30923,2021-04-21 13:25:39,Информер ВК. Показ
30923,2021-04-21 13:28:06,Информер ВК. Показ
34616,2021-03-25 22:43:02,Информер ВК. Показ
34616,2021-03-25 22:43:08,Информер ВК. Показ
7819,2021-03-26 20:25:27,Включение интернета на 20 минут с IVR
7819,2021-04-26 21:04:14,Включение интернета на 20 минут с IVR
29060,2021-03-07 16:44:33,Информер ВК. Показ
29060,2021-03-29 17:31:48,Информер ВК. Показ
29060,2021-03-29 17:36:14,Информер ВК. Показ
29060,2021-04-27 18:51:25,Информер ВК. Показ
29060,2021-04-27 18:51:28,Включение интернета на 20 минут
36629,2021-03-06 15:08:22,Включение IPTV-пакета
8910,2021-03-20 17:41:08,Информер ВК. Показ
8910,2021-04-20 19:22:12,Включение интернета на 20 минут
31387,2021-04-29 19:38:29,Включение интернета на 20 минут
12841,2021-03-08 10:47:59,Включение интернета на 20 минут с IVR
28924,2021-04-20 20:18:33,Информер ВК. Показ
28924,2021-04-20 20:19:32,Просмотр раздела Тайный покупатель
9889,2021-03-27 22:43:28,Включение интернета на 20 минут
9889,2021-03-27 22:43:29,Включение интернета на 20 минут
11882,2021-03-26 19:25:43,Информер ВК. Показ
11882,2021-03-27 16:21:12,Информер ВК. Показ
11882,2021-04-06 10:55:10,Информер ВК. Показ
29477,2021-03-12 09:28:43,Информер ВК. Показ
29477,2021-03-12 15:07:08,Информер ВК. Показ
29477,2021-04-12 19:08:47,Информер ВК. Показ
29477,2021-04-14 09:26:24,Информер ВК. Показ
9047,2021-03-19 13:32:12,Принято заявление и доп. соглашение по переезду
9047,2021-03-19 13:32:13,Информер ВК. Показ
9047,2021-04-19 10:38:03,Просмотр раздела Тайный покупатель
9047,2021-04-19 10:39:24,Информер ВК. Показ
9047,2021-04-19 11:14:52,Информер ВК. Показ
9047,2021-04-20 11:18:44,Информер ВК. Показ
9047,2021-04-20 11:20:50,Смена тарифа
8990,2021-03-20 14:41:12,Информер ВК. Показ
8990,2021-03-20 14:42:52,Информер ВК. Показ
8990,2021-04-06 20:11:17,Включение интернета на 20 минут
9278,2021-03-11 14:48:40,Информер ВК. Показ
9278,2021-04-22 13:03:57,Информер ВК. Показ
9278,2021-04-22 13:05:13,Просмотр раздела Тайный покупатель
9278,2021-04-22 13:05:36,Информер ВК. Показ
9278,2021-04-29 19:16:40,Информер ВК. Показ
12320,2021-03-21 14:20:26,Информер ВК. Показ
12320,2021-03-21 14:21:59,Информер ВК. Показ
12320,2021-03-21 14:23:29,Информер ВК. Показ
10234,2021-04-04 22:45:10,Включение интернета на 20 минут
10234,2021-04-04 22:45:11,Включение интернета на 20 минут
36524,2021-04-25 13:41:29,Информер ВК. Показ
36524,2021-04-25 13:42:21,Родительский контроль. Включение
36524,2021-04-26 21:56:30,Информер ВК. Показ
36524,2021-04-26 21:57:19,Родительский контроль. Выключение
8243,2021-03-22 10:27:47,Включение интернета на 20 минут
8243,2021-04-22 19:06:07,Включение интернета на 20 минут
45141,2021-03-22 18:22:47,Информер ВК. Показ
14886,2021-03-14 10:22:32,Информер ВК. Показ
9673,2021-04-26 18:57:03,Информер ВК. Показ
45150,2021-03-11 12:59:51,Информер ВК. Показ
45150,2021-03-12 22:32:59,Информер ВК. Показ
45150,2021-03-19 18:27:58,Информер ВК. Показ
45150,2021-03-19 18:28:09,Турбокнопка бесплатно
45150,2021-03-21 17:50:23,Турбокнопка бесплатно
45150,2021-03-25 14:24:52,Турбокнопка бесплатно
15107,2021-04-16 18:44:59,Включение интернета на 20 минут
15107,2021-04-16 18:45:00,Включение интернета на 20 минут
15107,2021-04-26 09:08:57,Включение интернета на 20 минут
15107,2021-04-26 09:08:58,Включение интернета на 20 минут
10370,2021-04-05 17:34:17,Гарантированный платеж за деньги
7918,2021-04-24 00:28:49,Информер ВК. Показ
7918,2021-04-24 00:28:55,Информер ВК. Показ
11510,2021-03-09 17:13:03,Информер ВК. Показ
11510,2021-03-27 23:27:01,Информер ВК. Показ
11510,2021-03-27 23:27:29,Просмотр раздела Тайный покупатель
11510,2021-03-27 23:27:45,Информер ВК. Показ
31606,2021-03-01 10:03:31,Турбокнопка бесплатно
31606,2021-03-05 08:29:00,Турбокнопка бесплатно
31606,2021-03-08 09:36:59,Гарантированный платеж за деньги
31606,2021-03-28 13:34:04,Информер ВК. Показ
31606,2021-03-28 13:34:17,Турбокнопка бесплатно
31606,2021-03-28 21:04:00,Информер ВК. Показ
31606,2021-03-28 21:04:19,Информер ВК. Показ
31606,2021-03-28 21:04:41,Турбокнопка платно (1 час)
31606,2021-03-28 22:26:56,Турбокнопка платно (1 сутки)
31606,2021-03-30 14:57:59,Турбокнопка бесплатно
31606,2021-04-08 09:19:49,Турбокнопка бесплатно
31606,2021-04-08 17:36:25,Турбокнопка платно (1 час)
31606,2021-04-09 09:24:49,Турбокнопка бесплатно
31606,2021-04-10 14:46:06,Турбокнопка бесплатно
29192,2021-03-06 18:31:48,Восстановление пароля
29192,2021-03-06 18:33:08,Информер ВК. Показ
29192,2021-04-05 17:09:53,Информер ВК. Показ
29192,2021-04-07 18:37:35,Информер ВК. Показ
29192,2021-04-07 18:42:49,Информер ВК. Показ
14939,2021-03-14 14:41:39,Информер ВК. Показ
14939,2021-03-14 14:44:55,Гарантированный платеж за деньги
14939,2021-04-04 23:36:17,Информер ВК. Показ
14939,2021-04-04 23:36:45,Информер ВК. Показ
14939,2021-04-05 00:27:13,Смена тарифа
14415,2021-03-22 19:00:13,Гарантированный платеж за деньги
14415,2021-03-22 19:06:40,Информер ВК. Показ
14415,2021-03-25 19:29:58,Гарантированный платеж за деньги
14415,2021-03-28 20:16:04,Информер ВК. Показ
14415,2021-03-28 20:16:49,Информер ВК. Показ
45170,2021-03-25 19:36:27,Информер ВК. Показ
45170,2021-04-01 16:58:36,Информер ВК. Показ
45170,2021-04-01 17:00:08,Информер ВК. Показ
34740,2021-03-17 16:24:32,Информер ВК. Показ
34740,2021-03-17 17:36:31,Информер ВК. Показ
34740,2021-03-17 17:50:02,Включение интернета на 20 минут
34740,2021-04-16 17:44:41,Информер ВК. Показ
34740,2021-04-19 15:21:14,Информер ВК. Показ
34740,2021-04-19 15:21:21,Включение интернета на 20 минут
28509,2021-04-20 13:07:52,Информер ВК. Показ
28509,2021-04-20 13:08:59,Информер ВК. Показ
28509,2021-04-20 13:09:54,Информер ВК. Показ
9712,2021-04-19 20:17:40,Информер ВК. Показ
14180,2021-03-14 23:21:08,Информер ВК. Показ
14180,2021-03-14 23:22:20,Информер ВК. Показ
14180,2021-03-28 21:46:47,Гарантированный платеж за деньги
14180,2021-03-31 11:26:00,Информер ВК. Показ
14180,2021-04-18 09:24:05,Информер ВК. Показ
14180,2021-04-18 09:25:41,Информер ВК. Показ
28805,2021-03-19 12:57:24,Информер ВК. Показ
28805,2021-03-19 13:03:00,Информер ВК. Показ
28805,2021-04-19 20:44:28,Информер ВК. Показ
28840,2021-03-07 21:08:42,Включение IPTV-пакета
28840,2021-03-19 15:26:21,Информер ВК. Показ
28840,2021-03-19 15:28:18,Включение интернета на 20 минут с IVR
28840,2021-03-19 15:31:32,Информер ВК. Показ
28840,2021-03-19 15:33:36,Включение интернета на 20 минут
28840,2021-03-19 15:35:41,Информер ВК. Показ
28840,2021-03-19 15:45:48,Просмотр раздела Тайный покупатель
29848,2021-03-14 23:46:35,Включение интернета на 20 минут
29905,2021-04-12 20:51:28,Гарантированный платеж за деньги
45179,2021-03-10 22:12:15,Гарантированный платеж за деньги
45179,2021-03-13 23:45:22,Включение интернета на 20 минут
36270,2021-03-01 08:01:35,Информер ВК. Показ
36270,2021-03-22 20:12:16,Информер ВК. Показ
36270,2021-04-08 14:44:32,Информер ВК. Показ
36270,2021-04-08 14:45:16,Информер ВК. Показ
35878,2021-03-17 16:43:00,Информер ВК. Показ
13410,2021-04-27 18:19:03,Получение подарка в ЛК: 1 месяц бесплатного просмотра IPTV
13410,2021-04-27 18:19:33,Получение подарка в ЛК: сутки интернета на максимальной скорости
13410,2021-04-27 18:20:31,Выключение IPTV-пакета
9182,2021-04-01 11:04:09,Информер ВК. Показ
9182,2021-04-02 12:42:13,Информер ВК. Показ
9182,2021-04-26 07:30:39,Информер ВК. Показ
29616,2021-03-16 04:02:09,Информер ВК. Показ
29616,2021-04-02 18:56:08,Информер ВК. Показ
29616,2021-04-02 18:58:56,Информер ВК. Показ
29616,2021-04-02 19:01:21,Турбокнопка платно (1 сутки)
29616,2021-04-17 21:55:09,Информер ВК. Показ
29616,2021-04-17 21:55:32,Турбокнопка платно (1 час)
29616,2021-04-20 15:28:18,Включение интернета на 20 минут с IVR
29417,2021-03-04 21:34:13,Информер ВК. Показ
29417,2021-03-05 21:20:55,Информер ВК. Показ
29417,2021-03-09 19:34:19,Информер ВК. Показ
29417,2021-04-07 13:58:07,Информер ВК. Показ
8523,2021-03-25 19:43:11,Включение интернета на 20 минут с IVR
39443,2021-03-27 02:04:03,Гарантированный платеж за деньги
39443,2021-03-29 14:41:04,Информер ВК. Показ
39443,2021-04-13 18:28:39,Гарантированный платеж за деньги
10415,2021-04-01 22:11:56,Гарантированный платеж за деньги
10415,2021-04-04 22:47:37,Гарантированный платеж за деньги
13204,2021-04-11 21:55:46,Включение интернета на 20 минут
8678,2021-04-29 01:58:43,Включение интернета на 20 минут
8678,2021-04-29 01:58:44,Включение интернета на 20 минут
8678,2021-04-29 01:59:03,Гарантированный платеж за деньги
8397,2021-03-05 10:15:43,Информер ВК. Показ
8397,2021-04-04 11:01:21,Информер ВК. Показ
45190,2021-03-20 16:24:34,Информер ВК. Показ
45190,2021-03-20 16:26:16,Информер ВК. Показ
29992,2021-03-27 22:49:14,Показ информатора об изменении уведомлений через ВК платформу
29992,2021-03-27 22:50:19,Показ информатора об изменении уведомлений через ВК платформу
45203,2021-03-04 20:45:51,Информер ВК. Показ
45203,2021-03-04 20:46:01,Гарантированный платеж за деньги
45203,2021-03-12 21:17:02,Информер ВК. Показ
45203,2021-03-12 21:17:14,Гарантированный платеж за деньги
45203,2021-03-16 21:32:07,Информер ВК. Показ
45203,2021-03-16 21:32:17,Гарантированный платеж за деньги
45203,2021-03-23 22:21:27,Гарантированный платеж за деньги
45203,2021-04-01 11:54:55,Гарантированный платеж за деньги
45203,2021-04-04 18:09:51,Включение интернета на 20 минут
45203,2021-04-13 07:26:50,Информер ВК. Показ
45203,2021-04-13 07:27:07,Гарантированный платеж за деньги
45203,2021-04-16 09:28:14,Включение интернета на 20 минут
45203,2021-04-16 09:28:25,Информер ВК. Показ
45203,2021-04-18 09:44:15,Информер ВК. Показ
45203,2021-04-18 09:44:41,Гарантированный платеж за деньги
45203,2021-04-21 13:22:00,Включение интернета на 20 минут
45203,2021-04-26 17:27:19,Гарантированный платеж за деньги
11344,2021-03-14 09:57:22,Включение интернета на 20 минут
11344,2021-04-17 14:51:28,Включение интернета на 20 минут
11795,2021-03-21 13:14:28,Получение подарка в ЛК: 1 месяц бесплатного просмотра IPTV
11795,2021-03-21 13:14:48,Получение подарка в ЛК: сутки интернета на максимальной скорости
11795,2021-04-20 22:22:58,Информер ВК. Показ
11773,2021-03-21 13:47:21,Информер ВК. Показ
11773,2021-03-29 22:32:53,Информер ВК. Показ
11773,2021-04-21 22:36:05,Информер ВК. Показ
45211,2021-04-01 18:51:17,Гарантированный платеж за деньги
45211,2021-04-07 21:32:48,Информер ВК. Показ
45211,2021-04-09 17:22:29,Информер ВК. Показ
45211,2021-04-11 00:41:46,Информер ВК. Показ
30937,2021-04-09 23:31:01,Включение интернета на 20 минут
30937,2021-04-09 23:31:02,Включение интернета на 20 минут
30937,2021-04-09 23:31:33,Гарантированный платеж за деньги
30937,2021-04-24 11:39:13,Гарантированный платеж за деньги
28442,2021-03-22 23:42:31,Гарантированный платеж за деньги
28442,2021-03-30 12:22:44,Включение интернета на 20 минут
28442,2021-04-02 17:16:59,Включение интернета на 20 минут
28442,2021-04-04 18:39:05,Включение интернета на 20 минут
28442,2021-04-04 18:39:06,Включение интернета на 20 минут
28442,2021-04-23 11:33:52,Включение интернета на 20 минут
10862,2021-03-02 14:35:54,Гарантированный платеж за деньги
10862,2021-04-05 20:00:06,Включение интернета на 20 минут с IVR
14053,2021-04-14 20:39:26,Информер ВК. Показ
14053,2021-04-14 20:40:09,Информер ВК. Показ
14053,2021-04-14 20:40:19,Информер ВК. Показ
10037,2021-03-23 17:40:16,Принято заявление и доп. соглашение по переезду
10037,2021-03-23 17:40:19,Информер ВК. Показ
13063,2021-03-06 20:38:49,Включение интернета на 20 минут
13063,2021-03-26 21:01:36,Информер ВК. Показ
31160,2021-03-21 16:33:27,Информер ВК. Показ
31160,2021-04-02 19:56:33,Информер ВК. Показ
31233,2021-03-05 18:34:18,Включение интернета на 20 минут
31233,2021-03-05 18:34:19,Включение интернета на 20 минут
31233,2021-03-07 18:56:06,Включение интернета на 20 минут
31233,2021-03-10 20:36:47,Включение интернета на 20 минут
31233,2021-03-10 20:36:48,Включение интернета на 20 минут
31233,2021-03-13 18:25:52,Информер ВК. Показ
31233,2021-03-14 18:42:56,Включение интернета на 20 минут
31233,2021-03-19 18:43:38,Включение интернета на 20 минут
31233,2021-03-19 18:43:39,Включение интернета на 20 минут
31233,2021-03-21 18:22:04,Информер ВК. Показ
31233,2021-03-24 20:26:41,Включение интернета на 20 минут
31233,2021-03-27 18:02:47,Включение интернета на 20 минут
31233,2021-03-27 18:02:52,Включение интернета на 20 минут
31233,2021-03-30 18:58:04,Включение интернета на 20 минут
31233,2021-04-02 21:17:29,Включение интернета на 20 минут
31233,2021-04-02 21:17:30,Включение интернета на 20 минут
31233,2021-04-09 18:54:33,Включение интернета на 20 минут
31233,2021-04-09 18:54:34,Включение интернета на 20 минут
31233,2021-04-10 19:01:01,Информер ВК. Показ
31233,2021-04-10 19:01:10,Включение интернета на 20 минут
31233,2021-04-16 18:46:34,Включение интернета на 20 минут
31233,2021-04-16 18:46:35,Включение интернета на 20 минут
31233,2021-04-18 18:38:51,Информер ВК. Показ
31233,2021-04-23 19:06:37,Включение интернета на 20 минут
31233,2021-04-25 18:42:24,Информер ВК. Показ
31233,2021-04-28 19:19:13,Включение интернета на 20 минут
28870,2021-03-13 20:24:42,Информер ВК. Показ
28870,2021-04-10 10:43:24,Информер ВК. Показ
28870,2021-04-10 16:26:05,Информер ВК. Показ
31504,2021-03-16 21:40:12,Включение интернета на 20 минут с IVR
31504,2021-03-27 11:22:54,Информер ВК. Показ
8483,2021-04-01 06:33:06,Гарантированный платеж за деньги
31538,2021-03-06 00:37:27,Информер ВК. Показ
31538,2021-03-24 16:11:46,Информер ВК. Показ
31538,2021-03-27 01:25:15,Гарантированный платеж за деньги
31538,2021-03-30 06:59:04,Включение интернета на 20 минут
31538,2021-03-30 06:59:05,Включение интернета на 20 минут
31538,2021-03-30 07:43:00,Информер ВК. Показ
31538,2021-03-30 07:49:36,Без границ платно. Включение
31538,2021-03-30 07:50:21,Без границ платно. Отключение
31538,2021-04-11 00:48:17,Информер ВК. Показ
30712,2021-03-01 19:18:02,Информер ВК. Показ
30712,2021-03-03 21:34:48,Просмотр раздела Тайный покупатель
30712,2021-03-04 12:43:40,Тайный покупатель. Отправлена анкета
30712,2021-03-05 15:15:09,Информер ВК. Показ
30712,2021-03-11 15:38:49,Информер ВК. Показ
30712,2021-04-02 08:21:09,Информер ВК. Показ
30712,2021-04-09 08:24:17,Информер ВК. Показ
10903,2021-04-11 09:53:20,Информер ВК. Показ
10903,2021-04-11 09:53:40,Информер ВК. Показ
30598,2021-03-04 10:11:55,Включение интернета на 20 минут
30598,2021-04-03 13:33:06,Включение интернета на 20 минут
31844,2021-03-08 17:06:31,Включение интернета на 20 минут
31844,2021-04-08 19:17:56,Включение интернета на 20 минут
31884,2021-03-04 14:47:12,Информер ВК. Показ
31884,2021-03-04 14:48:14,Информер ВК. Показ
31884,2021-03-04 18:37:17,Информер ВК. Показ
31884,2021-04-23 19:51:43,Информер ВК. Показ
32339,2021-03-09 18:45:20,Информер ВК. Показ
7798,2021-03-13 12:19:33,Информер ВК. Показ
7798,2021-03-13 12:57:50,Информер ВК. Показ
7798,2021-04-17 20:07:11,Информер ВК. Показ
28474,2021-03-12 22:55:15,Информер ВК. Показ
28474,2021-03-12 22:55:35,Включение интернета на 20 минут
28474,2021-03-30 23:29:35,Информер ВК. Показ
28474,2021-03-30 23:30:06,Информер ВК. Показ
28474,2021-04-12 23:05:40,Гарантированный платеж за деньги
28474,2021-04-15 23:20:56,Гарантированный платеж за деньги
28474,2021-04-19 01:26:32,Информер ВК. Показ
28474,2021-04-19 01:28:57,Просмотр раздела Тайный покупатель
28782,2021-04-27 07:13:20,Информер ВК. Показ
28782,2021-04-27 07:13:31,Информер ВК. Показ
9343,2021-03-03 16:01:34,Информер ВК. Показ
9343,2021-04-03 14:02:32,Информер ВК. Показ
9343,2021-04-05 22:01:27,Информер ВК. Показ
9343,2021-04-05 22:09:06,Информер ВК. Показ
9600,2021-03-25 16:37:05,Информер ВК. Показ
9600,2021-03-25 16:42:33,Информер ВК. Показ
9600,2021-04-25 18:45:53,Информер ВК. Показ
28279,2021-04-11 19:48:45,Гарантированный платеж за деньги
12193,2021-03-11 19:50:04,Информер ВК. Показ
12193,2021-03-11 19:52:03,Информер ВК. Показ
12193,2021-03-23 21:31:57,Информер ВК. Показ
45218,2021-03-03 20:32:24,Гарантированный платеж за деньги
45218,2021-03-07 22:30:39,Гарантированный платеж за деньги
45218,2021-03-12 06:20:39,Гарантированный платеж за деньги
45218,2021-03-16 20:52:55,Гарантированный платеж за деньги
45218,2021-03-20 08:48:40,Гарантированный платеж за деньги
45218,2021-03-28 09:20:49,Гарантированный платеж за деньги
45218,2021-04-02 18:34:35,Гарантированный платеж за деньги
45218,2021-04-06 20:30:43,Гарантированный платеж за деньги
45218,2021-04-09 21:01:09,Гарантированный платеж за деньги
45218,2021-04-13 15:27:59,Гарантированный платеж за деньги
45218,2021-04-21 20:51:12,Гарантированный платеж за деньги
45218,2021-04-26 18:34:07,Гарантированный платеж за деньги
45218,2021-04-29 21:16:13,Гарантированный платеж за деньги
45222,2021-03-11 17:40:12,Гарантированный платеж за деньги
45222,2021-03-14 23:34:32,Включение интернета на 20 минут
29034,2021-03-07 01:01:31,Включение интернета на 20 минут
29034,2021-03-07 01:02:13,Информер ВК. Показ
29034,2021-03-07 01:02:37,Просмотр раздела Тайный покупатель
29034,2021-03-07 01:02:43,Информер ВК. Показ
10119,2021-03-19 19:27:32,Информер ВК. Показ
11440,2021-03-26 21:34:29,Информер ВК. Показ
11440,2021-03-29 12:58:25,Информер ВК. Показ
11440,2021-03-29 12:59:01,Информер ВК. Показ
13479,2021-04-03 18:36:15,Включение интернета на 20 минут с IVR
29205,2021-03-02 20:34:18,Включение интернета на 20 минут
29205,2021-03-07 12:16:00,Турбокнопка бесплатно
29205,2021-03-14 18:35:36,Информер ВК. Показ
29205,2021-03-14 18:36:25,Турбокнопка бесплатно
29205,2021-03-18 17:21:24,Турбокнопка бесплатно
29205,2021-03-21 14:09:34,Турбокнопка бесплатно
29205,2021-03-27 22:22:39,Информер ВК. Показ
29205,2021-03-27 22:23:55,Информер ВК. Показ
29205,2021-04-09 23:44:20,Гарантированный платеж за деньги
29205,2021-04-14 21:14:58,Информер ВК. Показ
29205,2021-04-20 16:00:42,Турбокнопка бесплатно
29205,2021-04-21 08:11:02,Включение интернета на 20 минут
29205,2021-04-26 09:39:55,Включение интернета на 20 минут
29205,2021-04-27 18:25:15,Турбокнопка бесплатно
13212,2021-03-16 12:21:39,Включение интернета на 20 минут
13212,2021-04-16 13:00:38,Включение интернета на 20 минут
13212,2021-04-16 13:00:39,Включение интернета на 20 минут
13212,2021-04-25 17:27:44,Включение интернета на 20 минут
45241,2021-03-08 03:42:35,Информер ВК. Показ
10432,2021-04-15 10:54:58,Включение интернета на 20 минут
10432,2021-04-15 10:54:59,Включение интернета на 20 минут
33684,2021-03-31 22:56:32,Информер ВК. Показ
11420,2021-04-11 16:05:30,Информер ВК. Показ
27940,2021-03-24 16:47:31,Информер ВК. Показ
27940,2021-03-24 16:50:42,Информер ВК. Показ
27940,2021-03-24 16:51:20,Смена тарифа
27940,2021-04-01 07:27:50,Информер ВК. Показ
27940,2021-04-26 21:45:34,Гарантированный платеж за деньги
27940,2021-04-29 22:25:17,Гарантированный платеж за деньги
45248,2021-03-25 07:52:10,Включение интернета на 20 минут
45248,2021-03-30 12:45:33,Информер ВК. Показ
45248,2021-04-02 21:05:06,Информер ВК. Показ
45248,2021-04-05 20:31:01,Информер ВК. Показ
45248,2021-04-17 20:32:03,Просмотр раздела Тайный покупатель
29472,2021-04-28 20:50:07,Гарантированный платеж за деньги
11948,2021-03-23 13:05:42,Информер ВК. Показ
11948,2021-03-23 14:57:10,Информер ВК. Показ
11948,2021-04-21 17:59:06,Информер ВК. Показ
10541,2021-04-01 11:39:25,Информер ВК. Показ
10541,2021-04-01 11:42:03,Информер ВК. Показ
10541,2021-04-01 11:43:54,Смена пароля
10541,2021-04-01 11:44:11,Смена пароля
10541,2021-04-01 11:55:09,Информер ВК. Показ
10541,2021-04-01 12:40:30,Включение управления услугами по паролю
10541,2021-04-01 12:43:09,Смена пароля
10541,2021-04-01 12:50:04,Отключение управления услугами по паролю
37995,2021-03-16 21:37:29,Гарантированный платеж за деньги
37995,2021-03-19 20:35:47,Включение интернета на 20 минут
37995,2021-04-19 21:56:43,Гарантированный платеж за деньги
45249,2021-03-01 13:04:31,Включение интернета на 20 минут
45249,2021-03-02 14:28:33,Включение интернета на 20 минут
45249,2021-03-03 15:05:41,Включение интернета на 20 минут
45249,2021-03-04 16:35:42,Включение интернета на 20 минут
45249,2021-03-05 16:45:01,Включение интернета на 20 минут
45249,2021-03-06 16:52:06,Включение интернета на 20 минут
45249,2021-03-07 17:37:05,Включение интернета на 20 минут
45249,2021-03-08 18:13:44,Включение интернета на 20 минут
45249,2021-03-09 22:59:20,Включение интернета на 20 минут
45249,2021-03-10 23:09:47,Включение интернета на 20 минут
45249,2021-03-13 10:07:41,Включение интернета на 20 минут
45249,2021-03-14 17:06:43,Включение интернета на 20 минут
45249,2021-03-15 16:37:15,Информер ВК. Показ
45249,2021-03-15 17:12:16,Включение интернета на 20 минут
45249,2021-03-17 18:00:00,Информер ВК. Показ
45249,2021-03-17 18:00:04,Включение интернета на 20 минут
45249,2021-03-18 18:09:08,Информер ВК. Показ
45249,2021-03-18 18:09:36,Включение интернета на 20 минут
45249,2021-03-19 18:28:35,Включение интернета на 20 минут
45249,2021-03-21 18:44:55,Включение интернета на 20 минут
45249,2021-03-23 18:57:10,Включение интернета на 20 минут
45249,2021-03-24 19:02:33,Включение интернета на 20 минут
45249,2021-03-26 19:11:55,Включение интернета на 20 минут
45249,2021-03-29 22:48:18,Включение интернета на 20 минут
45249,2021-03-30 23:01:59,Включение интернета на 20 минут
45249,2021-04-01 08:35:13,Включение интернета на 20 минут
45249,2021-04-02 16:54:17,Включение интернета на 20 минут
45249,2021-04-04 16:43:28,Включение интернета на 20 минут
45249,2021-04-05 17:18:20,Включение интернета на 20 минут
45249,2021-04-07 18:22:08,Включение интернета на 20 минут
45249,2021-04-08 18:35:07,Включение интернета на 20 минут
45249,2021-04-09 22:56:24,Включение интернета на 20 минут
45249,2021-04-14 09:47:26,Включение интернета на 20 минут
45249,2021-04-15 12:20:47,Включение интернета на 20 минут
45249,2021-04-16 17:06:32,Информер ВК. Показ
45249,2021-04-16 17:06:47,Включение интернета на 20 минут
45249,2021-04-18 16:55:59,Информер ВК. Показ
45249,2021-04-19 17:46:14,Информер ВК. Показ
45249,2021-04-19 17:46:19,Включение интернета на 20 минут
45249,2021-04-21 17:55:17,Включение интернета на 20 минут
45249,2021-04-23 22:52:43,Включение интернета на 20 минут
45249,2021-04-25 23:26:17,Включение интернета на 20 минут
31414,2021-04-03 16:46:31,Информер ВК. Показ
34213,2021-03-24 20:47:27,Информер ВК. Показ
34213,2021-03-24 20:47:31,Информер ВК. Показ
34213,2021-04-20 20:13:58,Информер ВК. Показ
9293,2021-03-08 09:54:32,Информер ВК. Показ
9293,2021-03-08 09:55:40,Информер ВК. Показ
9293,2021-04-15 23:09:04,Информер ВК. Показ
9293,2021-04-16 16:45:13,Информер ВК. Показ
9293,2021-04-16 16:47:39,Информер ВК. Показ
12309,2021-03-07 20:01:07,Информер ВК. Показ
12309,2021-03-10 16:45:16,Информер ВК. Показ
12309,2021-03-11 18:31:15,Информер ВК. Показ
12309,2021-04-12 16:44:05,Информер ВК. Показ
12309,2021-04-13 16:10:58,Информер ВК. Показ
12309,2021-04-13 16:11:07,Включение интернета на 20 минут
11356,2021-03-14 15:45:35,Информер ВК. Показ
11356,2021-04-19 19:16:19,Получение подарка в ЛК: 1 месяц бесплатного просмотра IPTV
11356,2021-04-19 19:16:34,Получение подарка в ЛК: сутки интернета на максимальной скорости
11356,2021-04-19 19:16:41,Информер ВК. Показ
11356,2021-04-20 20:57:25,Информер ВК. Показ
11356,2021-04-20 20:57:29,Информер ВК. Показ
31735,2021-03-08 10:23:47,Информер ВК. Показ
31735,2021-03-08 10:24:11,Информер ВК. Показ
31735,2021-04-02 22:58:53,Информер ВК. Показ
37191,2021-03-02 18:56:39,Включение интернета на 20 минут
37191,2021-03-23 23:04:50,Включение интернета на 20 минут
37191,2021-03-31 14:44:04,Включение интернета на 20 минут
45263,2021-03-09 20:11:41,Включение интернета на 20 минут
28364,2021-03-03 14:03:46,Включение интернета на 20 минут
28364,2021-03-31 16:28:20,Информер ВК. Показ
28364,2021-04-05 13:39:59,Информер ВК. Показ
28364,2021-04-05 13:48:45,Информер ВК. Показ
8585,2021-03-01 16:12:32,Информер ВК. Показ
8585,2021-03-23 19:14:17,Информер ВК. Показ
8585,2021-04-04 19:39:19,Информер ВК. Показ
45278,2021-04-05 17:42:52,Гарантированный платеж за деньги
45278,2021-04-11 19:00:17,Информер ВК. Показ
45278,2021-04-11 19:00:41,Информер ВК. Показ
45281,2021-03-04 15:35:32,Информер ВК. Показ
45281,2021-03-06 22:00:23,Информер ВК. Показ
45281,2021-04-14 14:52:42,Информер ВК. Показ
45288,2021-04-06 21:22:36,Информер ВК. Показ
45288,2021-04-07 17:53:56,Информер ВК. Показ
45288,2021-04-07 19:13:04,Информер ВК. Показ
45288,2021-04-11 14:10:14,Гарантированный платеж за деньги
45291,2021-03-14 17:13:48,Информер ВК. Показ
28843,2021-03-08 01:45:43,Информер ВК. Показ
28843,2021-04-04 05:13:24,Информер ВК. Показ
28843,2021-04-04 05:13:25,Информер ВК. Показ
45295,2021-03-26 10:36:27,Информер ВК. Показ
45295,2021-03-26 10:37:45,Информер ВК. Показ
29819,2021-03-09 07:52:43,Информер ВК. Показ
29819,2021-03-09 07:52:48,Включение интернета на 20 минут
29819,2021-04-04 09:08:34,Информер ВК. Показ
29819,2021-04-04 09:10:12,Турбокнопка платно (1 час)
29819,2021-04-04 09:54:57,Информер ВК. Показ
29819,2021-04-04 09:56:50,Смена тарифа
9930,2021-03-16 16:18:51,Гарантированный платеж за деньги
9930,2021-03-19 19:11:13,Гарантированный платеж за деньги
32581,2021-03-10 10:34:12,Включение интернета на 20 минут с IVR
30872,2021-03-10 05:12:14,Информер ВК. Показ
30872,2021-03-25 13:53:40,Информер ВК. Показ
30872,2021-03-25 23:33:28,Информер ВК. Показ
30872,2021-04-29 16:04:22,Информер ВК. Показ
13000,2021-04-06 22:17:20,Включение интернета на 20 минут с IVR
28280,2021-03-03 20:38:56,Информер ВК. Показ
28280,2021-03-03 20:39:02,Включение интернета на 20 минут
28280,2021-04-02 20:35:56,Информер ВК. Показ
28280,2021-04-03 20:58:11,Информер ВК. Показ
28280,2021-04-03 20:59:15,Включение интернета на 20 минут
28280,2021-04-03 21:01:12,Информер ВК. Показ
28280,2021-04-19 07:02:31,Получение подарка в ЛК: 1 месяц бесплатного просмотра IPTV
28280,2021-04-19 07:03:45,Получение подарка в ЛК: сутки интернета на максимальной скорости
31687,2021-03-03 21:49:14,Информер ВК. Показ
31687,2021-03-10 09:43:33,Информер ВК. Показ
31687,2021-03-23 19:18:01,Информер ВК. Показ
31687,2021-04-09 20:36:57,Информер ВК. Показ
31687,2021-04-13 23:05:48,Информер ВК. Показ
31687,2021-04-13 23:08:24,Гарантированный платеж за деньги
31687,2021-04-20 00:41:30,Гарантированный платеж за деньги
31687,2021-04-28 09:06:58,Информер ВК. Показ
33649,2021-03-29 23:48:19,Информер ВК. Показ
36640,2021-03-08 19:01:07,Информер ВК. Показ
36640,2021-03-24 20:57:59,Информер ВК. Показ
36640,2021-03-28 20:37:00,Информер ВК. Показ
36640,2021-04-08 20:26:01,Информер ВК. Показ
36640,2021-04-08 20:57:26,Включение интернета на 20 минут
11603,2021-03-08 19:29:19,Информер ВК. Показ
11603,2021-03-09 19:55:58,Информер ВК. Показ
11603,2021-03-09 19:56:28,Гарантированный платеж за деньги
11603,2021-03-12 20:29:00,Включение интернета на 20 минут с IVR
11603,2021-03-12 20:34:58,Информер ВК. Показ
11603,2021-04-12 21:24:01,Информер ВК. Показ
11603,2021-04-12 21:24:09,Абонент оставил отзыв в Личном кабинете
11603,2021-04-12 21:25:05,Включение интернета на 20 минут
11603,2021-04-13 16:07:43,Информер ВК. Показ
30303,2021-03-03 20:44:14,Информер ВК. Показ
30303,2021-03-18 22:54:21,Информер ВК. Показ
30303,2021-04-19 11:08:34,Информер ВК. Показ
30303,2021-04-19 11:09:33,Включение интернета на 20 минут
32023,2021-03-13 21:07:07,Информер ВК. Показ
32023,2021-03-13 21:07:29,Включение интернета на 20 минут
32023,2021-03-13 21:12:00,Информер ВК. Показ
32023,2021-04-13 21:39:40,Информер ВК. Показ
32023,2021-04-13 21:42:56,Информер ВК. Показ
8898,2021-04-19 13:57:44,Включение интернета на 20 минут
8898,2021-04-19 15:58:27,Информер ВК. Показ
14379,2021-03-01 09:44:27,Информер ВК. Показ
14379,2021-03-04 11:35:51,Информер ВК. Показ
14379,2021-03-19 10:16:04,Включение интернета на 20 минут
14379,2021-03-19 10:17:13,Информер ВК. Показ
10464,2021-04-07 14:04:03,Информер ВК. Показ
10464,2021-04-07 14:04:07,Информер ВК. Показ
10464,2021-04-07 14:09:23,Информер ВК. Показ
45330,2021-04-25 19:58:11,Включение интернета на 20 минут
45330,2021-04-25 19:58:12,Включение интернета на 20 минут
45330,2021-04-25 20:39:41,Информер ВК. Показ
45330,2021-04-25 21:25:51,Информер ВК. Показ
45330,2021-04-25 21:26:33,Информер ВК. Показ
45337,2021-03-03 21:04:58,Информер ВК. Показ
45337,2021-03-10 22:51:36,Информер ВК. Показ
45337,2021-03-10 22:52:58,Включение интернета на 20 минут
45337,2021-03-19 20:44:04,Информер ВК. Показ
45337,2021-04-07 22:06:35,Информер ВК. Показ
45337,2021-04-11 15:36:55,Информер ВК. Показ
11639,2021-03-13 22:04:34,Гарантированный платеж за деньги
11639,2021-03-16 22:42:53,Гарантированный платеж за деньги
11639,2021-03-21 12:17:12,Включение интернета на 20 минут
11639,2021-04-21 18:43:55,Гарантированный платеж за деньги
11251,2021-03-09 19:04:20,Информер ВК. Показ
35813,2021-03-27 22:38:07,Включение интернета на 20 минут
35813,2021-04-28 00:06:57,Включение интернета на 20 минут
11100,2021-03-14 11:48:10,Информер ВК. Показ
11100,2021-03-14 11:48:30,Информер ВК. Показ
31224,2021-03-03 19:11:22,Включение интернета на 20 минут
31224,2021-03-04 19:23:55,Включение интернета на 20 минут
31224,2021-03-10 19:20:36,Включение интернета на 20 минут
31224,2021-03-11 19:36:21,Включение интернета на 20 минут
31224,2021-04-07 13:36:29,Включение интернета на 20 минут
31224,2021-04-08 13:52:39,Включение интернета на 20 минут
31224,2021-04-25 20:03:20,Включение интернета на 20 минут
31224,2021-04-26 20:33:53,Включение интернета на 20 минут
31224,2021-04-28 21:22:39,Включение интернета на 20 минут
45348,2021-03-20 14:06:27,Включение интернета на 20 минут
45348,2021-04-19 18:19:04,Включение интернета на 20 минут
45349,2021-03-09 21:13:22,Гарантированный платеж за деньги
45349,2021-03-12 21:25:14,Включение интернета на 20 минут
45349,2021-04-27 22:32:29,Гарантированный платеж за деньги
35212,2021-03-23 19:54:12,Включение интернета на 20 минут
35212,2021-03-23 19:54:13,Включение интернета на 20 минут
35212,2021-04-25 13:17:04,Включение интернета на 20 минут
35212,2021-04-25 13:17:05,Включение интернета на 20 минут
37434,2021-04-12 17:29:39,Информер ВК. Показ
37434,2021-04-12 17:29:55,Информер ВК. Показ
37434,2021-04-12 17:30:06,Информер ВК. Показ
9226,2021-03-13 11:52:28,Включение интернета на 20 минут
9226,2021-03-27 12:09:08,Включение интернета на 20 минут
9226,2021-03-27 12:09:11,Включение интернета на 20 минут
9226,2021-04-11 17:27:43,Включение интернета на 20 минут
9226,2021-04-12 20:21:29,Включение интернета на 20 минут
9226,2021-04-25 12:43:24,Включение интернета на 20 минут
34212,2021-03-08 21:54:40,Информер ВК. Показ
34212,2021-04-20 21:29:36,Информер ВК. Показ
31941,2021-03-09 14:44:43,Информер ВК. Показ
33928,2021-04-08 17:00:18,Просмотр раздела Тайный покупатель
33928,2021-04-22 09:42:33,Информер ВК. Показ
33928,2021-04-25 13:06:52,Информер ВК. Показ
33928,2021-04-25 13:07:36,Информер ВК. Показ
32605,2021-03-09 21:08:32,Включение интернета на 20 минут
32605,2021-03-09 21:12:14,Информер ВК. Показ
32605,2021-03-09 21:14:21,Информер ВК. Показ
32605,2021-03-09 21:15:13,Информер ВК. Показ
32605,2021-04-09 22:16:23,Информер ВК. Показ
32605,2021-04-09 22:17:36,Включение интернета на 20 минут
11246,2021-03-08 22:37:49,Информер ВК. Показ
11246,2021-03-10 17:10:59,Информер ВК. Показ
11246,2021-03-10 17:11:03,Включение интернета на 20 минут
11246,2021-03-27 22:12:48,Информер ВК. Показ
11246,2021-04-10 00:23:34,Информер ВК. Показ
11246,2021-04-10 23:53:12,Информер ВК. Показ
11246,2021-04-10 23:53:15,Включение интернета на 20 минут
11017,2021-03-23 19:18:57,Информер ВК. Показ
11017,2021-03-23 19:20:26,Информер ВК. Показ
12769,2021-03-11 15:48:25,Включение интернета на 20 минут
12769,2021-03-11 15:48:26,Включение интернета на 20 минут
12769,2021-04-11 22:48:29,Включение интернета на 20 минут
12769,2021-04-11 22:48:30,Включение интернета на 20 минут
9543,2021-04-27 20:50:49,Информер ВК. Показ
9543,2021-04-27 20:51:12,Информер ВК. Показ
9543,2021-04-27 20:51:33,Информер ВК. Показ
9543,2021-04-27 21:04:37,Смена пароля
36669,2021-03-28 21:54:48,Информер ВК. Показ
36669,2021-03-28 21:54:58,Турбокнопка платно (1 сутки)
36669,2021-03-31 18:58:53,Информер ВК. Показ
36669,2021-03-31 18:59:04,Турбокнопка бесплатно
36669,2021-04-04 14:23:43,Информер ВК. Показ
36669,2021-04-04 14:23:52,Турбокнопка бесплатно
36669,2021-04-06 16:23:04,Турбокнопка бесплатно
36669,2021-04-07 16:08:30,Турбокнопка бесплатно
36669,2021-04-07 17:59:50,Турбокнопка платно (1 час)
36669,2021-04-11 14:14:41,Турбокнопка бесплатно
36669,2021-04-18 22:33:53,Турбокнопка платно (1 сутки)
36669,2021-04-22 21:27:52,Турбокнопка платно (1 сутки)
39227,2021-03-09 01:15:01,Информер ВК. Показ
39227,2021-03-09 01:15:13,Абонент оставил отзыв в Личном кабинете
39227,2021-03-09 01:25:49,Включение интернета на 20 минут
36662,2021-03-03 19:44:27,Информер ВК. Показ
36662,2021-03-16 21:34:29,Информер ВК. Показ
36662,2021-04-10 20:05:57,Информер ВК. Показ
36662,2021-04-29 20:04:20,Информер ВК. Показ
45371,2021-03-18 07:41:26,Гарантированный платеж за деньги
45371,2021-03-21 11:09:50,Включение интернета на 20 минут
45371,2021-03-21 11:10:00,Включение интернета на 20 минут
45371,2021-03-31 15:29:05,Гарантированный платеж за деньги
45371,2021-04-03 17:30:05,Информер ВК. Показ
45371,2021-04-03 17:57:56,Информер ВК. Показ
45372,2021-04-12 12:58:42,Включение интернета на 20 минут
8964,2021-03-01 12:32:56,Информер ВК. Показ
34269,2021-04-03 19:45:42,Включение интернета на 20 минут с IVR
45385,2021-03-13 14:01:57,Информер ВК. Показ
45385,2021-03-22 12:31:48,Турбокнопка бесплатно
45385,2021-03-24 18:32:41,Информер ВК. Показ
45385,2021-03-24 18:32:46,Турбокнопка бесплатно
45385,2021-04-01 07:17:29,Информер ВК. Показ
45385,2021-04-01 07:17:44,Гарантированный платеж за деньги
45385,2021-04-13 12:46:54,Гарантированный платеж за деньги
45385,2021-04-17 13:30:39,Информер ВК. Показ
45385,2021-04-17 13:30:50,Гарантированный платеж за деньги
45385,2021-04-27 21:00:24,Информер ВК. Показ
31013,2021-04-24 20:24:06,Информер ВК. Показ
31013,2021-04-24 20:24:15,Включение интернета на 20 минут
34029,2021-03-09 18:26:06,Информер ВК. Показ
43421,2021-03-26 09:58:43,Информер ВК. Показ
43421,2021-03-26 09:59:16,Информер ВК. Показ
43421,2021-04-29 18:01:45,Информер ВК. Показ
29886,2021-03-05 07:58:29,Гарантированный платеж за деньги
29886,2021-03-11 09:06:47,Гарантированный платеж за деньги
29886,2021-04-12 10:13:37,Гарантированный платеж за деньги
29886,2021-04-17 12:24:08,Гарантированный платеж за деньги
29886,2021-04-28 20:00:09,Гарантированный платеж за деньги
14370,2021-03-12 18:39:50,Информер ВК. Показ
14370,2021-03-12 18:39:53,Информер ВК. Показ
14370,2021-03-30 19:08:17,Информер ВК. Показ
14370,2021-04-13 16:18:37,Получение подарка в ЛК: 1 месяц бесплатного просмотра IPTV
14370,2021-04-13 16:18:45,Получение подарка в ЛК: сутки интернета на максимальной скорости
14370,2021-04-13 16:19:29,Информер ВК. Показ
14370,2021-04-14 10:31:22,Информер ВК. Показ
30314,2021-03-07 22:24:42,Информер ВК. Показ
30314,2021-04-07 12:16:00,Информер ВК. Показ
30314,2021-04-07 22:52:42,Информер ВК. Показ
30314,2021-04-19 14:55:04,Информер ВК. Показ
12935,2021-03-10 14:01:45,Турбокнопка платно (1 сутки)
12935,2021-03-11 18:55:55,Включение управления услугами по паролю
12935,2021-03-16 21:37:27,Информер ВК. Показ
12935,2021-03-16 21:37:37,Включение интернета на 20 минут
12935,2021-03-16 21:39:00,Информер ВК. Показ
12935,2021-04-15 12:05:28,Информер ВК. Показ
36906,2021-03-08 20:01:01,Включение интернета на 20 минут
36906,2021-03-10 20:14:14,Включение интернета на 20 минут
36906,2021-03-10 21:05:33,Включение интернета на 20 минут с IVR
36906,2021-03-13 08:04:10,Включение интернета на 20 минут
36906,2021-03-14 19:35:46,Включение интернета на 20 минут
36906,2021-03-20 11:58:28,Включение интернета на 20 минут
36906,2021-03-26 21:02:22,Включение интернета на 20 минут
36906,2021-03-29 20:11:02,Включение интернета на 20 минут
36906,2021-04-01 20:18:59,Включение интернета на 20 минут
36906,2021-04-05 20:30:18,Включение интернета на 20 минут
36906,2021-04-08 20:05:00,Включение интернета на 20 минут
36906,2021-04-16 17:46:45,Включение интернета на 20 минут
36906,2021-04-24 08:20:57,Включение интернета на 20 минут
36906,2021-04-28 21:10:32,Включение интернета на 20 минут
30669,2021-03-24 16:41:43,Включение интернета на 20 минут
30669,2021-04-24 19:05:50,Включение интернета на 20 минут
15136,2021-04-12 23:29:05,Информер ВК. Показ
15136,2021-04-13 14:49:01,Информер ВК. Показ
15136,2021-04-13 15:01:36,Информер ВК. Показ
30249,2021-03-01 23:59:23,Включение интернета на 20 минут
30249,2021-03-02 17:54:33,Смена тарифа
30249,2021-03-29 00:53:41,Информер ВК. Показ
30249,2021-03-29 22:25:34,Информер ВК. Показ
30249,2021-04-05 00:17:56,Информер ВК. Показ
30249,2021-04-05 00:18:50,Гарантированный платеж за деньги
29466,2021-03-18 00:10:07,Информер ВК. Показ
29466,2021-03-18 00:10:15,Включение автоматической активации ГП
29466,2021-03-20 23:08:54,Информер ВК. Показ
29466,2021-03-22 23:33:45,Информер ВК. Показ
29466,2021-03-22 23:33:52,Гарантированный платеж за деньги
29466,2021-03-27 11:20:30,Гарантированный платеж за деньги
29466,2021-04-01 11:45:43,Гарантированный платеж за деньги
29466,2021-04-10 12:11:15,Гарантированный платеж за деньги
29466,2021-04-22 23:05:20,Информер ВК. Показ
29466,2021-04-22 23:05:22,Информер ВК. Показ
29466,2021-04-27 21:40:38,Информер ВК. Показ
29466,2021-04-27 21:41:02,Смена тарифа
30430,2021-03-28 17:49:14,Включение интернета на 20 минут с IVR
30430,2021-04-28 21:02:59,Включение интернета на 20 минут
30430,2021-04-28 21:03:00,Включение интернета на 20 минут
32476,2021-03-26 11:33:12,Включение интернета на 20 минут
34626,2021-03-10 16:54:22,Включение интернета на 20 минут
13490,2021-03-05 21:25:50,Информер ВК. Показ
13490,2021-04-01 20:48:33,Информер ВК. Показ
13490,2021-04-04 11:34:04,Информер ВК. Показ
29084,2021-03-23 14:20:45,Информер ВК. Показ
29084,2021-03-23 14:25:03,Информер ВК. Показ
29084,2021-03-23 14:25:59,Информер ВК. Показ
10027,2021-03-10 22:21:53,Информер ВК. Показ
10027,2021-03-10 22:29:01,Информер ВК. Показ
10027,2021-04-04 16:43:18,Информер ВК. Показ
10027,2021-04-24 13:12:12,Информер ВК. Показ
10027,2021-04-27 16:01:18,Информер ВК. Показ
29921,2021-04-04 16:24:54,Информер ВК. Показ
29921,2021-04-04 16:25:26,Информер ВК. Показ
28331,2021-04-01 20:57:59,Информер ВК. Показ
28331,2021-04-01 20:58:34,Гарантированный платеж за деньги
14097,2021-04-13 14:34:15,Информер ВК. Показ
14097,2021-04-13 14:36:06,Гарантированный платеж за деньги
14097,2021-04-13 14:38:35,Информер ВК. Показ
11466,2021-03-05 21:15:47,Информер ВК. Показ
11466,2021-03-09 21:49:58,Информер ВК. Показ
11466,2021-03-09 21:51:32,Включение интернета на 20 минут
11466,2021-03-09 21:52:09,Информер ВК. Показ
11466,2021-04-09 22:03:05,Включение интернета на 20 минут
8184,2021-04-08 16:40:31,Информер ВК. Показ
45415,2021-03-20 20:59:14,Включение интернета на 20 минут с IVR
45415,2021-03-23 12:37:52,Получение подарка в ЛК: сутки интернета на максимальной скорости
45415,2021-03-23 12:38:00,Получение подарка в ЛК: 1 месяц бесплатного просмотра IPTV
45415,2021-03-23 13:35:26,Информер ВК. Показ
45415,2021-03-23 13:36:52,Информер ВК. Показ
45415,2021-03-23 13:37:11,Информер ВК. Показ
45415,2021-03-24 08:32:11,Включение интернета на 20 минут с IVR
45415,2021-03-24 08:34:05,Просмотр раздела Тайный покупатель
45415,2021-03-24 08:50:34,Тайный покупатель. Отправлена анкета
45415,2021-03-28 14:16:21,Включение интернета на 20 минут с IVR
45415,2021-03-29 07:11:09,Абонент оставил отзыв в Личном кабинете
34685,2021-03-20 10:05:56,Информер ВК. Показ
34685,2021-03-20 10:06:19,Включение автоматической активации ГП
34685,2021-03-21 00:13:40,Информер ВК. Показ
34685,2021-03-21 00:14:19,Информер ВК. Показ
32242,2021-04-21 14:23:39,Информер ВК. Показ
32242,2021-04-21 14:24:07,Информер ВК. Показ
32242,2021-04-21 14:24:25,Информер ВК. Показ
32242,2021-04-21 14:28:59,Просмотр раздела Тайный покупатель
32242,2021-04-21 14:29:27,Включение IPTV-пакета
35900,2021-03-27 07:34:22,Информер ВК. Показ
35900,2021-03-27 07:37:24,Информер ВК. Показ
35900,2021-04-28 07:16:18,Информер ВК. Показ
35900,2021-04-28 07:19:02,Информер ВК. Показ
36656,2021-04-22 20:19:16,Включение интернета на 20 минут с IVR
36656,2021-04-25 20:27:48,Включение интернета на 20 минут
37629,2021-04-19 01:40:28,Гарантированный платеж за деньги
10743,2021-03-15 16:01:41,Информер ВК. Показ
10743,2021-03-15 16:01:48,Включение интернета на 20 минут
10743,2021-03-15 19:06:09,Информер ВК. Показ
10743,2021-03-28 16:38:18,Включение интернета на 20 минут
10743,2021-03-30 17:08:42,Информер ВК. Показ
10743,2021-04-27 19:05:23,Информер ВК. Показ
10743,2021-04-27 19:05:31,Включение интернета на 20 минут
36649,2021-04-19 17:31:49,Информер ВК. Показ
36649,2021-04-19 17:37:03,Информер ВК. Показ
36649,2021-04-19 18:38:20,Информер ВК. Показ
36649,2021-04-19 18:38:31,Абонент оставил отзыв в Личном кабинете
10334,2021-04-01 22:46:23,Информер ВК. Показ
10334,2021-04-01 22:46:48,Информер ВК. Показ
10334,2021-04-27 22:17:29,Информер ВК. Показ
34797,2021-03-09 20:11:47,Гарантированный платеж за деньги
34797,2021-03-15 18:32:55,Гарантированный платеж за деньги
34797,2021-03-19 20:10:43,Гарантированный платеж за деньги
34797,2021-03-26 20:51:22,Информер ВК. Показ
34797,2021-03-26 20:51:27,Информер ВК. Показ
34797,2021-03-26 20:54:05,Информер ВК. Показ
34797,2021-03-29 19:55:30,Гарантированный платеж за деньги
34797,2021-04-07 20:10:12,Гарантированный платеж за деньги
34797,2021-04-08 20:33:35,Гарантированный платеж за деньги
34797,2021-04-14 18:27:27,Гарантированный платеж за деньги
34797,2021-04-21 18:03:13,Гарантированный платеж за деньги
34797,2021-04-26 14:00:45,Гарантированный платеж за деньги
34797,2021-04-26 21:17:52,Информер ВК. Показ
34797,2021-04-26 21:18:01,Информер ВК. Показ
34797,2021-04-29 14:24:28,Информер ВК. Показ
29779,2021-03-27 09:50:38,Информер ВК. Показ
29779,2021-03-27 09:51:51,Информер ВК. Показ
29779,2021-04-26 12:20:47,Информер ВК. Показ
14389,2021-03-20 18:25:45,Информер ВК. Показ
14389,2021-03-20 18:26:35,Информер ВК. Показ
14389,2021-04-03 16:21:26,Информер ВК. Показ
14389,2021-04-20 21:46:43,Информер ВК. Показ
13532,2021-03-31 11:16:00,Информер ВК. Показ
13532,2021-03-31 11:16:56,Информер ВК. Показ
13532,2021-03-31 14:16:47,Информер ВК. Показ
12588,2021-03-20 07:50:51,Информер ВК. Показ
12588,2021-03-28 09:25:28,Информер ВК. Показ
12588,2021-03-28 09:27:29,Информер ВК. Показ
12588,2021-03-28 09:31:47,Включение интернета на 20 минут
11134,2021-03-08 15:59:00,Включение IPTV-пакета
11134,2021-03-13 01:03:08,Информер ВК. Показ
11134,2021-03-13 01:05:17,Информер ВК. Показ
11134,2021-03-13 01:05:46,Информер ВК. Показ
11134,2021-04-13 01:16:48,Информер ВК. Показ
45429,2021-03-03 21:21:46,Информер ВК. Показ
45429,2021-03-03 21:21:51,Включение интернета на 20 минут
45429,2021-03-06 20:20:32,Включение интернета на 20 минут
45429,2021-03-09 21:15:03,Информер ВК. Показ
45429,2021-03-09 21:15:19,Включение интернета на 20 минут
45429,2021-03-14 17:57:48,Включение интернета на 20 минут
45429,2021-03-14 17:57:49,Включение интернета на 20 минут
45429,2021-03-22 19:57:35,Включение интернета на 20 минут
45429,2021-03-31 20:34:54,Информер ВК. Показ
45429,2021-03-31 20:35:14,Информер ВК. Показ
45429,2021-03-31 20:35:49,Включение интернета на 20 минут
45429,2021-04-02 06:22:08,Включение интернета на 20 минут
45429,2021-04-06 20:45:41,Включение интернета на 20 минут
45429,2021-04-18 15:51:37,Включение интернета на 20 минут
45429,2021-04-27 18:30:28,Включение интернета на 20 минут
35147,2021-04-02 08:41:30,Информер ВК. Показ
35147,2021-04-02 08:42:44,Информер ВК. Показ
35147,2021-04-02 08:42:58,Информер ВК. Показ
36192,2021-03-02 10:39:53,Информер ВК. Показ
36192,2021-04-05 22:48:40,Информер ВК. Показ
36192,2021-04-05 22:49:30,Просмотр раздела Тайный покупатель
28962,2021-03-18 12:32:24,Включение интернета на 20 минут с IVR
28962,2021-03-21 13:43:35,Включение интернета на 20 минут с IVR
31481,2021-03-16 00:01:20,Включение интернета на 20 минут
31481,2021-03-19 12:15:56,Информер ВК. Показ
31481,2021-03-19 12:17:05,Информер ВК. Показ
31481,2021-03-22 21:12:55,Информер ВК. Показ
31481,2021-04-20 22:05:22,Включение интернета на 20 минут
32468,2021-03-27 13:51:40,Информер ВК. Показ
32468,2021-03-27 13:52:59,Информер ВК. Показ
32468,2021-04-07 20:18:33,Получение подарка в ЛК: 1 месяц бесплатного просмотра IPTV
32468,2021-04-07 20:18:54,Получение подарка в ЛК: сутки интернета на максимальной скорости
32468,2021-04-07 20:19:06,Информер ВК. Показ
32468,2021-04-27 23:11:42,Информер ВК. Показ
32468,2021-04-27 23:12:07,Информер ВК. Показ
13363,2021-04-09 16:08:10,Информер ВК. Показ
11573,2021-03-09 16:13:59,Информер ВК. Показ
31874,2021-03-15 20:31:53,Информер ВК. Показ
31874,2021-04-16 20:40:05,Информер ВК. Показ
29316,2021-03-19 17:26:28,Включение интернета на 20 минут с IVR
29316,2021-03-19 17:41:36,Включение интернета на 20 минут
9952,2021-03-02 00:26:13,Информер ВК. Показ
9952,2021-03-02 00:26:50,Информер ВК. Показ
9952,2021-03-08 16:46:51,Восстановление пароля
9952,2021-03-08 16:47:41,Информер ВК. Показ
14970,2021-03-01 08:30:52,Информер ВК. Показ
33879,2021-03-11 20:07:49,Информер ВК. Показ
33879,2021-03-17 22:11:23,Гарантированный платеж за деньги
33879,2021-03-17 23:38:08,Информер ВК. Показ
33879,2021-03-17 23:39:34,Информер ВК. Показ
33879,2021-04-16 22:10:35,Информер ВК. Показ
33879,2021-04-20 22:33:36,Информер ВК. Показ
33879,2021-04-20 22:40:57,Информер ВК. Показ
8974,2021-03-16 18:44:05,Информер ВК. Показ
8974,2021-04-11 15:48:10,Информер ВК. Показ
10693,2021-03-21 02:58:07,Гарантированный платеж за деньги
10693,2021-03-24 20:43:41,Гарантированный платеж за деньги
10693,2021-03-28 03:00:04,Гарантированный платеж за деньги
10693,2021-04-03 01:27:58,Включение интернета на 20 минут
11142,2021-04-03 15:46:08,Информер ВК. Показ
12628,2021-03-10 16:26:21,Включение интернета на 20 минут
12628,2021-03-10 16:26:22,Включение интернета на 20 минут
12628,2021-04-10 17:09:49,Включение интернета на 20 минут
12628,2021-04-10 19:31:50,Гарантированный платеж за деньги
12628,2021-04-13 20:08:01,Включение интернета на 20 минут
12628,2021-04-13 20:08:02,Включение интернета на 20 минут
29222,2021-03-26 13:38:16,Гарантированный платеж за деньги
29222,2021-04-28 14:20:10,Гарантированный платеж за деньги
12750,2021-03-25 10:19:14,Информер ВК. Показ
11580,2021-03-24 13:10:16,Информер ВК. Показ
31291,2021-03-01 08:58:44,Турбокнопка бесплатно
31291,2021-03-02 07:38:36,Турбокнопка бесплатно
31291,2021-03-03 09:08:14,Турбокнопка бесплатно
31291,2021-03-12 22:18:57,Информер ВК. Показ
31291,2021-03-12 22:19:20,Турбокнопка платно (1 час)
31291,2021-03-13 08:55:35,Турбокнопка бесплатно
31291,2021-04-16 17:19:40,Информер ВК. Показ
31291,2021-04-16 17:19:47,Турбокнопка бесплатно
31291,2021-04-19 14:56:57,Информер ВК. Показ
31291,2021-04-19 14:57:06,Турбокнопка бесплатно
13914,2021-03-09 16:07:35,Восстановление пароля
13914,2021-03-09 16:08:02,Информер ВК. Показ
13914,2021-03-09 16:08:13,Информер ВК. Показ
9335,2021-03-11 09:47:33,Информер ВК. Показ
9335,2021-04-11 11:11:51,Информер ВК. Показ
9335,2021-04-26 12:40:00,Информер ВК. Показ
30082,2021-03-08 08:43:09,Включение интернета на 20 минут
30082,2021-03-13 10:18:42,Показ информатора об изменении уведомлений через ВК платформу
30082,2021-03-17 19:19:09,Включение интернета на 20 минут
30082,2021-03-19 21:40:54,Включение интернета на 20 минут
30082,2021-04-01 09:06:55,Получение подарка в ЛК: сутки интернета на максимальной скорости
30082,2021-04-01 09:07:02,Получение подарка в ЛК: 1 месяц бесплатного просмотра IPTV
30082,2021-04-01 09:11:35,Показ информатора об изменении уведомлений через ВК платформу
30082,2021-04-04 10:54:02,Показ информатора об изменении уведомлений через ВК платформу
30082,2021-04-06 20:22:06,Включение интернета на 20 минут
30082,2021-04-17 20:31:59,Показ информатора об изменении уведомлений через ВК платформу
30082,2021-04-25 16:59:39,Включение интернета на 20 минут
9933,2021-04-19 20:41:39,Информер ВК. Показ
10097,2021-03-17 20:43:20,Включение интернета на 20 минут с IVR
8768,2021-03-02 08:28:11,Информер ВК. Показ
8768,2021-03-30 09:11:35,Информер ВК. Показ
8768,2021-03-30 17:48:23,Информер ВК. Показ
8119,2021-04-09 09:35:04,Информер ВК. Показ
8119,2021-04-09 09:35:33,Включение интернета на 20 минут
8119,2021-04-09 09:40:00,Информер ВК. Показ
8119,2021-04-13 11:28:11,Информер ВК. Показ
13355,2021-03-25 15:51:35,Информер ВК. Показ
13355,2021-03-25 15:52:35,Гарантированный платеж за деньги
13355,2021-03-30 16:14:11,Информер ВК. Показ
13355,2021-03-30 16:14:23,Гарантированный платеж за деньги
13355,2021-04-29 21:10:40,Гарантированный платеж за деньги
45446,2021-03-06 20:41:24,Информер ВК. Показ
45446,2021-03-06 20:41:25,Информер ВК. Показ
11425,2021-03-20 19:07:28,Включение интернета на 20 минут
11425,2021-03-20 19:07:29,Включение интернета на 20 минут
11425,2021-03-20 19:14:28,Информер ВК. Показ
11425,2021-03-20 19:15:39,Просмотр раздела Тайный покупатель
11425,2021-03-20 19:15:48,Информер ВК. Показ
11425,2021-03-20 19:15:56,Информер ВК. Показ
13610,2021-03-03 20:51:43,Информер ВК. Показ
13610,2021-03-05 22:47:10,Информер ВК. Показ
13610,2021-03-11 15:50:00,Информер ВК. Показ
13610,2021-04-11 09:56:46,Включение интернета на 20 минут с IVR
33864,2021-04-12 23:45:26,Информер ВК. Показ
11816,2021-03-14 12:16:51,Включение интернета на 20 минут
14880,2021-03-01 17:38:52,Включение интернета на 20 минут
28901,2021-03-25 17:07:22,Информер ВК. Показ
28901,2021-03-25 18:56:42,Информер ВК. Показ
28901,2021-04-23 22:22:17,Информер ВК. Показ
30613,2021-03-01 04:03:38,Гарантированный платеж за деньги
30613,2021-03-04 04:14:45,Включение интернета на 20 минут
30613,2021-03-04 04:16:53,Гарантированный платеж за деньги
30613,2021-03-07 03:06:10,Показ информатора об изменении уведомлений через ВК платформу
30613,2021-03-07 04:38:43,Гарантированный платеж за деньги
30613,2021-03-09 21:26:48,Показ информатора об изменении уведомлений через ВК платформу
30613,2021-03-10 12:36:47,Показ информатора об изменении уведомлений через ВК платформу
30613,2021-03-10 12:37:38,Включение интернета на 20 минут
30613,2021-03-10 12:43:45,Гарантированный платеж за деньги
30613,2021-03-13 13:20:22,Гарантированный платеж за деньги
30613,2021-03-16 13:40:36,Гарантированный платеж за деньги
30613,2021-03-19 14:17:59,Гарантированный платеж за деньги
30613,2021-03-22 14:51:45,Гарантированный платеж за деньги
30613,2021-03-25 15:07:32,Гарантированный платеж за деньги
30613,2021-03-28 15:16:39,Гарантированный платеж за деньги
30613,2021-03-28 20:11:47,Бонус-скорость
30613,2021-03-31 15:31:10,Включение интернета на 20 минут
30613,2021-03-31 15:36:11,Гарантированный платеж за деньги
30613,2021-03-31 18:56:04,Бонус-скорость
30613,2021-04-03 15:40:57,Включение интернета на 20 минут
30613,2021-04-03 15:47:07,Гарантированный платеж за деньги
30613,2021-04-06 15:51:35,Включение интернета на 20 минут
30613,2021-04-06 15:57:04,Гарантированный платеж за деньги
30613,2021-04-07 20:14:36,Показ информатора об изменении уведомлений через ВК платформу
30613,2021-04-09 16:12:51,Гарантированный платеж за деньги
30613,2021-04-12 16:19:45,Показ информатора об изменении уведомлений через ВК платформу
30613,2021-04-12 16:19:51,Гарантированный платеж за деньги
30613,2021-04-15 17:24:14,Показ информатора об изменении уведомлений через ВК платформу
30613,2021-04-15 17:24:20,Гарантированный платеж за деньги
30613,2021-04-18 17:35:44,Гарантированный платеж за деньги
30613,2021-04-21 17:51:15,Гарантированный платеж за деньги
30613,2021-04-21 19:43:52,Бонус-скорость
30613,2021-04-24 17:58:35,Гарантированный платеж за деньги
30613,2021-04-27 18:17:31,Гарантированный платеж за деньги
34281,2021-03-15 18:34:53,Включение интернета на 20 минут с IVR
34281,2021-03-19 18:42:04,Включение интернета на 20 минут с IVR
34281,2021-03-22 19:22:37,Включение интернета на 20 минут с IVR
34281,2021-04-16 17:43:45,Включение интернета на 20 минут
34281,2021-04-16 17:44:32,Информер ВК. Показ
34281,2021-04-16 17:46:25,Гарантированный платеж за деньги
34281,2021-04-23 23:18:48,Включение интернета на 20 минут с IVR
34281,2021-04-28 06:15:44,Включение интернета на 20 минут с IVR
14968,2021-03-11 20:12:19,Информер ВК. Показ
14968,2021-03-23 16:41:09,Информер ВК. Показ
14968,2021-04-25 17:20:06,Включение интернета на 20 минут
14968,2021-04-25 17:20:15,Информер ВК. Показ
45471,2021-03-24 19:27:26,Информер ВК. Показ
45471,2021-03-24 19:27:58,Информер ВК. Показ
45471,2021-03-24 19:31:03,Информер ВК. Показ
45471,2021-03-24 19:32:18,Смена тарифа
45471,2021-04-15 07:30:50,Включение интернета на 20 минут с IVR
30136,2021-04-22 23:42:00,Информер ВК. Показ
30136,2021-04-22 23:45:22,Информер ВК. Показ
45484,2021-04-16 19:56:53,Принято заявление и доп. соглашение по переезду
45484,2021-04-16 19:56:55,Информер ВК. Показ
28714,2021-04-03 13:34:14,Информер ВК. Показ
9948,2021-03-07 14:44:02,Гарантированный платеж за деньги
9948,2021-04-11 15:51:33,Гарантированный платеж за деньги
13913,2021-04-02 20:49:01,Информер ВК. Показ
13913,2021-04-02 20:51:28,Включение интернета на 20 минут
13913,2021-04-02 20:51:59,Информер ВК. Показ
13913,2021-04-02 20:55:09,Информер ВК. Показ
12496,2021-03-01 10:51:46,Информер ВК. Показ
15012,2021-03-21 14:14:48,Информер ВК. Показ
15012,2021-03-21 14:17:49,Информер ВК. Показ
15012,2021-04-01 20:07:24,Информер ВК. Показ
12925,2021-03-27 08:38:55,Информер ВК. Показ
12925,2021-04-13 17:25:43,Информер ВК. Показ
11837,2021-03-11 23:50:33,Информер ВК. Показ
45500,2021-03-04 13:12:18,Турбокнопка бесплатно
45500,2021-03-05 13:29:03,Турбокнопка бесплатно
45500,2021-03-16 20:54:39,Турбокнопка платно (1 сутки)
45500,2021-03-25 22:54:27,Включение интернета на 20 минут
45500,2021-03-25 22:54:37,Включение интернета на 20 минут
45500,2021-03-25 23:27:51,Гарантированный платеж за деньги
45500,2021-04-10 13:49:36,Информер ВК. Показ
45500,2021-04-10 13:49:42,Турбокнопка бесплатно
45500,2021-04-10 14:54:47,Информер ВК. Показ
45500,2021-04-10 14:54:53,Турбокнопка платно (1 сутки)
45500,2021-04-10 14:55:03,Информер ВК. Показ
45500,2021-04-17 20:41:20,Турбокнопка платно (1 сутки)
45500,2021-04-23 18:15:41,Турбокнопка бесплатно
45500,2021-04-29 20:49:43,Турбокнопка платно (1 сутки)
35647,2021-03-07 11:25:40,Информер ВК. Показ
35647,2021-03-07 11:26:12,Информер ВК. Показ
35647,2021-03-07 11:26:17,Информер ВК. Показ
30127,2021-03-13 10:37:30,Получение подарка в ЛК: 1 месяц бесплатного просмотра IPTV
30127,2021-03-13 10:37:43,Получение подарка в ЛК: сутки интернета на максимальной скорости
30127,2021-03-13 10:38:23,Информер ВК. Показ
30127,2021-03-14 20:40:35,Информер ВК. Показ
30127,2021-03-21 15:09:24,Информер ВК. Показ
28421,2021-03-07 21:47:56,Информер ВК. Показ
28421,2021-03-07 21:49:02,Информер ВК. Показ
28421,2021-03-07 21:49:24,Информер ВК. Показ
28421,2021-03-07 21:50:18,Отключение услуги Автоплатёж
28421,2021-03-07 21:57:15,Включение интернета на 20 минут с IVR
28421,2021-03-07 21:59:22,Включение интернета на 20 минут
13812,2021-03-13 10:02:55,Информер ВК. Показ
13812,2021-03-19 19:53:58,Информер ВК. Показ
36541,2021-03-13 13:16:20,Включение интернета на 20 минут
36541,2021-03-13 13:16:21,Включение интернета на 20 минут
36541,2021-03-13 19:12:31,Информер ВК. Показ
36541,2021-03-13 19:13:50,Информер ВК. Показ
36541,2021-03-25 21:53:43,Информер ВК. Показ
36541,2021-03-25 21:53:53,Бонус-скорость
36541,2021-04-13 19:26:38,Информер ВК. Показ
36541,2021-04-13 19:27:40,Информер ВК. Показ
11907,2021-03-20 23:03:25,Информер ВК. Показ
11907,2021-04-21 19:44:35,Информер ВК. Показ
10907,2021-04-18 11:15:55,Информер ВК. Показ
10907,2021-04-18 11:15:58,Информер ВК. Показ
10907,2021-04-18 11:16:23,Информер ВК. Показ
45529,2021-03-06 19:11:59,Гарантированный платеж за деньги
45529,2021-03-10 15:22:17,Включение интернета на 20 минут
45529,2021-03-13 16:44:31,Гарантированный платеж за деньги
45529,2021-03-16 19:14:59,Включение интернета на 20 минут
45529,2021-03-16 19:40:29,Просмотр раздела Тайный покупатель
45529,2021-03-22 21:55:27,Включение интернета на 20 минут
45529,2021-03-29 22:08:40,Включение интернета на 20 минут
45529,2021-03-29 22:30:11,Гарантированный платеж за деньги
45529,2021-03-29 22:32:36,Информер ВК. Показ
45529,2021-03-29 22:35:24,Информер ВК. Показ
45529,2021-03-29 22:37:05,Информер ВК. Показ
45529,2021-04-01 22:44:19,Включение интернета на 20 минут
45529,2021-04-07 23:34:09,Включение интернета на 20 минут
45529,2021-04-07 23:34:28,Гарантированный платеж за деньги
45529,2021-04-10 23:47:34,Включение интернета на 20 минут
45529,2021-04-20 01:02:09,Гарантированный платеж за деньги
45529,2021-04-26 01:20:00,Гарантированный платеж за деньги
45529,2021-04-29 02:13:55,Включение интернета на 20 минут
45529,2021-04-29 02:13:56,Включение интернета на 20 минут
7965,2021-03-02 22:03:03,Информер ВК. Показ
7965,2021-03-02 22:07:46,Информер ВК. Показ
7965,2021-04-02 22:17:31,Гарантированный платеж за деньги
14236,2021-03-01 19:24:27,Информер ВК. Показ
14236,2021-03-01 19:33:13,Информер ВК. Показ
14236,2021-03-01 22:40:06,Информер ВК. Показ
14236,2021-04-01 22:06:19,Смена пароля
14236,2021-04-01 22:06:24,Информер ВК. Показ
14236,2021-04-01 22:11:35,Информер ВК. Показ
14236,2021-04-03 12:01:09,Информер ВК. Показ
8356,2021-03-01 20:28:49,Включение интернета на 20 минут
8356,2021-03-01 20:31:05,Информер ВК. Показ
8356,2021-03-01 20:33:32,Информер ВК. Показ
8356,2021-03-01 20:33:59,Информер ВК. Показ
8356,2021-04-01 21:22:47,Включение интернета на 20 минут
8356,2021-04-01 21:22:58,Информер ВК. Показ
8356,2021-04-01 21:25:58,Информер ВК. Показ
8356,2021-04-01 21:26:06,Информер ВК. Показ
13420,2021-03-16 23:03:32,Включение интернета на 20 минут
13420,2021-04-17 01:02:40,Включение интернета на 20 минут
37932,2021-04-04 18:02:54,Информер ВК. Показ
37932,2021-04-04 18:05:10,Информер ВК. Показ
37932,2021-04-04 18:05:39,Информер ВК. Показ
37932,2021-04-04 18:07:10,Смена тарифа
45543,2021-03-09 22:12:48,Гарантированный платеж за деньги
45543,2021-03-15 22:05:37,Гарантированный платеж за деньги
45543,2021-03-25 23:44:37,Информер ВК. Показ
45543,2021-03-26 15:38:08,Информер ВК. Показ
45543,2021-03-28 20:07:03,Информер ВК. Показ
45543,2021-03-28 20:07:31,Гарантированный платеж за деньги
45543,2021-04-01 09:29:23,Включение интернета на 20 минут
45543,2021-04-02 21:11:51,Гарантированный платеж за деньги
45543,2021-04-10 20:29:02,Включение автоматической активации ГП
45543,2021-04-13 21:42:03,Включение интернета на 20 минут
45543,2021-04-16 19:12:17,Гарантированный платеж за деньги
45543,2021-04-24 22:24:06,Гарантированный платеж за деньги
45543,2021-04-27 22:00:35,Информер ВК. Показ
45543,2021-04-27 22:48:42,Информер ВК. Показ
45543,2021-04-27 22:50:00,Включение интернета на 20 минут
45543,2021-04-29 20:36:37,Информер ВК. Показ
45543,2021-04-29 23:03:55,Гарантированный платеж за деньги
45546,2021-03-02 12:44:42,Информер ВК. Показ
45546,2021-03-03 12:11:10,Информер ВК. Показ
45546,2021-03-18 20:25:11,Информер ВК. Показ
45546,2021-04-03 14:22:26,Информер ВК. Показ
45546,2021-04-04 21:31:21,Информер ВК. Показ
29455,2021-03-23 19:19:41,Информер ВК. Показ
29455,2021-03-23 19:20:17,Гарантированный платеж за деньги
29455,2021-03-23 19:20:59,Информер ВК. Показ
29455,2021-03-25 22:36:34,Информер ВК. Показ
29455,2021-04-26 18:53:55,Информер ВК. Показ
29455,2021-04-26 18:54:29,Включение автоматической активации ГП
29455,2021-04-26 18:54:53,Информер ВК. Показ
29455,2021-04-27 22:55:48,Информер ВК. Показ
29455,2021-04-29 19:24:41,Гарантированный платеж за деньги
12443,2021-04-12 20:17:20,Изменение пакета HD. Закрытие лендинг-информера
31435,2021-03-02 19:40:22,Гарантированный платеж за деньги
31435,2021-03-05 19:53:22,Гарантированный платеж за деньги
31435,2021-03-09 16:48:33,Гарантированный платеж за деньги
31435,2021-03-12 17:06:17,Гарантированный платеж за деньги
31435,2021-03-15 21:03:54,Гарантированный платеж за деньги
31435,2021-03-18 22:09:17,Гарантированный платеж за деньги
31435,2021-03-22 16:16:37,Гарантированный платеж за деньги
31435,2021-03-25 16:38:19,Гарантированный платеж за деньги
31435,2021-03-28 16:53:57,Гарантированный платеж за деньги
31435,2021-03-31 18:07:44,Гарантированный платеж за деньги
31435,2021-04-03 18:17:52,Гарантированный платеж за деньги
31435,2021-04-06 19:28:41,Гарантированный платеж за деньги
31435,2021-04-09 20:59:11,Гарантированный платеж за деньги
31435,2021-04-13 12:07:58,Гарантированный платеж за деньги
31435,2021-04-16 17:16:05,Гарантированный платеж за деньги
31435,2021-04-19 20:15:56,Гарантированный платеж за деньги
31435,2021-04-22 21:06:53,Гарантированный платеж за деньги
31435,2021-04-25 21:50:32,Гарантированный платеж за деньги
31435,2021-04-29 15:47:47,Гарантированный платеж за деньги
30809,2021-03-20 21:18:51,Получение подарка в ЛК: 1 месяц бесплатного просмотра IPTV
30809,2021-03-20 21:19:09,Получение подарка в ЛК: сутки интернета на максимальной скорости
30809,2021-03-20 21:19:19,Информер ВК. Показ
30809,2021-03-20 21:19:40,Информер ВК. Показ
30809,2021-03-20 21:20:13,Информер ВК. Показ
30809,2021-04-21 07:44:05,Включение интернета на 20 минут
30809,2021-04-21 07:44:16,Информер ВК. Показ
30809,2021-04-21 21:47:28,Информер ВК. Показ
30809,2021-04-21 21:48:42,Информер ВК. Показ
11594,2021-03-02 14:56:25,Включение интернета на 20 минут
11594,2021-03-04 20:25:06,Включение интернета на 20 минут
11594,2021-03-10 19:48:57,Включение интернета на 20 минут
11594,2021-03-14 12:39:50,Включение интернета на 20 минут
11594,2021-03-18 21:31:39,Информер ВК. Показ
11594,2021-03-18 21:31:50,Включение интернета на 20 минут
11594,2021-03-19 19:26:17,Информер ВК. Показ
11594,2021-03-19 21:57:28,Включение интернета на 20 минут
11594,2021-03-26 18:45:26,Информер ВК. Показ
11594,2021-04-02 23:29:57,Включение интернета на 20 минут
11594,2021-04-08 21:07:58,Включение интернета на 20 минут
11594,2021-04-11 21:23:28,Включение интернета на 20 минут
11594,2021-04-13 21:33:44,Включение интернета на 20 минут
11594,2021-04-27 21:02:21,Информер ВК. Показ
11594,2021-04-27 21:02:27,Включение интернета на 20 минут
11594,2021-04-28 21:21:46,Информер ВК. Показ
11594,2021-04-29 21:52:50,Информер ВК. Показ
33968,2021-03-01 00:39:22,Информер ВК. Показ
33968,2021-03-04 15:20:07,Включение интернета на 20 минут
33968,2021-03-04 15:20:08,Включение интернета на 20 минут
45569,2021-04-25 13:00:36,Информер ВК. Показ
45569,2021-04-25 13:00:41,Абонент оставил отзыв в Личном кабинете
45569,2021-04-25 13:01:22,Информер ВК. Показ
45569,2021-04-25 13:44:02,Смена пароля
45571,2021-04-28 00:34:50,Информер ВК. Показ
45571,2021-04-28 07:04:10,Информер ВК. Показ
11565,2021-04-18 09:57:27,Информер ВК. Показ
11565,2021-04-18 09:58:36,Просмотр раздела Тайный покупатель
11565,2021-04-18 10:01:13,Информер ВК. Показ
11565,2021-04-29 04:16:56,Информер ВК. Показ
45577,2021-04-12 19:53:52,Гарантированный платеж за деньги
28263,2021-03-19 08:52:38,Информер ВК. Показ
28263,2021-03-22 08:57:23,Информер ВК. Показ
28263,2021-03-22 11:43:26,Информер ВК. Показ
28263,2021-04-19 11:18:42,Информер ВК. Показ
10705,2021-03-10 16:44:12,Информер ВК. Показ
10705,2021-03-27 09:40:09,Информер ВК. Показ
10705,2021-04-04 19:01:14,Информер ВК. Показ
10705,2021-04-14 14:12:31,Информер ВК. Показ
12487,2021-04-04 20:01:04,Включение интернета на 20 минут с IVR
9412,2021-03-12 22:16:43,Информер ВК. Показ
9412,2021-03-13 13:31:11,Информер ВК. Показ
9412,2021-04-03 22:54:12,Информер ВК. Показ
9412,2021-04-22 21:37:58,Информер ВК. Показ
29219,2021-03-20 13:05:51,Информер ВК. Показ
29219,2021-03-24 21:19:06,Включение интернета на 20 минут
29219,2021-03-24 21:52:04,Гарантированный платеж за деньги
29219,2021-03-26 06:40:03,Информер ВК. Показ
29219,2021-03-27 18:19:11,Информер ВК. Показ
29219,2021-04-23 06:37:48,Информер ВК. Показ
29219,2021-04-27 07:35:27,Информер ВК. Показ
11028,2021-03-01 18:16:40,Информер ВК. Показ
11028,2021-04-01 19:24:28,Информер ВК. Показ
11028,2021-04-16 18:53:41,Информер ВК. Показ
45600,2021-03-10 21:17:08,Включение интернета на 20 минут
45600,2021-03-20 18:40:15,Включение интернета на 20 минут
45600,2021-03-20 18:40:24,Включение интернета на 20 минут
45600,2021-04-24 20:39:15,Информер ВК. Показ
40130,2021-04-26 09:39:13,Включение интернета на 20 минут с IVR
40130,2021-04-29 19:31:30,Включение интернета на 20 минут с IVR
11759,2021-03-15 19:16:50,Информер ВК. Показ
11759,2021-03-15 19:16:51,Информер ВК. Показ
11759,2021-04-14 19:58:00,Информер ВК. Показ
45614,2021-03-30 15:23:02,Просмотр раздела Тайный покупатель
30977,2021-03-10 17:49:58,Включение IPTV-пакета
30977,2021-03-10 17:53:59,Включение IPTV-пакета
45628,2021-03-21 23:01:51,Информер ВК. Показ
45628,2021-04-22 00:16:22,Гарантированный платеж за деньги
45628,2021-04-22 23:36:10,Информер ВК. Показ
45630,2021-03-05 11:16:39,Включение интернета на 20 минут
45630,2021-03-08 16:18:20,Гарантированный платеж за деньги
45630,2021-03-13 12:13:58,Включение интернета на 20 минут
45630,2021-04-13 19:14:56,Гарантированный платеж за деньги
45630,2021-04-18 11:57:22,Включение интернета на 20 минут
45630,2021-04-28 19:23:12,Включение интернета на 20 минут
45630,2021-04-28 19:23:13,Включение интернета на 20 минут
29030,2021-03-01 13:35:28,Включение интернета на 20 минут
29030,2021-03-01 13:35:29,Включение интернета на 20 минут
29030,2021-03-14 17:18:40,Информер ВК. Показ
14575,2021-03-15 11:38:07,Информер ВК. Показ
14575,2021-04-06 13:33:33,Информер ВК. Показ
14575,2021-04-11 15:45:21,Информер ВК. Показ
14575,2021-04-15 21:37:57,Информер ВК. Показ
35495,2021-03-29 01:45:54,Информер ВК. Показ
11766,2021-03-14 19:28:23,Включение интернета на 20 минут
11766,2021-03-14 20:01:08,Гарантированный платеж за деньги
11766,2021-03-17 20:47:02,Включение интернета на 20 минут
11766,2021-04-17 22:50:45,Включение интернета на 20 минут
11766,2021-04-19 16:48:19,Информер ВК. Показ
11766,2021-04-19 16:50:36,Информер ВК. Показ
38774,2021-03-07 19:27:43,Информер ВК. Показ
45649,2021-03-16 11:55:58,Включение IPTV-пакета
45649,2021-03-18 18:28:33,Гарантированный платеж за деньги
45656,2021-03-17 17:17:15,Включение интернета на 20 минут с IVR
45656,2021-03-20 17:26:35,Включение интернета на 20 минут с IVR
45656,2021-03-26 18:17:25,Включение интернета на 20 минут с IVR
45656,2021-03-30 19:49:45,Включение интернета на 20 минут с IVR
45656,2021-04-03 07:12:54,Включение интернета на 20 минут с IVR
45656,2021-04-09 19:32:55,Включение интернета на 20 минут с IVR
31938,2021-03-02 22:25:57,Информер ВК. Показ
31938,2021-03-30 22:46:10,Информер ВК. Показ
31938,2021-04-01 19:09:38,Информер ВК. Показ
31938,2021-04-03 06:57:09,Информер ВК. Показ
32096,2021-03-25 22:08:23,Информер ВК. Показ
8155,2021-03-28 17:16:45,Информер ВК. Показ
8155,2021-03-28 17:17:30,Информер ВК. Показ
8155,2021-03-28 21:28:58,Гарантированный платеж за деньги
8155,2021-03-31 21:55:00,Включение интернета на 20 минут
8155,2021-04-08 16:54:16,Информер ВК. Показ
45665,2021-03-08 16:34:12,Информер ВК. Показ
45665,2021-03-08 16:34:16,Информер ВК. Показ
45665,2021-04-22 12:22:31,Информер ВК. Показ
45665,2021-04-25 11:31:53,Информер ВК. Показ
45665,2021-04-25 11:36:43,Информер ВК. Показ
40567,2021-03-04 01:12:07,Информер ВК. Показ
40567,2021-03-04 23:54:17,Информер ВК. Показ
40567,2021-03-31 23:21:00,Информер ВК. Показ
40567,2021-04-07 19:24:14,Информер ВК. Показ
40567,2021-04-10 14:37:26,Информер ВК. Показ
12534,2021-03-15 18:13:39,Включение интернета на 20 минут
12534,2021-03-15 18:13:40,Включение интернета на 20 минут
12534,2021-03-20 11:38:53,Включение интернета на 20 минут
12534,2021-03-20 18:24:54,Просмотр раздела Тайный покупатель
12534,2021-03-23 08:55:12,Включение интернета на 20 минут
12534,2021-04-26 08:48:33,Включение интернета на 20 минут
40093,2021-03-07 00:15:52,Информер ВК. Показ
40093,2021-03-07 00:19:04,Информер ВК. Показ
40093,2021-04-10 01:24:56,Информер ВК. Показ
40093,2021-04-10 01:35:03,Информер ВК. Показ
45677,2021-04-24 22:18:59,Информер ВК. Показ
45677,2021-04-24 22:19:14,Информер ВК. Показ
33637,2021-03-26 19:48:32,Информер ВК. Показ
33637,2021-04-12 22:44:09,Информер ВК. Показ
33637,2021-04-12 22:49:38,Информер ВК. Показ
33637,2021-04-15 15:05:52,Гарантированный платеж за деньги
33637,2021-04-15 16:45:04,Абонент оставил отзыв в Личном кабинете
33930,2021-03-28 18:38:14,Включение интернета на 20 минут
33930,2021-03-28 18:38:15,Включение интернета на 20 минут
33930,2021-04-28 21:24:49,Информер ВК. Показ
33930,2021-04-28 21:25:16,Информер ВК. Показ
33930,2021-04-28 21:25:28,Включение интернета на 20 минут
8726,2021-04-17 18:01:31,Показ информатора об изменении уведомлений через ВК платформу
8726,2021-04-17 18:02:19,Включение интернета на 20 минут
8726,2021-04-17 18:03:49,Показ информатора об изменении уведомлений через ВК платформу
9350,2021-03-06 16:17:05,Информер ВК. Показ
9350,2021-03-17 19:03:25,Информер ВК. Показ
9350,2021-03-31 18:35:48,Информер ВК. Показ
9350,2021-04-10 15:05:31,Информер ВК. Показ
9350,2021-04-28 23:10:34,Информер ВК. Показ
34198,2021-03-01 20:13:04,Включение интернета на 20 минут
34198,2021-03-02 16:16:58,Информер ВК. Показ
34198,2021-03-02 21:18:49,Информер ВК. Показ
34198,2021-03-03 12:57:47,Включение интернета на 20 минут
34198,2021-03-05 18:13:12,Включение интернета на 20 минут
34198,2021-03-06 18:14:45,Включение интернета на 20 минут
34198,2021-03-08 20:02:59,Включение интернета на 20 минут
34198,2021-03-10 14:43:12,Включение интернета на 20 минут
34198,2021-03-13 20:21:31,Включение интернета на 20 минут
34198,2021-03-15 16:28:42,Включение интернета на 20 минут
34198,2021-03-17 12:05:20,Включение интернета на 20 минут
34198,2021-03-18 19:20:23,Включение интернета на 20 минут
34198,2021-03-24 11:44:43,Включение интернета на 20 минут
34198,2021-03-26 21:06:02,Включение интернета на 20 минут
34198,2021-03-29 16:46:03,Включение интернета на 20 минут
34198,2021-03-30 16:15:41,Информер ВК. Показ
34198,2021-03-30 17:21:57,Включение интернета на 20 минут
34198,2021-04-01 10:56:13,Включение интернета на 20 минут
34198,2021-04-02 18:19:19,Информер ВК. Показ
34198,2021-04-02 18:19:38,Включение интернета на 20 минут
34198,2021-04-04 10:55:36,Включение интернета на 20 минут
34198,2021-04-05 15:03:45,Включение интернета на 20 минут
34198,2021-04-07 11:21:27,Включение интернета на 20 минут
34198,2021-04-07 11:21:37,Информер ВК. Показ
34198,2021-04-08 22:14:12,Включение интернета на 20 минут
34198,2021-04-10 11:00:17,Включение интернета на 20 минут
34198,2021-04-12 11:12:07,Включение интернета на 20 минут
34198,2021-04-16 10:13:43,Включение интернета на 20 минут
34198,2021-04-17 20:32:08,Включение интернета на 20 минут
34198,2021-04-19 11:37:23,Включение интернета на 20 минут
34198,2021-04-21 08:22:46,Включение интернета на 20 минут
34198,2021-04-26 14:16:43,Включение интернета на 20 минут
34198,2021-04-28 21:40:30,Включение интернета на 20 минут
14338,2021-03-09 10:06:56,Информер ВК. Показ
14920,2021-04-26 06:55:38,Включение интернета на 20 минут
14920,2021-04-29 07:13:50,Включение интернета на 20 минут
45700,2021-03-30 21:31:27,Информер ВК. Показ
45700,2021-04-01 00:22:04,Информер ВК. Показ
45700,2021-04-13 17:20:28,Гарантированный платеж за деньги
45710,2021-03-10 18:38:35,Информер ВК. Показ
45710,2021-03-10 18:38:41,Турбокнопка бесплатно
45710,2021-03-11 18:36:01,Информер ВК. Показ
45710,2021-03-11 18:36:07,Турбокнопка бесплатно
45710,2021-03-13 10:48:59,Информер ВК. Показ
45710,2021-03-20 15:37:01,Турбокнопка бесплатно
45710,2021-04-05 07:03:51,Турбокнопка бесплатно
45710,2021-04-09 16:01:09,Турбокнопка бесплатно
45710,2021-04-14 10:44:14,Информер ВК. Показ
45710,2021-04-14 10:44:20,Турбокнопка бесплатно
45710,2021-04-15 18:32:11,Информер ВК. Показ
45710,2021-04-15 18:33:15,Информер ВК. Показ
45710,2021-04-17 06:36:02,Турбокнопка бесплатно
11075,2021-03-12 21:54:08,Информер ВК. Показ
11075,2021-03-12 21:54:22,Включение интернета на 20 минут
11075,2021-03-12 22:01:41,Информер ВК. Показ
11075,2021-04-18 20:49:59,Включение интернета на 20 минут
11075,2021-04-18 20:50:09,Включение интернета на 20 минут
11075,2021-04-18 20:54:06,Информер ВК. Показ
31777,2021-04-09 12:49:23,Гарантированный платеж за деньги
45715,2021-03-22 19:44:47,Включение интернета на 20 минут
45715,2021-03-22 19:44:53,Включение интернета на 20 минут
45715,2021-04-06 10:03:52,Включение интернета на 20 минут
45715,2021-04-13 10:13:09,Включение интернета на 20 минут
45715,2021-04-24 10:54:42,Включение интернета на 20 минут
11143,2021-03-21 22:20:03,Информер ВК. Показ
39228,2021-03-02 21:09:08,Включение интернета на 20 минут
39228,2021-03-11 21:11:34,Информер ВК. Показ
45721,2021-03-08 21:10:13,Информер ВК. Показ
45721,2021-03-15 22:28:36,Информер ВК. Показ
45721,2021-04-04 21:45:45,Информер ВК. Показ
45721,2021-04-28 22:27:53,Информер ВК. Показ
38532,2021-03-30 11:36:10,Информер ВК. Показ
38532,2021-03-30 11:36:48,Информер ВК. Показ
38532,2021-03-30 11:37:14,Информер ВК. Показ
45722,2021-03-06 23:27:16,Включение интернета на 20 минут
45722,2021-03-06 23:27:32,Информер ВК. Показ
45722,2021-03-13 23:46:05,Включение интернета на 20 минут
45722,2021-03-21 00:00:29,Включение интернета на 20 минут
45722,2021-04-14 22:15:09,Информер ВК. Показ
45722,2021-04-22 06:57:05,Включение интернета на 20 минут
10638,2021-03-01 21:31:05,Включение интернета на 20 минут
10638,2021-03-03 19:19:35,Включение интернета на 20 минут
10638,2021-03-04 19:56:19,Включение интернета на 20 минут
10638,2021-03-06 22:32:08,Включение интернета на 20 минут
10638,2021-03-07 23:18:30,Включение интернета на 20 минут
10638,2021-03-09 21:32:33,Включение интернета на 20 минут
10638,2021-03-10 21:48:26,Включение интернета на 20 минут
10638,2021-03-13 23:08:43,Включение интернета на 20 минут
10638,2021-03-15 19:47:40,Включение интернета на 20 минут
10638,2021-03-16 20:14:49,Включение интернета на 20 минут
10638,2021-03-17 20:23:26,Информер ВК. Показ
10638,2021-03-17 20:23:30,Включение интернета на 20 минут
10638,2021-03-18 21:21:16,Информер ВК. Показ
10638,2021-03-18 21:21:19,Включение интернета на 20 минут
10638,2021-03-19 22:20:03,Включение интернета на 20 минут
10638,2021-03-21 11:39:06,Включение интернета на 20 минут
10638,2021-03-21 18:02:39,Информер ВК. Показ
10638,2021-03-22 18:49:49,Включение интернета на 20 минут
10638,2021-03-23 19:26:29,Включение интернета на 20 минут
10638,2021-03-25 20:43:42,Включение интернета на 20 минут
10638,2021-03-27 19:38:53,Включение интернета на 20 минут
10638,2021-03-29 21:48:40,Включение интернета на 20 минут
10638,2021-03-30 22:45:31,Включение интернета на 20 минут
10638,2021-04-01 22:03:43,Включение интернета на 20 минут
10638,2021-04-02 11:23:16,Гарантированный платеж за деньги
10638,2021-04-06 21:44:11,Абонент оставил отзыв в Личном кабинете
10638,2021-04-06 21:45:51,Включение интернета на 20 минут
10638,2021-04-08 18:37:13,Включение интернета на 20 минут
10638,2021-04-09 18:47:44,Включение интернета на 20 минут
10638,2021-04-10 21:52:54,Включение интернета на 20 минут
10638,2021-04-13 23:31:11,Включение интернета на 20 минут
10638,2021-04-15 19:11:06,Включение интернета на 20 минут
10638,2021-04-16 20:31:10,Включение интернета на 20 минут
10638,2021-04-17 21:21:42,Информер ВК. Показ
10638,2021-04-17 21:21:56,Включение интернета на 20 минут
10638,2021-04-18 21:30:42,Информер ВК. Показ
10638,2021-04-18 21:30:45,Включение интернета на 20 минут
10638,2021-04-19 23:46:42,Включение интернета на 20 минут
10638,2021-04-21 21:00:44,Информер ВК. Показ
10638,2021-04-21 21:08:14,Включение интернета на 20 минут
10638,2021-04-22 21:49:09,Включение интернета на 20 минут
10638,2021-04-24 15:09:16,Включение интернета на 20 минут
10638,2021-04-25 15:25:27,Включение интернета на 20 минут
10638,2021-04-26 18:38:13,Включение интернета на 20 минут
10638,2021-04-27 21:25:22,Включение интернета на 20 минут
10638,2021-04-28 21:49:16,Включение интернета на 20 минут
10638,2021-04-29 22:46:17,Включение интернета на 20 минут
45742,2021-03-06 14:20:26,Информер ВК. Показ
45749,2021-04-28 11:26:06,Включение IPTV-пакета
45751,2021-04-01 12:30:06,Включение интернета на 20 минут
45757,2021-03-18 22:09:09,Включение интернета на 20 минут
45757,2021-03-18 22:09:10,Включение интернета на 20 минут
45757,2021-03-31 20:29:05,Информер ВК. Показ
45757,2021-04-23 19:43:18,Информер ВК. Показ
45760,2021-03-12 22:01:32,Информер ВК. Показ
45760,2021-03-12 22:01:45,Включение интернета на 20 минут
45760,2021-03-12 22:03:44,Информер ВК. Показ
45760,2021-04-01 19:48:15,Информер ВК. Показ
45760,2021-04-16 21:37:23,Информер ВК. Показ
45760,2021-04-27 06:33:29,Информер ВК. Показ
11654,2021-03-08 00:54:42,Информер ВК. Показ
11654,2021-04-11 19:11:42,Информер ВК. Показ
11654,2021-04-11 19:20:36,Информер ВК. Показ
45784,2021-04-22 14:19:18,Информер ВК. Показ
45784,2021-04-22 14:19:35,Информер ВК. Показ
8503,2021-04-24 20:52:20,Информер ВК. Показ
45794,2021-03-11 15:44:55,Информер ВК. Показ
45794,2021-04-14 22:25:31,Информер ВК. Показ
45805,2021-03-21 17:11:28,Информер ВК. Показ
45805,2021-03-22 19:40:38,Информер ВК. Показ
45805,2021-04-09 22:38:52,Информер ВК. Показ
45805,2021-04-23 23:06:36,Информер ВК. Показ
45805,2021-04-23 23:09:43,Информер ВК. Показ
45813,2021-03-21 21:10:23,Информер ВК. Показ
45813,2021-04-22 09:51:14,Включение интернета на 20 минут
41945,2021-03-21 23:18:23,Включение интернета на 20 минут
41945,2021-03-21 23:18:24,Включение интернета на 20 минут
41945,2021-03-25 04:14:26,Информер ВК. Показ
10686,2021-03-02 14:40:01,Информер ВК. Показ
10686,2021-03-17 14:26:24,Информер ВК. Показ
10686,2021-03-26 13:00:41,Информер ВК. Показ
10686,2021-04-03 23:03:54,Информер ВК. Показ
10686,2021-04-20 14:11:12,Информер ВК. Показ
10686,2021-04-26 22:14:51,Просмотр раздела Тайный покупатель
10686,2021-04-26 22:14:56,Информер ВК. Показ
28265,2021-04-06 22:32:08,Информер ВК. Показ
28265,2021-04-06 22:37:21,Информер ВК. Показ
28265,2021-04-06 22:37:57,Информер ВК. Показ
36653,2021-03-23 09:08:13,Информер ВК. Показ
36653,2021-03-23 09:09:10,Информер ВК. Показ
36653,2021-03-23 09:09:53,Просмотр раздела Тайный покупатель
36653,2021-04-25 20:24:55,Информер ВК. Показ
36653,2021-04-25 20:24:59,Абонент оставил отзыв в Личном кабинете
34301,2021-03-01 13:58:41,Информер ВК. Показ
34301,2021-03-04 07:54:46,Информер ВК. Показ
34301,2021-03-05 17:24:17,Просмотр раздела Тайный покупатель
34301,2021-03-20 07:20:38,Включение интернета на 20 минут
34301,2021-03-20 18:53:41,Абонент оставил отзыв в Личном кабинете
34301,2021-04-02 08:25:24,Гарантированный платеж за деньги
34301,2021-04-02 08:25:48,Информер ВК. Показ
34301,2021-04-09 10:37:32,Гарантированный платеж за деньги
34301,2021-04-12 10:47:46,Гарантированный платеж за деньги
34301,2021-04-22 18:32:25,Гарантированный платеж за деньги
39116,2021-03-23 23:30:45,Информер ВК. Показ
39116,2021-03-23 23:30:58,Гарантированный платеж за деньги
39116,2021-04-19 21:28:25,Информер ВК. Показ
39116,2021-04-20 11:56:32,Информер ВК. Показ
9941,2021-03-14 16:53:39,Информер ВК. Показ
9941,2021-03-14 16:54:11,Информер ВК. Показ
9941,2021-03-14 16:56:30,Информер ВК. Показ
13512,2021-04-26 21:45:43,Информер ВК. Показ
45863,2021-03-30 21:52:03,Информер ВК. Показ
9195,2021-03-29 06:59:24,Включение интернета на 20 минут
9195,2021-04-29 07:38:55,Гарантированный платеж за деньги
45867,2021-03-10 19:39:13,Включение интернета на 20 минут
45867,2021-03-10 19:39:19,Информер ВК. Показ
45867,2021-03-10 19:39:50,Гарантированный платеж за деньги
45867,2021-03-16 14:04:13,Включение интернета на 20 минут
45867,2021-03-16 14:05:43,Информер ВК. Показ
45867,2021-03-16 14:25:32,Гарантированный платеж за деньги
45867,2021-03-19 14:52:37,Включение интернета на 20 минут
45867,2021-03-19 15:17:45,Информер ВК. Показ
45867,2021-03-19 15:18:08,Гарантированный платеж за деньги
45867,2021-03-22 22:05:31,Включение интернета на 20 минут
45867,2021-03-22 22:31:52,Гарантированный платеж за деньги
45867,2021-03-25 23:06:43,Включение интернета на 20 минут
45867,2021-03-26 10:14:20,Гарантированный платеж за деньги
45867,2021-03-29 20:28:02,Включение интернета на 20 минут
45867,2021-03-29 20:55:27,Гарантированный платеж за деньги
45867,2021-04-01 21:02:44,Гарантированный платеж за деньги
45867,2021-04-05 16:09:17,Гарантированный платеж за деньги
45867,2021-04-09 17:27:30,Включение интернета на 20 минут
45867,2021-04-09 18:08:09,Гарантированный платеж за деньги
45867,2021-04-12 21:11:18,Включение интернета на 20 минут
45867,2021-04-12 21:34:02,Информер ВК. Показ
45867,2021-04-12 21:34:19,Гарантированный платеж за деньги
45867,2021-04-15 23:50:17,Включение интернета на 20 минут
45867,2021-04-16 00:11:43,Гарантированный платеж за деньги
45867,2021-04-19 21:55:30,Включение интернета на 20 минут
45867,2021-04-20 21:56:19,Информер ВК. Показ
45867,2021-04-20 21:56:27,Включение интернета на 20 минут
45867,2021-04-20 22:01:37,Информер ВК. Показ
45867,2021-04-20 22:42:29,Гарантированный платеж за деньги
45867,2021-04-24 00:35:56,Включение интернета на 20 минут
45867,2021-04-24 00:36:35,Гарантированный платеж за деньги
45867,2021-04-28 12:15:45,Включение интернета на 20 минут
45867,2021-04-28 12:31:00,Гарантированный платеж за деньги
45878,2021-03-16 12:48:31,Информер ВК. Показ
45878,2021-03-16 12:49:36,Информер ВК. Показ
45878,2021-03-30 13:35:57,Информер ВК. Показ
45878,2021-04-17 14:24:29,Информер ВК. Показ
45878,2021-04-17 14:24:53,Информер ВК. Показ
31755,2021-03-14 14:24:50,Гарантированный платеж за деньги
31755,2021-04-29 15:34:06,Гарантированный платеж за деньги
45885,2021-04-15 14:32:12,Информер ВК. Показ
45885,2021-04-15 14:57:24,Информер ВК. Показ
45885,2021-04-15 15:02:09,Информер ВК. Показ
45901,2021-03-17 00:03:54,Информер ВК. Показ
45901,2021-03-24 00:03:07,Информер ВК. Показ
45902,2021-03-01 16:03:27,Информер ВК. Показ
45902,2021-03-01 17:24:21,Гарантированный платеж за деньги
45902,2021-03-08 14:00:50,Включение интернета на 20 минут
45902,2021-03-08 14:34:27,Информер ВК. Показ
45902,2021-03-08 14:34:35,Информер ВК. Показ
45902,2021-03-08 14:34:44,Гарантированный платеж за деньги
45902,2021-03-11 19:05:26,Включение интернета на 20 минут
45902,2021-03-14 20:02:17,Гарантированный платеж за деньги
45902,2021-03-28 12:31:23,Гарантированный платеж за деньги
45902,2021-03-31 17:58:26,Гарантированный платеж за деньги
45902,2021-04-02 19:54:58,Информер ВК. Показ
45902,2021-04-06 18:08:37,Включение интернета на 20 минут
45902,2021-04-13 19:01:28,Информер ВК. Показ
45902,2021-04-13 19:05:48,Включение интернета на 20 минут
45902,2021-04-13 19:07:00,Информер ВК. Показ
45902,2021-04-14 15:07:31,Гарантированный платеж за деньги
45902,2021-04-23 20:57:42,Включение интернета на 20 минут
45902,2021-04-23 20:58:18,Гарантированный платеж за деньги
29658,2021-03-01 20:32:54,Включение интернета на 20 минут
29658,2021-03-01 21:33:29,Общий счет. Отсоединение от донора
29658,2021-03-05 10:01:25,Включение интернета на 20 минут с IVR
29658,2021-03-08 11:46:50,Включение интернета на 20 минут
29658,2021-03-11 14:25:05,Включение интернета на 20 минут
29658,2021-03-11 14:57:29,Включение интернета на 20 минут с IVR
29658,2021-03-14 14:20:35,Включение интернета на 20 минут с IVR
29658,2021-03-19 23:01:22,Включение интернета на 20 минут
29658,2021-03-21 14:01:33,Включение интернета на 20 минут с IVR
29658,2021-03-21 14:50:58,Включение интернета на 20 минут
29658,2021-03-22 20:57:17,Включение интернета на 20 минут
29658,2021-03-24 23:52:44,Включение интернета на 20 минут
29658,2021-04-03 18:00:33,Информер ВК. Показ
29658,2021-04-03 18:01:01,Включение интернета на 20 минут
29658,2021-04-03 18:55:49,Информер ВК. Показ
29658,2021-04-04 07:54:23,Информер ВК. Показ
29658,2021-04-05 13:46:53,Включение интернета на 20 минут
29658,2021-04-06 14:12:12,Гарантированный платеж за деньги
29658,2021-04-17 16:22:31,Гарантированный платеж за деньги
29658,2021-04-20 22:59:35,Включение интернета на 20 минут
29658,2021-04-22 12:55:43,Включение интернета на 20 минут
29658,2021-04-23 15:49:50,Включение интернета на 20 минут
29658,2021-04-23 15:49:51,Включение интернета на 20 минут
45913,2021-03-01 21:45:07,Информер ВК. Показ
45914,2021-04-02 00:12:02,Информер ВК. Показ
45914,2021-04-12 20:25:05,Информер ВК. Показ
8948,2021-04-15 06:19:06,Информер ВК. Показ
45917,2021-03-22 17:24:53,Включение интернета на 20 минут
45917,2021-04-26 18:43:03,Принято заявление и доп. соглашение по переезду
45917,2021-04-26 18:43:04,Информер ВК. Показ
45922,2021-03-20 21:45:54,Информер ВК. Показ
45922,2021-04-07 21:59:40,Информер ВК. Показ
45922,2021-04-07 22:00:22,Выключение IPTV-пакета
45922,2021-04-07 22:01:22,Информер ВК. Показ
28386,2021-03-03 16:28:27,Информер ВК. Показ
28386,2021-03-09 20:59:05,Информер ВК. Показ
28386,2021-04-14 17:37:46,Информер ВК. Показ
28386,2021-04-15 00:17:24,Информер ВК. Показ
28386,2021-04-15 00:17:29,Информер ВК. Показ
13441,2021-03-24 09:16:27,Информер ВК. Показ
13441,2021-03-24 09:23:50,Информер ВК. Показ
10561,2021-03-01 22:29:43,Информер ВК. Показ
10561,2021-03-03 17:36:52,Информер ВК. Показ
12123,2021-04-18 11:37:04,Принято заявление и доп. соглашение по переезду
12123,2021-04-18 11:37:07,Показ информатора об изменении уведомлений через ВК платформу
31775,2021-03-08 14:42:21,Гарантированный платеж за деньги
34793,2021-03-28 21:23:07,Включение интернета на 20 минут
34793,2021-03-28 21:23:21,Информер ВК. Показ
45930,2021-03-05 14:16:52,Информер ВК. Показ
45955,2021-03-16 23:15:28,Гарантированный платеж за деньги
45955,2021-03-22 14:32:19,Гарантированный платеж за деньги
8935,2021-04-07 16:39:18,Информер ВК. Показ
8935,2021-04-27 20:24:33,Информер ВК. Показ
12467,2021-03-14 22:14:22,Информер ВК. Показ
12467,2021-03-14 22:18:17,Просмотр раздела Тайный покупатель
12467,2021-03-14 22:19:06,Информер ВК. Показ
12467,2021-03-24 23:20:25,Информер ВК. Показ
12467,2021-03-24 23:20:26,Информер ВК. Показ
12467,2021-03-24 23:20:42,Информер ВК. Показ
35379,2021-03-19 18:16:31,Информер ВК. Показ
30783,2021-03-08 12:14:32,Включение интернета на 20 минут
45968,2021-03-21 19:00:36,Информер ВК. Показ
45968,2021-04-06 17:37:57,Информер ВК. Показ
45972,2021-03-19 20:18:47,Информер ВК. Показ
45972,2021-04-07 13:56:17,Информер ВК. Показ
45972,2021-04-07 13:58:01,Просмотр раздела Тайный покупатель
45972,2021-04-07 13:58:19,Информер ВК. Показ
9486,2021-03-09 08:34:21,Информер ВК. Показ
45980,2021-03-06 18:56:02,Включение автоматической активации ГП
45980,2021-03-12 20:50:18,Информер ВК. Показ
45980,2021-03-12 20:50:26,Включение автоматической активации ГП
45980,2021-03-22 20:56:40,Включение автоматической активации ГП
45980,2021-03-25 21:34:40,Гарантированный платеж за деньги
45980,2021-03-31 18:53:09,Включение автоматической активации ГП
45980,2021-04-01 21:43:40,Гарантированный платеж за деньги
45980,2021-04-05 22:30:05,Гарантированный платеж за деньги
45980,2021-04-12 22:40:36,Гарантированный платеж за деньги
45980,2021-04-18 22:52:25,Гарантированный платеж за деньги
45992,2021-04-21 22:30:31,Информер ВК. Показ
45992,2021-04-21 22:31:08,Информер ВК. Показ
45992,2021-04-29 10:00:31,Информер ВК. Показ
37086,2021-03-01 21:45:18,Гарантированный платеж за деньги
37086,2021-03-06 14:46:13,Информер ВК. Показ
37086,2021-03-06 22:37:32,Информер ВК. Показ
37086,2021-03-06 22:37:42,Гарантированный платеж за деньги
37086,2021-03-09 22:46:41,Включение интернета на 20 минут
37086,2021-03-14 20:09:55,Информер ВК. Показ
37086,2021-03-21 23:12:13,Гарантированный платеж за деньги
37086,2021-03-24 23:49:56,Включение интернета на 20 минут
37086,2021-03-24 23:50:20,Гарантированный платеж за деньги
37086,2021-03-30 00:21:07,Гарантированный платеж за деньги
37086,2021-04-02 01:03:47,Включение интернета на 20 минут
37086,2021-04-02 01:05:20,Гарантированный платеж за деньги
37086,2021-04-08 23:29:14,Информер ВК. Показ
37086,2021-04-08 23:29:40,Турбокнопка платно (1 час)
37086,2021-04-11 13:34:48,Гарантированный платеж за деньги
37086,2021-04-16 23:22:42,Информер ВК. Показ
37086,2021-04-16 23:23:32,Информер ВК. Показ
37086,2021-04-19 00:08:17,Гарантированный платеж за деньги
37086,2021-04-22 01:00:28,Включение интернета на 20 минут
30993,2021-03-10 20:36:27,Информер ВК. Показ
30993,2021-03-10 20:37:27,Информер ВК. Показ
30993,2021-04-07 07:11:22,Информер ВК. Показ
30993,2021-04-24 14:26:23,Информер ВК. Показ
46005,2021-03-14 10:49:05,Включение IPTV-пакета
32078,2021-04-15 14:28:47,Информер ВК. Показ
32078,2021-04-15 16:31:25,Информер ВК. Показ
32078,2021-04-20 17:05:39,Информер ВК. Показ
9798,2021-03-06 08:28:47,Информер ВК. Показ
9798,2021-03-06 08:29:23,Включение интернета на 20 минут
9798,2021-04-06 18:26:01,Включение интернета на 20 минут
46035,2021-04-23 23:29:15,Гарантированный платеж за деньги
46036,2021-04-22 17:38:10,Информер ВК. Показ
46036,2021-04-23 17:52:56,Информер ВК. Показ
46036,2021-04-23 17:53:06,Включение интернета на 20 минут
46036,2021-04-23 21:34:59,Информер ВК. Показ
46042,2021-03-03 22:29:02,Информер ВК. Показ
46042,2021-03-03 22:29:11,Турбокнопка платно (1 час)
46042,2021-03-06 16:30:12,Турбокнопка бесплатно
46042,2021-03-07 14:58:04,Турбокнопка бесплатно
46042,2021-03-09 16:59:34,Гарантированный платеж за деньги
46042,2021-03-12 17:09:18,Включение интернета на 20 минут
46042,2021-03-18 18:34:01,Информер ВК. Показ
46042,2021-03-19 00:15:27,Турбокнопка бесплатно
46042,2021-03-19 01:36:14,Турбокнопка платно (1 час)
46042,2021-03-26 19:48:51,Информер ВК. Показ
46042,2021-03-28 20:37:18,Турбокнопка платно (1 час)
46042,2021-04-02 15:31:35,Турбокнопка бесплатно
46042,2021-04-02 17:00:37,Турбокнопка платно (1 час)
46042,2021-04-07 18:59:46,Информер ВК. Показ
46042,2021-04-07 18:59:51,Турбокнопка бесплатно
46042,2021-04-07 21:02:38,Турбокнопка платно (1 час)
46042,2021-04-17 01:58:20,Турбокнопка бесплатно
46042,2021-04-17 16:13:00,Турбокнопка платно (1 час)
46059,2021-03-13 16:47:29,Информер ВК. Показ
46059,2021-04-04 17:53:59,Информер ВК. Показ
46059,2021-04-10 12:30:06,Информер ВК. Показ
46059,2021-04-18 18:59:00,Информер ВК. Показ
46063,2021-03-06 15:53:35,Информер ВК. Показ
46063,2021-03-06 15:53:41,Турбокнопка бесплатно
46063,2021-03-13 13:20:04,Турбокнопка бесплатно
46063,2021-03-13 16:16:52,Бонус-скорость
46063,2021-03-14 18:14:06,Турбокнопка бесплатно
46063,2021-03-27 18:21:35,Информер ВК. Показ
46063,2021-03-27 18:27:00,Информер ВК. Показ
46063,2021-03-27 18:37:21,Включение интернета на 20 минут
46063,2021-04-09 14:15:27,Информер ВК. Показ
46063,2021-04-09 14:15:32,Турбокнопка бесплатно
46063,2021-04-12 14:25:29,Турбокнопка бесплатно
46063,2021-04-16 12:36:36,Турбокнопка бесплатно
46063,2021-04-27 19:14:01,Информер ВК. Показ
46063,2021-04-27 19:23:19,Гарантированный платеж за деньги
32562,2021-03-26 21:08:23,Информер ВК. Показ
32562,2021-03-26 21:08:27,Информер ВК. Показ
32562,2021-04-04 13:48:39,Информер ВК. Показ
39773,2021-04-27 21:14:38,Информер ВК. Показ
13896,2021-04-14 14:41:07,Показ информатора об изменении уведомлений через ВК платформу
13896,2021-04-21 16:07:26,Показ информатора об изменении уведомлений через ВК платформу
10736,2021-03-17 19:58:43,Включение интернета на 20 минут
10736,2021-03-17 20:21:21,Гарантированный платеж за деньги
10736,2021-03-20 20:57:29,Гарантированный платеж за деньги
10736,2021-03-23 21:52:36,Гарантированный платеж за деньги
10736,2021-04-27 15:39:46,Включение интернета на 20 минут
46089,2021-04-04 23:33:36,Информер ВК. Показ
46089,2021-04-04 23:33:51,Включение интернета на 20 минут
8238,2021-04-20 23:40:36,Информер ВК. Показ
8238,2021-04-20 23:41:19,Информер ВК. Показ
8238,2021-04-20 23:43:17,Информер ВК. Показ
46110,2021-03-28 18:39:11,Получение подарка в ЛК: 1 месяц бесплатного просмотра IPTV
46110,2021-03-28 18:39:14,Получение подарка в ЛК: сутки интернета на максимальной скорости
46110,2021-03-28 18:39:20,Информер ВК. Показ
46120,2021-03-01 08:49:46,Гарантированный платеж за деньги
9000,2021-03-15 16:43:09,Включение интернета на 20 минут
9000,2021-03-15 16:43:10,Включение интернета на 20 минут
9000,2021-03-15 16:43:41,Информер ВК. Показ
9000,2021-03-15 18:30:37,Информер ВК. Показ
9000,2021-03-15 18:38:52,Информер ВК. Показ
8890,2021-03-01 20:07:16,Абонент оставил отзыв в Личном кабинете
8890,2021-04-02 19:18:38,Информер ВК. Показ
8890,2021-04-16 15:42:48,Информер ВК. Показ
8890,2021-04-16 15:42:49,Информер ВК. Показ
37200,2021-03-01 03:36:52,Гарантированный платеж за деньги
37200,2021-04-04 05:50:04,Включение интернета на 20 минут
37200,2021-04-04 05:50:05,Включение интернета на 20 минут
46186,2021-03-04 21:25:15,Информер ВК. Показ
33988,2021-03-07 23:17:20,Информер ВК. Показ
33988,2021-03-07 23:18:13,Включение интернета на 20 минут
33988,2021-03-10 16:02:36,Гарантированный платеж за деньги
33988,2021-03-16 22:31:57,Включение интернета на 20 минут
33988,2021-03-16 22:31:58,Включение интернета на 20 минут
33988,2021-03-21 21:57:24,Гарантированный платеж за деньги
33988,2021-03-21 21:57:39,Включение интернета на 20 минут
33988,2021-04-09 17:11:04,Информер ВК. Показ
33988,2021-04-09 17:13:31,Информер ВК. Показ
33988,2021-04-09 17:13:42,Гарантированный платеж за деньги
33988,2021-04-21 21:38:36,Информер ВК. Показ
33988,2021-04-22 14:20:31,Гарантированный платеж за деньги
34575,2021-04-25 12:42:04,Информер ВК. Показ
34575,2021-04-25 12:43:52,Информер ВК. Показ
34575,2021-04-25 12:45:35,Информер ВК. Показ
28793,2021-03-15 13:20:56,Включение интернета на 20 минут
28793,2021-03-15 13:20:57,Включение интернета на 20 минут
28793,2021-04-15 14:18:59,Включение интернета на 20 минут
27793,2021-03-09 09:34:29,Информер ВК. Показ
27793,2021-03-28 17:29:05,Информер ВК. Показ
27793,2021-03-28 17:29:58,Информер ВК. Показ
27793,2021-04-13 06:58:13,Информер ВК. Показ
30070,2021-03-28 17:50:02,Включение интернета на 20 минут с IVR
30070,2021-03-28 17:56:00,Смена пароля
30070,2021-03-28 17:56:44,Смена пароля
30070,2021-03-28 17:57:39,Информер ВК. Показ
30070,2021-03-28 18:02:35,Информер ВК. Показ
46208,2021-03-16 22:25:30,Информер ВК. Показ
46208,2021-03-21 20:54:38,Информер ВК. Показ
46208,2021-03-21 20:54:45,Гарантированный платеж за деньги
46208,2021-03-24 17:31:26,Информер ВК. Показ
46208,2021-04-02 20:38:33,Включение автоматической активации ГП
46208,2021-04-20 22:14:32,Информер ВК. Показ
46208,2021-04-20 22:14:44,Гарантированный платеж за деньги
46208,2021-04-26 16:41:04,Информер ВК. Показ
10004,2021-03-06 19:40:58,Гарантированный платеж за деньги
10004,2021-03-09 20:09:06,Включение интернета на 20 минут
10004,2021-03-10 19:52:44,Гарантированный платеж за деньги
10004,2021-03-15 09:51:35,Гарантированный платеж за деньги
10004,2021-03-18 19:00:35,Включение интернета на 20 минут
10004,2021-03-19 10:00:16,Гарантированный платеж за деньги
10004,2021-03-22 19:12:08,Включение интернета на 20 минут
10004,2021-03-24 09:30:49,Включение интернета на 20 минут
10004,2021-03-28 11:05:56,Гарантированный платеж за деньги
10004,2021-04-03 10:44:46,Гарантированный платеж за деньги
10004,2021-04-09 09:26:07,Гарантированный платеж за деньги
10004,2021-04-15 09:27:56,Гарантированный платеж за деньги
10004,2021-04-18 11:07:35,Гарантированный платеж за деньги
10004,2021-04-22 09:28:15,Гарантированный платеж за деньги
10004,2021-04-27 19:59:12,Гарантированный платеж за деньги
11285,2021-03-03 11:40:11,Включение интернета на 20 минут
11285,2021-03-08 15:44:28,Включение интернета на 20 минут
11285,2021-03-11 17:32:17,Включение интернета на 20 минут
11285,2021-03-11 17:32:18,Включение интернета на 20 минут
11285,2021-03-15 16:01:05,Включение интернета на 20 минут
11285,2021-03-18 14:10:38,Включение интернета на 20 минут
10860,2021-04-11 14:36:53,Получение подарка в ЛК: сутки интернета на максимальной скорости
10860,2021-04-11 14:37:03,Получение подарка в ЛК: 1 месяц бесплатного просмотра IPTV
10860,2021-04-11 19:59:03,Показ информатора об изменении уведомлений через ВК платформу
10860,2021-04-11 20:02:08,Показ информатора об изменении уведомлений через ВК платформу
46223,2021-03-02 20:47:52,Гарантированный платеж за деньги
46223,2021-03-06 13:16:46,Информер ВК. Показ
46223,2021-03-09 17:49:33,Гарантированный платеж за деньги
46223,2021-03-18 18:00:11,Информер ВК. Показ
46223,2021-03-18 18:00:19,Гарантированный платеж за деньги
46223,2021-03-28 10:23:08,Информер ВК. Показ
46223,2021-03-28 10:23:17,Гарантированный платеж за деньги
46223,2021-04-12 19:37:54,Информер ВК. Показ
46223,2021-04-12 19:38:04,Гарантированный платеж за деньги
46223,2021-04-19 13:31:05,Информер ВК. Показ
46223,2021-04-19 13:31:14,Гарантированный платеж за деньги
46223,2021-04-23 19:20:09,Гарантированный платеж за деньги
45121,2021-03-05 20:08:10,Включение интернета на 20 минут
45121,2021-04-05 21:00:17,Гарантированный платеж за деньги
45121,2021-04-08 21:30:51,Включение интернета на 20 минут
36959,2021-03-20 20:16:04,Информер ВК. Показ
36959,2021-03-20 20:16:43,Информер ВК. Показ
36959,2021-03-20 20:16:57,Информер ВК. Показ
36959,2021-03-20 20:25:57,Включение интернета на 20 минут
36959,2021-04-10 10:08:30,Включение интернета на 20 минут
28204,2021-03-03 20:50:51,Включение интернета на 20 минут
28204,2021-03-03 20:50:52,Включение интернета на 20 минут
46231,2021-03-03 19:10:32,Информер ВК. Показ
46244,2021-03-25 21:40:53,Просмотр раздела Тайный покупатель
46244,2021-03-25 21:42:50,Информер ВК. Показ
7917,2021-03-29 06:45:12,Включение интернета на 20 минут
7917,2021-03-29 06:45:13,Включение интернета на 20 минут
8570,2021-03-12 15:15:41,Информер ВК. Показ
8570,2021-03-12 15:16:22,Информер ВК. Показ
8570,2021-03-12 15:18:54,Информер ВК. Показ
8570,2021-03-13 13:30:23,Принято заявление и доп. соглашение по переезду
8570,2021-03-13 13:38:22,Смена пароля
30854,2021-03-19 23:11:31,Информер ВК. Показ
30854,2021-03-19 23:12:35,Информер ВК. Показ
30854,2021-03-19 23:14:11,Смена тарифа
30854,2021-03-19 23:14:19,Информер ВК. Показ
30854,2021-04-06 18:33:14,Включение интернета на 20 минут
30854,2021-04-06 18:33:15,Включение интернета на 20 минут
30854,2021-04-24 18:42:58,Включение интернета на 20 минут
46274,2021-04-05 22:26:14,Информер ВК. Показ
46274,2021-04-21 18:34:15,Информер ВК. Показ
46274,2021-04-21 18:34:33,Информер ВК. Показ
28507,2021-03-13 16:11:22,Информер ВК. Показ
28507,2021-04-01 18:17:19,Информер ВК. Показ
28507,2021-04-13 14:55:16,Информер ВК. Показ
28507,2021-04-24 18:12:00,Информер ВК. Показ
46278,2021-03-01 10:44:24,Информер ВК. Показ
46278,2021-03-08 22:37:19,Информер ВК. Показ
46278,2021-03-12 12:44:46,Информер ВК. Показ
46278,2021-04-01 21:26:32,Информер ВК. Показ
46278,2021-04-14 21:47:03,Информер ВК. Показ
46278,2021-04-23 19:54:10,Информер ВК. Показ
12145,2021-03-20 02:43:02,Включение интернета на 20 минут
28473,2021-03-14 20:56:43,Информер ВК. Показ
28473,2021-03-14 21:00:52,Информер ВК. Показ
28473,2021-03-14 21:03:54,Информер ВК. Показ
28473,2021-04-14 21:20:03,Информер ВК. Показ
28473,2021-04-14 21:22:52,Информер ВК. Показ
14609,2021-03-07 10:58:53,Информер ВК. Показ
14609,2021-03-07 10:59:27,Информер ВК. Показ
14609,2021-03-07 11:00:35,Информер ВК. Показ
14609,2021-04-07 21:08:46,Информер ВК. Показ
14609,2021-04-07 21:09:37,Информер ВК. Показ
14609,2021-04-10 00:52:47,Информер ВК. Показ
13138,2021-03-10 23:10:47,Информер ВК. Показ
13138,2021-03-10 23:11:03,Информер ВК. Показ
13138,2021-03-17 23:41:50,Информер ВК. Показ
13138,2021-03-17 23:42:36,Гарантированный платеж за деньги
13138,2021-04-15 19:04:36,Информер ВК. Показ
8236,2021-03-05 23:26:30,Информер ВК. Показ
46321,2021-04-11 11:54:43,Получение подарка в ЛК: 1 месяц бесплатного просмотра IPTV
46321,2021-04-11 11:54:49,Получение подарка в ЛК: сутки интернета на максимальной скорости
46321,2021-04-11 11:55:01,Информер ВК. Показ
46321,2021-04-11 11:56:11,Информер ВК. Показ
27965,2021-03-05 16:52:18,Информер ВК. Показ
27965,2021-03-07 18:32:09,Информер ВК. Показ
27965,2021-03-28 23:11:18,Информер ВК. Показ
27965,2021-04-09 14:24:12,Информер ВК. Показ
27965,2021-04-09 14:24:23,Гарантированный платеж за деньги
27965,2021-04-12 15:12:15,Включение интернета на 20 минут
27965,2021-04-12 15:12:47,Информер ВК. Показ
27965,2021-04-29 00:20:11,Информер ВК. Показ
46330,2021-03-06 18:59:59,Информер ВК. Показ
46330,2021-03-06 19:01:33,Информер ВК. Показ
46330,2021-03-06 19:01:48,Турбокнопка бесплатно
46330,2021-03-14 18:59:09,Турбокнопка бесплатно
46330,2021-03-23 00:05:50,Информер ВК. Показ
46330,2021-03-28 16:16:32,Турбокнопка бесплатно
46330,2021-04-04 13:26:21,Турбокнопка бесплатно
46330,2021-04-11 19:01:23,Информер ВК. Показ
46330,2021-04-14 20:10:21,Информер ВК. Показ
46330,2021-04-24 12:45:56,Информер ВК. Показ
46330,2021-04-24 12:46:04,Турбокнопка бесплатно
46330,2021-04-25 13:17:26,Турбокнопка бесплатно
32011,2021-03-09 19:24:03,Информер ВК. Показ
32011,2021-03-09 19:24:35,Включение интернета на 20 минут
32011,2021-03-09 19:25:56,Гарантированный платеж за деньги
32011,2021-03-12 19:41:03,Включение интернета на 20 минут
32011,2021-04-12 20:00:02,Включение интернета на 20 минут
32011,2021-04-12 20:02:21,Информер ВК. Показ
32011,2021-04-15 18:42:44,Информер ВК. Показ
32011,2021-04-15 18:43:00,Турбокнопка бесплатно
32011,2021-04-27 21:59:20,Информер ВК. Показ
46333,2021-04-04 20:32:47,Включение интернета на 20 минут с IVR
46333,2021-04-04 20:35:41,Информер ВК. Показ
46333,2021-04-04 20:36:20,Информер ВК. Показ
46333,2021-04-04 20:36:33,Информер ВК. Показ
46353,2021-03-02 21:45:01,Информер ВК. Показ
46353,2021-03-02 22:08:31,Информер ВК. Показ
46353,2021-03-04 20:07:11,Информер ВК. Показ
46354,2021-03-02 03:47:48,Без границ платно. Отключение
46354,2021-03-02 04:30:40,Без границ платно. Включение
46354,2021-03-02 04:31:12,Без границ платно. Отключение
46354,2021-03-06 14:32:30,Включение интернета на 20 минут
46354,2021-03-07 11:30:14,Информер ВК. Показ
46354,2021-03-07 11:33:29,Информер ВК. Показ
46354,2021-03-07 11:34:22,Информер ВК. Показ
46354,2021-03-13 12:56:14,Включение интернета на 20 минут
46354,2021-03-13 19:52:41,Гарантированный платеж за деньги
46354,2021-03-27 06:30:56,Гарантированный платеж за деньги
46354,2021-03-30 22:30:57,Включение интернета на 20 минут
46354,2021-04-03 10:28:24,Включение интернета на 20 минут
46354,2021-04-04 13:15:50,Включение интернета на 20 минут
46354,2021-04-17 20:38:02,Включение интернета на 20 минут
46354,2021-04-17 20:38:20,Информер ВК. Показ
46354,2021-04-17 20:39:36,Гарантированный платеж за деньги
46354,2021-04-20 22:21:02,Включение интернета на 20 минут
46354,2021-04-22 02:02:16,Включение интернета на 20 минут
46354,2021-04-22 02:05:04,Информер ВК. Показ
46354,2021-04-22 02:06:12,Информер ВК. Показ
46356,2021-03-02 17:40:09,Информер ВК. Показ
46356,2021-03-19 08:17:48,Информер ВК. Показ
46356,2021-03-28 15:12:33,Информер ВК. Показ
46356,2021-04-02 20:50:31,Информер ВК. Показ
9800,2021-03-06 20:49:23,Информер ВК. Показ
9800,2021-03-08 18:15:27,Информер ВК. Показ
9800,2021-03-08 18:15:43,Гарантированный платеж за деньги
9800,2021-03-11 16:19:25,Информер ВК. Показ
13903,2021-03-04 15:04:04,Информер ВК. Показ
13903,2021-03-04 15:05:37,Включение интернета на 20 минут
13903,2021-03-05 07:35:28,Информер ВК. Показ
13903,2021-04-04 15:13:18,Включение интернета на 20 минут
13903,2021-04-04 15:13:19,Включение интернета на 20 минут
46366,2021-03-19 17:20:45,Включение интернета на 20 минут с IVR
46366,2021-04-09 23:18:02,Информер ВК. Показ
46366,2021-04-26 19:04:27,Информер ВК. Показ
46366,2021-04-26 19:06:14,Включение интернета на 20 минут
31912,2021-03-28 09:11:37,Информер ВК. Показ
13402,2021-03-14 14:01:19,Включение интернета на 20 минут с IVR
29242,2021-03-01 19:55:19,Информер ВК. Показ
29242,2021-03-02 23:47:16,Информер ВК. Показ
29242,2021-03-02 23:47:39,Информер ВК. Показ
10563,2021-03-08 16:47:24,Информер ВК. Показ
13737,2021-04-13 21:13:48,Информер ВК. Показ
46382,2021-03-01 01:54:24,Информер ВК. Показ
34390,2021-03-01 08:37:15,Информер ВК. Показ
34390,2021-03-04 09:28:09,Информер ВК. Показ
34390,2021-04-07 09:45:29,Информер ВК. Показ
34390,2021-04-10 11:11:31,Информер ВК. Показ
34390,2021-04-12 07:55:17,Информер ВК. Показ
14986,2021-03-23 19:06:10,Включение интернета на 20 минут с IVR
14986,2021-04-04 10:10:28,Включение интернета на 20 минут
9199,2021-03-04 10:14:43,Информер ВК. Показ
9199,2021-03-10 18:13:21,Включение интернета на 20 минут
9199,2021-03-14 10:18:58,Включение интернета на 20 минут
9199,2021-03-14 10:25:59,Гарантированный платеж за деньги
9199,2021-03-15 11:14:06,Информер ВК. Показ
9199,2021-03-15 11:14:15,Просмотр раздела Тайный покупатель
9199,2021-03-16 11:19:41,Информер ВК. Показ
9199,2021-03-23 17:46:02,Включение интернета на 20 минут
9199,2021-03-31 17:14:57,Включение интернета на 20 минут
9199,2021-04-02 18:13:04,Включение интернета на 20 минут
9199,2021-04-05 10:05:27,Включение интернета на 20 минут
9199,2021-04-07 11:12:49,Включение интернета на 20 минут
9199,2021-04-12 10:12:50,Включение интернета на 20 минут
9199,2021-04-12 10:12:53,Информер ВК. Показ
9199,2021-04-12 10:13:02,Гарантированный платеж за деньги
9199,2021-04-15 17:21:06,Включение интернета на 20 минут
9199,2021-04-18 22:18:26,Включение интернета на 20 минут
9199,2021-04-20 19:48:04,Включение интернета на 20 минут
10704,2021-03-06 19:00:46,Турбокнопка бесплатно
10984,2021-03-07 22:04:18,Информер ВК. Показ
10984,2021-03-07 22:04:45,Просмотр раздела Тайный покупатель
10984,2021-03-07 22:05:50,Смена тарифа
28161,2021-03-16 13:24:34,Информер ВК. Показ
28161,2021-03-17 11:15:23,Информер ВК. Показ
28161,2021-04-17 09:25:27,Информер ВК. Показ
28161,2021-04-17 09:25:32,Информер ВК. Показ
28161,2021-04-26 15:53:28,Информер ВК. Показ
10123,2021-04-14 12:57:41,Принято заявление и доп. соглашение по переезду
10123,2021-04-14 12:57:44,Информер ВК. Показ
10123,2021-04-14 13:00:48,Просмотр раздела Тайный покупатель
10123,2021-04-14 13:01:16,Получение подарка в ЛК: 1 месяц бесплатного просмотра IPTV
10123,2021-04-14 13:01:17,Получение подарка в ЛК: сутки интернета на максимальной скорости
10123,2021-04-14 13:01:22,Информер ВК. Показ
10123,2021-04-16 16:45:32,Информер ВК. Показ
39102,2021-03-02 17:58:04,Информер ВК. Показ
39102,2021-03-31 20:10:56,Информер ВК. Показ
39102,2021-03-31 20:10:57,Информер ВК. Показ
46390,2021-03-27 19:29:29,Гарантированный платеж за деньги
46390,2021-03-30 19:53:50,Информер ВК. Показ
46390,2021-03-30 19:55:58,Информер ВК. Показ
46394,2021-03-03 15:33:23,Гарантированный платеж за деньги
46394,2021-03-06 16:51:57,Информер ВК. Показ
46394,2021-03-08 19:57:18,Гарантированный платеж за деньги
46394,2021-03-16 17:15:48,Гарантированный платеж за деньги
46394,2021-03-24 10:51:59,Гарантированный платеж за деньги
46394,2021-04-04 11:30:42,Гарантированный платеж за деньги
46394,2021-04-21 14:49:29,Гарантированный платеж за деньги
46398,2021-03-09 15:41:44,Гарантированный платеж за деньги
46398,2021-03-23 15:57:59,Включение интернета на 20 минут
46398,2021-04-19 16:03:15,Включение интернета на 20 минут
46418,2021-03-11 12:19:09,Информер ВК. Показ
46418,2021-04-06 15:20:29,Информер ВК. Показ
46418,2021-04-22 12:51:45,Информер ВК. Показ
32368,2021-03-19 19:41:13,Информер ВК. Показ
32368,2021-03-19 19:42:04,Информер ВК. Показ
46428,2021-03-09 16:50:12,Включение интернета на 20 минут
46428,2021-04-09 17:41:53,Включение интернета на 20 минут
46436,2021-03-10 18:27:53,Включение интернета на 20 минут с IVR
46436,2021-03-28 20:08:10,Включение интернета на 20 минут с IVR
46436,2021-04-15 22:31:17,Включение интернета на 20 минут с IVR
46436,2021-04-25 19:10:33,Включение интернета на 20 минут с IVR
46447,2021-03-01 22:29:46,Гарантированный платеж за деньги
46447,2021-04-04 00:12:59,Гарантированный платеж за деньги
46447,2021-04-15 08:16:01,Гарантированный платеж за деньги
46454,2021-03-28 14:44:48,Информер ВК. Показ
46454,2021-03-28 14:48:51,Информер ВК. Показ
46454,2021-04-28 15:43:29,Включение интернета на 20 минут
46454,2021-04-28 15:43:33,Информер ВК. Показ
46454,2021-04-28 15:44:55,Информер ВК. Показ
46454,2021-04-28 15:46:04,Информер ВК. Показ
46465,2021-03-06 22:36:12,Включение интернета на 20 минут
46465,2021-03-12 15:30:03,Включение интернета на 20 минут
46465,2021-03-24 20:57:44,Включение интернета на 20 минут
46465,2021-04-04 21:41:08,Включение интернета на 20 минут
46465,2021-04-08 16:29:08,Включение интернета на 20 минут
30290,2021-04-07 05:11:34,Информер ВК. Показ
46471,2021-04-11 21:10:08,Информер ВК. Показ
46471,2021-04-11 21:12:53,Информер ВК. Показ
46471,2021-04-13 11:19:05,Информер ВК. Показ
46479,2021-03-04 07:23:49,Информер ВК. Показ
46479,2021-03-06 14:19:21,Информер ВК. Показ
46479,2021-03-06 14:19:59,Турбокнопка платно (1 сутки)
46479,2021-03-07 14:37:15,Турбокнопка бесплатно
46479,2021-03-12 18:26:56,Турбокнопка бесплатно
46479,2021-03-19 17:54:40,Информер ВК. Показ
46479,2021-03-19 17:54:49,Турбокнопка бесплатно
46479,2021-03-19 19:07:33,Турбокнопка платно (1 час)
46479,2021-03-19 20:30:07,Турбокнопка платно (1 час)
46479,2021-03-19 21:45:09,Турбокнопка платно (1 час)
46479,2021-03-29 16:22:32,Турбокнопка бесплатно
46479,2021-04-04 14:54:36,Информер ВК. Показ
46479,2021-04-04 14:54:44,Турбокнопка бесплатно
46479,2021-04-13 15:51:22,Информер ВК. Показ
46479,2021-04-13 15:51:36,Турбокнопка бесплатно
46479,2021-04-14 14:26:16,Турбокнопка бесплатно
46479,2021-04-17 12:15:01,Турбокнопка бесплатно
46479,2021-04-17 13:16:32,Турбокнопка платно (1 час)
46479,2021-04-22 14:20:48,Информер ВК. Показ
46479,2021-04-22 14:20:54,Турбокнопка бесплатно
46479,2021-04-22 18:35:24,Турбокнопка платно (1 час)
46479,2021-04-22 19:42:30,Турбокнопка платно (1 час)
46479,2021-04-27 18:41:46,Турбокнопка бесплатно
46479,2021-04-29 15:25:02,Турбокнопка бесплатно
46479,2021-04-29 16:25:51,Турбокнопка платно (1 час)
12664,2021-03-02 10:44:07,Гарантированный платеж за деньги
12664,2021-03-09 14:49:26,Включение интернета на 20 минут
12664,2021-03-09 15:25:38,Гарантированный платеж за деньги
12664,2021-03-15 17:17:22,Показ информатора об изменении уведомлений через ВК платформу
12664,2021-03-15 17:18:09,Включение интернета на 20 минут
12664,2021-03-15 17:33:34,Гарантированный платеж за деньги
12664,2021-03-16 15:43:47,Показ информатора об изменении уведомлений через ВК платформу
12664,2021-03-18 22:32:03,Гарантированный платеж за деньги
12664,2021-03-24 19:49:05,Показ информатора об изменении уведомлений через ВК платформу
12664,2021-03-24 23:17:05,Включение интернета на 20 минут
12664,2021-03-24 23:17:23,Гарантированный платеж за деньги
12664,2021-04-02 14:44:04,Гарантированный платеж за деньги
12664,2021-04-05 01:40:48,Гарантированный платеж за деньги
12664,2021-04-19 22:33:06,Включение интернета на 20 минут
12664,2021-04-19 22:46:19,Гарантированный платеж за деньги
12664,2021-04-23 02:30:31,Включение интернета на 20 минут
12664,2021-04-24 07:46:51,Гарантированный платеж за деньги
46511,2021-04-15 12:49:05,Включение интернета на 20 минут
46511,2021-04-15 12:49:06,Включение интернета на 20 минут
46515,2021-03-01 12:01:29,Информер ВК. Показ
12176,2021-03-21 11:53:03,Информер ВК. Показ
12176,2021-03-21 11:53:08,Турбокнопка бесплатно
8135,2021-04-11 14:09:32,Информер ВК. Показ
46543,2021-03-23 16:13:36,Гарантированный платеж за деньги
46543,2021-04-09 17:58:15,Гарантированный платеж за деньги
46543,2021-04-12 18:03:28,Информер ВК. Показ
46543,2021-04-12 18:45:59,Включение интернета на 20 минут
46543,2021-04-12 18:55:13,Информер ВК. Показ
46543,2021-04-12 18:55:29,Информер ВК. Показ
46543,2021-04-25 19:14:58,Гарантированный платеж за деньги
46543,2021-04-28 19:52:04,Включение интернета на 20 минут
46545,2021-03-20 13:34:14,Информер ВК. Показ
46545,2021-03-22 21:50:58,Информер ВК. Показ
46545,2021-03-23 11:42:55,Информер ВК. Показ
46545,2021-04-11 20:20:38,Гарантированный платеж за деньги
46545,2021-04-20 20:08:22,Информер ВК. Показ
46545,2021-04-24 09:17:46,Информер ВК. Показ
46545,2021-04-25 13:38:49,Информер ВК. Показ
46551,2021-03-02 18:23:03,Включение интернета на 20 минут
46551,2021-04-01 15:52:49,Без границ платно. Включение
46551,2021-04-23 21:27:04,Информер ВК. Показ
46551,2021-04-23 21:27:55,Информер ВК. Показ
46553,2021-03-18 21:25:08,Информер ВК. Показ
46553,2021-03-18 21:25:31,Информер ВК. Показ
46553,2021-03-26 13:11:47,Информер ВК. Показ
46553,2021-04-25 14:11:09,Информер ВК. Показ
46553,2021-04-25 14:11:47,Информер ВК. Показ
46553,2021-04-26 06:29:00,Включение автоматической активации ГП
11386,2021-03-07 14:56:42,Информер ВК. Показ
11386,2021-03-07 14:57:31,Включение интернета на 20 минут
11386,2021-03-11 21:25:01,Информер ВК. Показ
11386,2021-03-14 19:26:03,Информер ВК. Показ
11386,2021-04-07 15:09:30,Информер ВК. Показ
11386,2021-04-07 15:11:40,Включение интернета на 20 минут
46560,2021-04-07 22:47:53,Информер ВК. Показ
46560,2021-04-07 22:49:34,Информер ВК. Показ
46560,2021-04-07 22:50:26,Информер ВК. Показ
46562,2021-03-03 20:45:10,Гарантированный платеж за деньги
46562,2021-03-17 20:55:59,Информер ВК. Показ
46562,2021-03-17 20:56:10,Гарантированный платеж за деньги
46562,2021-03-20 21:09:24,Включение интернета на 20 минут
46562,2021-03-20 21:13:21,Информер ВК. Показ
46562,2021-03-27 09:30:56,Информер ВК. Показ
46562,2021-03-27 09:34:06,Включение интернета на 20 минут
46562,2021-03-27 09:34:07,Включение интернета на 20 минут
46562,2021-03-27 09:34:29,Гарантированный платеж за деньги
46562,2021-04-02 19:59:43,Гарантированный платеж за деньги
46562,2021-04-11 20:28:00,Включение интернета на 20 минут
46562,2021-04-11 20:28:26,Гарантированный платеж за деньги
46562,2021-04-23 20:40:13,Информер ВК. Показ
46562,2021-04-23 20:40:31,Гарантированный платеж за деньги
33777,2021-03-12 21:20:15,Информер ВК. Показ
33777,2021-03-21 11:10:29,Информер ВК. Показ
46580,2021-04-11 09:15:33,Получение подарка в ЛК: 1 месяц бесплатного просмотра IPTV
46580,2021-04-11 09:15:43,Получение подарка в ЛК: сутки интернета на максимальной скорости
30151,2021-04-19 23:17:19,Включение интернета на 20 минут с IVR
12216,2021-03-27 20:44:44,Информер ВК. Показ
12216,2021-03-27 20:47:56,Отключение услуги Автоплатёж
12216,2021-03-27 20:59:09,Информер ВК. Показ
12216,2021-03-27 21:10:58,Выключение IPTV-пакета
12216,2021-03-27 21:11:10,Включение IPTV-пакета
12216,2021-03-27 21:11:29,Информер ВК. Показ
12216,2021-03-27 21:11:46,Включение интернета на 20 минут
12216,2021-03-30 16:34:37,Выключение IPTV-пакета
12216,2021-03-30 16:37:17,Включение IPTV-пакета
46588,2021-04-01 20:39:30,Включение интернета на 20 минут
37823,2021-03-24 20:19:54,Включение интернета на 20 минут
37823,2021-04-14 21:27:37,Информер ВК. Показ
37823,2021-04-26 21:34:38,Включение интернета на 20 минут
10754,2021-03-27 18:03:55,Информер ВК. Показ
10754,2021-03-27 18:04:19,Информер ВК. Показ
10754,2021-04-15 09:41:25,Информер ВК. Показ
10754,2021-04-15 09:41:32,Турбокнопка бесплатно
12192,2021-03-14 21:11:18,Гарантированный платеж за деньги
12192,2021-03-15 22:39:24,Информер ВК. Показ
12192,2021-03-19 17:04:44,Информер ВК. Показ
12192,2021-03-19 17:05:03,Гарантированный платеж за деньги
12192,2021-04-03 12:10:00,Информер ВК. Показ
31212,2021-03-07 22:39:18,Информер ВК. Показ
31212,2021-03-09 18:24:10,Информер ВК. Показ
31212,2021-04-01 14:22:20,Информер ВК. Показ
31212,2021-04-01 14:23:40,Турбокнопка бесплатно
31212,2021-04-09 18:31:36,Информер ВК. Показ
31212,2021-04-12 18:34:39,Информер ВК. Показ
31212,2021-04-12 18:36:18,Гарантированный платеж за деньги
33272,2021-04-10 19:40:36,Гарантированный платеж за деньги
33272,2021-04-13 21:06:21,Включение интернета на 20 минут
33272,2021-04-13 21:06:22,Включение интернета на 20 минут
46621,2021-04-11 18:43:45,Включение интернета на 20 минут с IVR
46621,2021-04-21 13:38:40,Включение интернета на 20 минут с IVR
46626,2021-03-01 11:43:16,Информер ВК. Показ
46626,2021-03-03 20:38:42,Информер ВК. Показ
46626,2021-03-18 10:31:23,Информер ВК. Показ
46626,2021-04-04 23:40:18,Информер ВК. Показ
46626,2021-04-16 11:52:11,Информер ВК. Показ
46626,2021-04-22 12:17:59,Информер ВК. Показ
34479,2021-03-28 17:23:14,Включение интернета на 20 минут
27990,2021-03-01 10:02:38,Гарантированный платеж за деньги
27990,2021-03-04 10:13:10,Включение интернета на 20 минут
27990,2021-03-04 10:13:11,Включение интернета на 20 минут
27990,2021-03-05 14:48:55,Информер ВК. Показ
27990,2021-03-05 14:50:33,Информер ВК. Показ
27990,2021-03-05 17:44:05,Включение интернета на 20 минут
27990,2021-03-09 22:08:32,Включение интернета на 20 минут
27990,2021-03-09 22:08:48,Гарантированный платеж за деньги
27990,2021-03-28 08:50:48,Включение интернета на 20 минут
27990,2021-04-01 11:26:32,Включение интернета на 20 минут
30069,2021-03-14 18:44:39,Включение интернета на 20 минут
38469,2021-03-09 22:22:20,Показ информатора об изменении уведомлений через ВК платформу
38469,2021-03-09 22:22:44,Гарантированный платеж за деньги
38469,2021-04-13 01:08:34,Показ информатора об изменении уведомлений через ВК платформу
38469,2021-04-13 01:09:03,Гарантированный платеж за деньги
38469,2021-04-13 16:37:03,Показ информатора об изменении уведомлений через ВК платформу
38469,2021-04-16 08:45:16,Показ информатора об изменении уведомлений через ВК платформу
38469,2021-04-16 09:02:46,Включение интернета на 20 минут с IVR
46634,2021-04-20 21:41:40,Гарантированный платеж за деньги
46634,2021-04-24 07:00:04,Информер ВК. Показ
46634,2021-04-24 22:09:34,Информер ВК. Показ
46634,2021-04-24 22:11:16,Информер ВК. Показ
13714,2021-04-15 14:44:43,Информер ВК. Показ
13714,2021-04-15 14:45:51,Смена пароля
13714,2021-04-15 14:46:04,Информер ВК. Показ
13714,2021-04-15 14:46:28,Информер ВК. Показ
46651,2021-03-15 10:39:11,Информер ВК. Показ
46651,2021-03-26 12:04:58,Информер ВК. Показ
46651,2021-04-01 17:22:24,Информер ВК. Показ
13237,2021-03-05 13:19:35,Информер ВК. Показ
13237,2021-03-05 14:53:25,Информер ВК. Показ
13237,2021-03-08 05:34:18,Информер ВК. Показ
13237,2021-03-08 05:34:28,Включение интернета на 20 минут
13237,2021-03-23 19:36:25,Турбокнопка платно (1 сутки)
13237,2021-04-02 00:50:43,Турбокнопка платно (1 час)
13237,2021-04-03 21:23:50,Турбокнопка платно (1 сутки)
13237,2021-04-08 05:57:44,Включение интернета на 20 минут
13237,2021-04-08 06:01:25,Информер ВК. Показ
46666,2021-04-22 11:31:53,Информер ВК. Показ
46668,2021-03-02 12:44:09,Информер ВК. Показ
46668,2021-03-02 12:44:18,Информер ВК. Показ
46668,2021-03-02 12:47:05,Информер ВК. Показ
46669,2021-03-03 01:30:54,Информер ВК. Показ
46669,2021-03-26 18:27:56,Информер ВК. Показ
46669,2021-03-26 18:28:06,Бонус-скорость
46669,2021-03-26 18:28:13,Информер ВК. Показ
46669,2021-04-15 23:32:05,Информер ВК. Показ
46669,2021-04-15 23:38:53,Бонус-скорость
28801,2021-03-02 22:52:35,Гарантированный платеж за деньги
28801,2021-04-05 23:35:34,Гарантированный платеж за деньги
28801,2021-04-09 00:02:53,Включение интернета на 20 минут
37980,2021-04-20 08:14:45,Включение интернета на 20 минут
46698,2021-03-01 16:57:17,Просмотр раздела Тайный покупатель
46698,2021-03-29 20:37:43,Показ информатора об изменении уведомлений через ВК платформу
46698,2021-03-29 20:38:14,Гарантированный платеж за деньги
46698,2021-04-01 23:28:39,Показ информатора об изменении уведомлений через ВК платформу
46698,2021-04-01 23:31:10,Показ информатора об изменении уведомлений через ВК платформу
46698,2021-04-05 00:15:14,Включение интернета на 20 минут
46698,2021-04-05 00:15:48,Гарантированный платеж за деньги
46698,2021-04-08 20:53:59,Включение интернета на 20 минут с IVR
46698,2021-04-29 21:27:30,Восстановление пароля
46707,2021-04-09 17:30:49,Включение интернета на 20 минут
41869,2021-03-19 22:10:29,Включение интернета на 20 минут
41869,2021-04-07 09:12:21,Информер ВК. Показ
41869,2021-04-20 06:37:50,Включение интернета на 20 минут
46716,2021-03-21 15:38:27,Информер ВК. Показ
46716,2021-03-21 15:40:15,Информер ВК. Показ
46716,2021-04-22 13:43:42,Информер ВК. Показ
46716,2021-04-22 13:46:09,Информер ВК. Показ
46716,2021-04-22 13:46:40,Информер ВК. Показ
46731,2021-03-07 13:46:21,Информер ВК. Показ
46731,2021-03-08 15:49:28,Информер ВК. Показ
46731,2021-03-08 15:50:07,Турбокнопка бесплатно
46731,2021-03-08 15:50:15,Информер ВК. Показ
9954,2021-03-05 12:53:54,Включение интернета на 20 минут с IVR
9954,2021-03-07 15:19:48,Включение интернета на 20 минут
9954,2021-03-14 19:02:18,Информер ВК. Показ
9954,2021-03-14 19:03:38,Абонент оставил отзыв в Личном кабинете
9954,2021-03-21 18:03:45,Включение интернета на 20 минут
9954,2021-03-26 15:22:45,Информер ВК. Показ
9954,2021-03-26 15:24:58,Информер ВК. Показ
9954,2021-04-27 13:18:21,Включение интернета на 20 минут
9954,2021-04-27 13:35:18,Информер ВК. Показ
46746,2021-04-12 14:40:25,Показ информатора об изменении уведомлений через ВК платформу
46746,2021-04-29 12:05:05,Показ информатора об изменении уведомлений через ВК платформу
46755,2021-03-20 19:47:09,Информер ВК. Показ
46755,2021-03-23 20:09:49,Информер ВК. Показ
46755,2021-03-28 15:18:56,Информер ВК. Показ
45184,2021-03-02 00:26:58,Информер ВК. Показ
45184,2021-03-02 00:28:10,Информер ВК. Показ
45184,2021-03-02 00:28:54,Информер ВК. Показ
28165,2021-03-14 18:27:14,Информер ВК. Показ
28165,2021-03-16 00:37:37,Информер ВК. Показ
28165,2021-03-17 23:32:39,Информер ВК. Показ
28165,2021-04-15 07:26:22,Информер ВК. Показ
28165,2021-04-18 02:16:34,Информер ВК. Показ
28165,2021-04-19 18:56:44,Информер ВК. Показ
46767,2021-04-22 21:10:19,Включение интернета на 20 минут
46768,2021-03-21 09:56:25,Информер ВК. Показ
46768,2021-03-26 17:19:32,Информер ВК. Показ
46768,2021-04-17 08:37:09,Информер ВК. Показ
46768,2021-04-22 11:58:06,Информер ВК. Показ
46768,2021-04-25 18:42:20,Включение интернета на 20 минут
41388,2021-03-10 18:51:20,Включение интернета на 20 минут
41388,2021-03-21 19:03:11,Включение интернета на 20 минут
41388,2021-03-21 19:34:46,Информер ВК. Показ
41388,2021-03-31 11:35:19,Информер ВК. Показ
41388,2021-04-06 19:53:16,Информер ВК. Показ
41388,2021-04-06 19:53:36,Включение интернета на 20 минут
41388,2021-04-13 21:01:39,Включение интернета на 20 минут
41388,2021-04-28 22:13:46,Информер ВК. Показ
11434,2021-03-13 19:59:46,Информер ВК. Показ
11434,2021-03-15 18:04:48,Информер ВК. Показ
11434,2021-04-14 18:06:11,Информер ВК. Показ
11434,2021-04-14 18:07:48,Информер ВК. Показ
32015,2021-03-12 21:05:47,Информер ВК. Показ
32015,2021-03-12 21:06:22,Информер ВК. Показ
32015,2021-03-12 21:06:36,Информер ВК. Показ
8565,2021-03-13 23:40:12,Включение интернета на 20 минут
8565,2021-04-13 23:48:29,Включение интернета на 20 минут
30301,2021-03-02 22:15:47,Информер ВК. Показ
30301,2021-03-02 22:22:57,Включение интернета на 20 минут
30301,2021-04-03 15:01:33,Информер ВК. Показ
30301,2021-04-03 15:02:48,Включение интернета на 20 минут с IVR
10151,2021-03-07 21:39:42,Информер ВК. Показ
13643,2021-03-01 21:43:02,Информер ВК. Показ
13643,2021-03-13 11:43:27,Информер ВК. Показ
13643,2021-03-28 15:24:13,Информер ВК. Показ
13643,2021-04-22 23:05:47,Информер ВК. Показ
13643,2021-04-25 19:28:15,Информер ВК. Показ
46802,2021-04-09 11:23:44,Включение интернета на 20 минут
46802,2021-04-09 11:24:58,Информер ВК. Показ
12484,2021-03-22 21:01:30,Включение интернета на 20 минут
12484,2021-04-06 21:11:38,Включение интернета на 20 минут
12484,2021-04-22 23:07:59,Включение интернета на 20 минут
12484,2021-04-22 23:14:52,Информер ВК. Показ
31040,2021-03-11 19:56:20,Информер ВК. Показ
31040,2021-03-11 19:57:09,Информер ВК. Показ
31040,2021-03-11 20:00:39,Информер ВК. Показ
31040,2021-03-11 20:01:23,Смена пароля
46857,2021-04-19 22:47:47,Информер ВК. Показ
46857,2021-04-19 22:52:03,Информер ВК. Показ
46857,2021-04-20 14:51:04,Информер ВК. Показ
46857,2021-04-26 23:37:48,Получение подарка в ЛК: 1 месяц бесплатного просмотра IPTV
46857,2021-04-26 23:37:55,Получение подарка в ЛК: сутки интернета на максимальной скорости
31267,2021-04-15 14:42:12,Информер ВК. Показ
46882,2021-03-02 10:14:52,Информер ВК. Показ
46882,2021-03-02 10:14:58,Гарантированный платеж за деньги
46882,2021-03-15 14:36:00,Гарантированный платеж за деньги
46882,2021-03-20 15:04:31,Гарантированный платеж за деньги
46882,2021-03-21 14:55:21,Информер ВК. Показ
46882,2021-04-01 18:44:09,Гарантированный платеж за деньги
46882,2021-04-06 19:15:16,Гарантированный платеж за деньги
46882,2021-04-09 21:29:37,Информер ВК. Показ
46882,2021-04-11 23:17:58,Гарантированный платеж за деньги
46882,2021-04-17 07:32:00,Информер ВК. Показ
46882,2021-04-17 07:32:16,Гарантированный платеж за деньги
46882,2021-04-24 09:05:45,Гарантированный платеж за деньги
46882,2021-04-27 09:39:55,Информер ВК. Показ
46882,2021-04-29 10:09:54,Гарантированный платеж за деньги
46906,2021-03-01 15:30:40,Бонус-скорость
46906,2021-03-07 15:30:43,Абонент оставил отзыв в Личном кабинете
46906,2021-03-07 15:31:00,Бонус-скорость
46906,2021-03-08 18:23:37,Бонус-скорость
46906,2021-03-19 23:29:16,Информер ВК. Показ
46906,2021-03-19 23:29:38,Бонус-скорость
46906,2021-03-19 23:29:46,Информер ВК. Показ
46906,2021-03-23 19:01:26,Информер ВК. Показ
46906,2021-04-06 18:36:47,Бонус-скорость
46906,2021-04-28 14:50:50,Информер ВК. Показ
46907,2021-03-22 12:42:14,Показ информатора об изменении уведомлений через ВК платформу
46907,2021-03-25 13:38:10,Показ информатора об изменении уведомлений через ВК платформу
46907,2021-03-26 15:25:43,Показ информатора об изменении уведомлений через ВК платформу
46907,2021-04-15 22:32:30,Абонент оставил отзыв в Личном кабинете
46907,2021-04-24 20:11:35,Показ информатора об изменении уведомлений через ВК платформу
46907,2021-04-27 17:49:31,Показ информатора об изменении уведомлений через ВК платформу
42428,2021-03-05 19:51:02,Включение интернета на 20 минут
42428,2021-03-14 14:22:16,Гарантированный платеж за деньги
42428,2021-03-22 17:26:56,Включение интернета на 20 минут
42428,2021-04-10 13:27:31,Гарантированный платеж за деньги
42428,2021-04-17 14:48:39,Информер ВК. Показ
42428,2021-04-17 14:48:50,Гарантированный платеж за деньги
42428,2021-04-20 18:00:13,Информер ВК. Показ
42428,2021-04-20 18:11:17,Включение интернета на 20 минут
42428,2021-04-22 22:36:59,Гарантированный платеж за деньги
46914,2021-03-26 12:02:53,Гарантированный платеж за деньги
46914,2021-03-26 21:48:49,Информер ВК. Показ
46914,2021-03-26 21:49:48,Просмотр раздела Тайный покупатель
46914,2021-03-26 21:49:56,Информер ВК. Показ
46914,2021-03-26 21:51:34,Информер ВК. Показ
46914,2021-04-05 09:10:11,Гарантированный платеж за деньги
29432,2021-03-19 18:30:00,Показ информатора об изменении уведомлений через ВК платформу
29432,2021-03-23 19:24:07,Гарантированный платеж за деньги
29432,2021-03-25 19:34:48,Показ информатора об изменении уведомлений через ВК платформу
29432,2021-03-26 19:28:34,Показ информатора об изменении уведомлений через ВК платформу
29432,2021-04-26 19:39:03,Показ информатора об изменении уведомлений через ВК платформу
29432,2021-04-26 19:39:14,Гарантированный платеж за деньги
29432,2021-04-26 19:39:20,Без границ бесплатно. Отключение
29432,2021-04-29 20:14:17,Показ информатора об изменении уведомлений через ВК платформу
29432,2021-04-29 20:15:49,Показ информатора об изменении уведомлений через ВК платформу
46919,2021-03-12 05:48:23,Включение интернета на 20 минут
46919,2021-03-12 05:48:22,Включение интернета на 20 минут
42466,2021-03-03 05:03:28,Включение интернета на 20 минут
42466,2021-03-06 15:21:25,Включение интернета на 20 минут
42466,2021-03-10 11:31:55,Включение интернета на 20 минут
42466,2021-04-10 11:49:59,Включение интернета на 20 минут
29752,2021-03-09 18:01:01,Информер ВК. Показ
29752,2021-03-27 10:12:53,Информер ВК. Показ
29752,2021-04-15 13:56:35,Информер ВК. Показ
29752,2021-04-15 13:56:38,Информер ВК. Показ
46943,2021-03-07 22:40:58,Информер ВК. Показ
46943,2021-03-07 22:42:08,Информер ВК. Показ
41882,2021-03-19 10:37:19,Информер ВК. Показ
13777,2021-03-05 18:01:47,Информер ВК. Показ
13777,2021-03-05 18:02:03,Турбокнопка бесплатно
13777,2021-03-07 15:33:47,Информер ВК. Показ
13777,2021-03-07 15:34:21,Турбокнопка бесплатно
13777,2021-03-09 21:27:52,Бонус-скорость
13777,2021-03-14 17:12:16,Информер ВК. Показ
13777,2021-03-16 14:57:26,Отключение услуги Автоплатёж
46967,2021-03-08 19:09:19,Информер ВК. Показ
46967,2021-03-08 19:09:26,Включение автоматической активации ГП
46967,2021-03-28 16:49:19,Информер ВК. Показ
46967,2021-03-29 19:13:33,Информер ВК. Показ
46967,2021-03-29 19:13:43,Включение автоматической активации ГП
46967,2021-04-02 18:49:00,Включение автоматической активации ГП
46967,2021-04-05 16:25:10,Включение автоматической активации ГП
46967,2021-04-18 20:00:30,Информер ВК. Показ
46967,2021-04-18 20:00:37,Включение автоматической активации ГП
46967,2021-04-21 17:53:01,Включение автоматической активации ГП
13275,2021-03-08 20:13:50,Информер ВК. Показ
13275,2021-03-08 20:14:46,Абонент оставил отзыв в Личном кабинете
13275,2021-03-08 20:16:25,Информер ВК. Показ
13275,2021-03-12 22:30:44,Информер ВК. Показ
13275,2021-04-15 23:44:52,Информер ВК. Показ
33692,2021-04-02 22:27:33,Информер ВК. Показ
33692,2021-04-02 22:28:50,Информер ВК. Показ
33692,2021-04-02 22:30:03,Информер ВК. Показ
33692,2021-04-02 22:30:44,Смена тарифа
12281,2021-03-22 10:15:59,Информер ВК. Показ
12281,2021-03-29 11:11:14,Информер ВК. Показ
12281,2021-04-22 11:44:01,Информер ВК. Показ
12281,2021-04-29 10:45:03,Информер ВК. Показ
38730,2021-04-11 15:49:27,Гарантированный платеж за деньги
38730,2021-04-16 15:51:16,Гарантированный платеж за деньги
46985,2021-03-15 21:24:49,Информер ВК. Показ
46985,2021-03-15 21:26:24,Информер ВК. Показ
46985,2021-03-15 21:29:18,Информер ВК. Показ
15020,2021-03-28 22:15:41,Информер ВК. Показ
15020,2021-03-28 22:16:29,Включение интернета на 20 минут
15020,2021-03-28 22:20:55,Информер ВК. Показ
15020,2021-03-28 22:21:37,Информер ВК. Показ
15020,2021-04-28 23:54:55,Информер ВК. Показ
15020,2021-04-28 23:55:14,Включение интернета на 20 минут
15020,2021-04-29 10:21:25,Информер ВК. Показ
15020,2021-04-29 10:21:28,Информер ВК. Показ
12286,2021-03-28 13:04:43,Включение интернета на 20 минут
12286,2021-04-14 23:09:08,Информер ВК. Показ
12286,2021-04-14 23:11:24,Информер ВК. Показ
12286,2021-04-14 23:15:41,Информер ВК. Показ
12286,2021-04-15 09:41:15,Смена пароля
47007,2021-03-03 15:36:15,Информер ВК. Показ
47007,2021-03-03 15:36:27,Гарантированный платеж за деньги
47007,2021-03-05 15:44:31,Информер ВК. Показ
47007,2021-03-30 21:29:13,Информер ВК. Показ
47007,2021-03-30 21:29:29,Гарантированный платеж за деньги
47007,2021-04-07 22:12:27,Информер ВК. Показ
47007,2021-04-07 22:12:42,Гарантированный платеж за деньги
47007,2021-04-10 22:26:30,Информер ВК. Показ
47007,2021-04-10 22:29:44,Включение интернета на 20 минут
47007,2021-04-12 23:24:10,Включение интернета на 20 минут
47007,2021-04-12 23:25:08,Гарантированный платеж за деньги
47007,2021-04-15 23:31:20,Включение интернета на 20 минут
47007,2021-04-18 05:45:51,Включение интернета на 20 минут
47007,2021-04-18 05:46:57,Гарантированный платеж за деньги
47007,2021-04-21 17:48:51,Включение интернета на 20 минут
47007,2021-04-24 19:27:37,Включение интернета на 20 минут
47007,2021-04-24 19:28:53,Гарантированный платеж за деньги
34051,2021-04-04 12:08:50,Включение интернета на 20 минут
47021,2021-03-07 21:46:27,Информер ВК. Показ
47021,2021-03-19 15:37:11,Информер ВК. Показ
47021,2021-03-22 22:45:24,Информер ВК. Показ
47021,2021-03-22 22:46:07,Гарантированный платеж за деньги
47025,2021-03-29 13:10:34,Гарантированный платеж за деньги
47029,2021-03-10 18:12:36,Информер ВК. Показ
47029,2021-03-10 18:12:56,Включение интернета на 20 минут
47029,2021-04-07 12:11:58,Информер ВК. Показ
47029,2021-04-07 12:22:46,Информер ВК. Показ
47029,2021-04-12 06:55:27,Информер ВК. Показ
47032,2021-03-21 20:16:19,Гарантированный платеж за деньги
47032,2021-03-21 20:34:22,Информер ВК. Показ
37647,2021-03-25 18:18:25,Гарантированный платеж за деньги
37647,2021-04-09 15:19:01,Гарантированный платеж за деньги
37647,2021-04-21 18:34:28,Гарантированный платеж за деньги
47071,2021-03-07 15:21:16,Информер ВК. Показ
47071,2021-03-11 17:35:42,Информер ВК. Показ
47071,2021-03-14 12:12:47,Информер ВК. Показ
47071,2021-04-09 10:47:06,Информер ВК. Показ
47071,2021-04-15 18:20:09,Информер ВК. Показ
47071,2021-04-19 23:08:26,Информер ВК. Показ
11083,2021-03-01 20:55:01,Информер ВК. Показ
11083,2021-03-03 17:10:23,Включение интернета на 20 минут
11083,2021-04-25 23:10:01,Информер ВК. Показ
47084,2021-03-12 23:03:38,Включение интернета на 20 минут
47097,2021-03-20 14:34:53,Информер ВК. Показ
47097,2021-03-20 14:36:57,Информер ВК. Показ
47097,2021-04-20 21:48:52,Включение интернета на 20 минут
47097,2021-04-20 21:57:24,Информер ВК. Показ
47102,2021-03-09 23:25:35,Информер ВК. Показ
47102,2021-03-09 23:26:44,Гарантированный платеж за деньги
47102,2021-03-11 19:15:43,Информер ВК. Показ
47102,2021-03-19 12:07:48,Информер ВК. Показ
47102,2021-04-11 23:31:38,Информер ВК. Показ
47102,2021-04-11 23:32:47,Гарантированный платеж за деньги
47102,2021-04-14 10:30:10,Информер ВК. Показ
47102,2021-04-23 11:43:38,Информер ВК. Показ
30236,2021-03-23 07:57:48,Информер ВК. Показ
47111,2021-03-20 11:58:57,Информер ВК. Показ
47123,2021-03-14 14:42:21,Информер ВК. Показ
47123,2021-04-26 08:43:42,Информер ВК. Показ
31582,2021-03-28 22:53:47,Информер ВК. Показ
31582,2021-03-28 22:54:45,Гарантированный платеж за деньги
31582,2021-04-28 09:52:39,Информер ВК. Показ
31582,2021-04-28 23:49:20,Информер ВК. Показ
31582,2021-04-28 23:50:08,Информер ВК. Показ
31582,2021-04-28 23:50:23,Гарантированный платеж за деньги
47128,2021-03-30 06:48:15,Включение интернета на 20 минут
47128,2021-04-25 08:49:26,Включение интернета на 20 минут
45535,2021-03-14 18:02:33,Информер ВК. Показ
47140,2021-03-06 19:45:02,Информер ВК. Показ
47140,2021-03-06 19:46:47,Информер ВК. Показ
47140,2021-03-14 15:45:07,Принято заявление и доп. соглашение по переезду
47140,2021-03-14 15:45:10,Информер ВК. Показ
47140,2021-04-06 20:17:08,Информер ВК. Показ
10487,2021-03-28 14:06:24,Включение интернета на 20 минут с IVR
34275,2021-03-14 10:07:23,Информер ВК. Показ
41713,2021-03-01 11:47:53,Информер ВК. Показ
41713,2021-03-09 11:50:26,Информер ВК. Показ
41713,2021-03-09 11:50:36,Гарантированный платеж за деньги
41713,2021-03-21 22:22:12,Информер ВК. Показ
41713,2021-03-21 22:22:23,Включение автоматической активации ГП
41713,2021-04-04 13:47:32,Информер ВК. Показ
41713,2021-04-23 02:50:14,Информер ВК. Показ
34885,2021-03-05 22:30:55,Включение интернета на 20 минут
34885,2021-03-05 22:30:56,Включение интернета на 20 минут
34885,2021-03-22 15:11:22,Информер ВК. Показ
34885,2021-03-22 15:11:39,Просмотр раздела Тайный покупатель
34885,2021-03-22 15:11:45,Информер ВК. Показ
34885,2021-03-22 15:11:59,Информер ВК. Показ
9840,2021-04-11 19:51:56,Информер ВК. Показ
38174,2021-03-23 07:03:47,Включение интернета на 20 минут
47169,2021-04-23 23:29:15,Информер ВК. Показ
47169,2021-04-23 23:30:35,Информер ВК. Показ
47177,2021-03-08 13:52:29,Информер ВК. Показ
47181,2021-04-28 19:01:33,Информер ВК. Показ
47181,2021-04-28 19:01:48,Информер ВК. Показ
47181,2021-04-28 19:03:35,Информер ВК. Показ
31497,2021-03-19 15:41:25,Информер ВК. Показ
31497,2021-03-19 15:45:43,Информер ВК. Показ
27979,2021-03-15 20:47:00,Включение интернета на 20 минут
27979,2021-03-15 20:47:01,Включение интернета на 20 минут
27979,2021-04-16 20:02:44,Включение интернета на 20 минут
47194,2021-03-10 08:25:52,Информер ВК. Показ
47194,2021-03-17 20:31:27,Информер ВК. Показ
47197,2021-03-16 15:35:43,Информер ВК. Показ
47197,2021-03-16 15:35:44,Информер ВК. Показ
47197,2021-03-16 15:35:55,Включение интернета на 20 минут
47197,2021-03-16 15:36:32,Гарантированный платеж за деньги
47197,2021-03-16 15:36:42,Информер ВК. Показ
47220,2021-04-11 12:14:24,Информер ВК. Показ
47220,2021-04-11 12:14:53,Включение интернета на 20 минут
15127,2021-04-01 19:05:05,Информер ВК. Показ
15127,2021-04-16 17:49:45,Информер ВК. Показ
47230,2021-04-07 12:37:36,Принято заявление и доп. соглашение по переезду
47230,2021-04-07 12:37:39,Информер ВК. Показ
47230,2021-04-07 13:42:15,Информер ВК. Показ
47230,2021-04-10 17:45:07,Информер ВК. Показ
47233,2021-03-10 21:52:30,Включение интернета на 20 минут с IVR
47233,2021-03-21 22:02:47,Включение интернета на 20 минут с IVR
47233,2021-04-21 09:43:48,Включение интернета на 20 минут
47233,2021-04-21 09:44:01,Информер ВК. Показ
47238,2021-03-08 23:27:18,Гарантированный платеж за деньги
47238,2021-03-25 23:38:07,Гарантированный платеж за деньги
47238,2021-04-08 11:30:06,Гарантированный платеж за деньги
29578,2021-03-07 10:30:37,Информер ВК. Показ
29578,2021-03-07 10:32:23,Включение интернета на 20 минут
29578,2021-03-07 10:35:25,Информер ВК. Показ
29578,2021-03-25 09:47:26,Информер ВК. Показ
8604,2021-03-18 18:33:37,Информер ВК. Показ
8604,2021-04-19 16:50:32,Информер ВК. Показ
47251,2021-03-16 22:16:08,Гарантированный платеж за деньги
47251,2021-04-21 22:39:59,Гарантированный платеж за деньги
28284,2021-04-23 14:39:30,Информер ВК. Показ
28284,2021-04-23 14:39:43,Информер ВК. Показ
28284,2021-04-23 14:39:46,Информер ВК. Показ
47268,2021-03-15 19:24:18,Информер ВК. Показ
47268,2021-03-17 18:27:53,Информер ВК. Показ
47268,2021-03-17 18:37:26,Информер ВК. Показ
47273,2021-03-22 17:53:10,Информер ВК. Показ
47273,2021-03-30 20:41:26,Включение интернета на 20 минут
47273,2021-04-16 22:32:17,Включение интернета на 20 минут
47273,2021-04-23 23:43:05,Включение интернета на 20 минут
47277,2021-03-27 08:21:10,Включение интернета на 20 минут
47277,2021-03-27 08:21:11,Включение интернета на 20 минут
47285,2021-03-07 10:52:16,Информер ВК. Показ
47285,2021-03-07 10:53:19,Информер ВК. Показ
47285,2021-03-07 10:53:30,Информер ВК. Показ
47288,2021-03-25 20:52:46,Гарантированный платеж за деньги
47288,2021-03-28 21:07:19,Включение интернета на 20 минут
47288,2021-04-28 21:40:52,Включение интернета на 20 минут
47289,2021-03-12 20:37:25,Информер ВК. Показ
47289,2021-04-05 17:44:38,Гарантированный платеж за деньги
47289,2021-04-08 18:40:30,Информер ВК. Показ
47289,2021-04-08 18:42:53,Информер ВК. Показ
47289,2021-04-26 19:28:39,Включение интернета на 20 минут
47289,2021-04-26 19:29:53,Информер ВК. Показ
47289,2021-04-26 19:30:45,Просмотр раздела Тайный покупатель
47294,2021-03-19 12:55:26,Гарантированный платеж за деньги
47294,2021-03-22 15:15:22,Включение интернета на 20 минут
47294,2021-04-01 16:48:40,Включение интернета на 20 минут
47294,2021-04-14 22:11:29,Гарантированный платеж за деньги
47294,2021-04-17 22:46:03,Включение интернета на 20 минут
47308,2021-03-01 22:16:58,Информер ВК. Показ
47308,2021-03-02 07:05:27,Информер ВК. Показ
47308,2021-03-02 12:22:49,Гарантированный платеж за деньги
47308,2021-03-05 13:51:19,Гарантированный платеж за деньги
47308,2021-03-09 02:08:32,Включение интернета на 20 минут
47308,2021-03-09 02:08:33,Включение интернета на 20 минут
47308,2021-03-10 11:59:17,Гарантированный платеж за деньги
47308,2021-03-13 12:01:30,Включение автоматической активации ГП
47308,2021-03-16 17:20:16,Гарантированный платеж за деньги
47308,2021-03-19 17:45:20,Гарантированный платеж за деньги
47308,2021-03-22 18:09:31,Включение интернета на 20 минут
47308,2021-03-22 18:09:32,Включение интернета на 20 минут
47308,2021-03-22 20:09:52,Гарантированный платеж за деньги
47308,2021-03-25 22:50:47,Гарантированный платеж за деньги
47308,2021-03-28 00:19:45,Информер ВК. Показ
47308,2021-03-28 23:29:21,Гарантированный платеж за деньги
47308,2021-03-31 23:57:28,Гарантированный платеж за деньги
47308,2021-04-02 15:54:23,Информер ВК. Показ
47308,2021-04-04 00:11:04,Гарантированный платеж за деньги
47308,2021-04-04 14:55:08,Информер ВК. Показ
47308,2021-04-07 18:12:07,Гарантированный платеж за деньги
47308,2021-04-10 18:45:13,Гарантированный платеж за деньги
47308,2021-04-13 18:52:49,Гарантированный платеж за деньги
47308,2021-04-16 22:38:32,Гарантированный платеж за деньги
47308,2021-04-20 08:14:09,Включение интернета на 20 минут
47308,2021-04-20 08:15:19,Гарантированный платеж за деньги
10745,2021-03-27 23:14:03,Информер ВК. Показ
10745,2021-03-27 23:14:32,Гарантированный платеж за деньги
10745,2021-03-31 03:02:24,Включение интернета на 20 минут
12780,2021-03-07 03:17:59,Информер ВК. Показ
12780,2021-03-13 13:41:58,Информер ВК. Показ
12780,2021-03-13 17:00:39,Информер ВК. Показ
12780,2021-03-13 17:00:54,Турбокнопка бесплатно
12780,2021-03-18 15:59:01,Турбокнопка бесплатно
12780,2021-03-21 14:50:08,Турбокнопка бесплатно
12780,2021-04-07 21:26:58,Информер ВК. Показ
12780,2021-04-07 21:27:17,Смена тарифа
12780,2021-04-14 01:26:50,Информер ВК. Показ
8396,2021-03-16 22:27:01,Включение интернета на 20 минут
8396,2021-03-16 22:27:23,Гарантированный платеж за деньги
11486,2021-03-21 05:55:37,Информер ВК. Показ
11486,2021-04-22 07:06:44,Информер ВК. Показ
11486,2021-04-22 16:53:51,Информер ВК. Показ
11486,2021-04-22 22:04:00,Информер ВК. Показ
47341,2021-04-18 15:21:51,Включение интернета на 20 минут
42387,2021-04-04 11:32:59,Включение интернета на 20 минут
47348,2021-03-18 08:39:58,Включение интернета на 20 минут с IVR
47354,2021-04-06 19:56:20,Включение интернета на 20 минут
47354,2021-04-06 19:56:21,Включение интернета на 20 минут
36031,2021-04-14 06:26:42,Включение интернета на 20 минут
28834,2021-03-13 00:53:38,Информер ВК. Показ
11735,2021-03-25 19:16:16,Включение интернета на 20 минут
11735,2021-03-25 19:16:17,Включение интернета на 20 минут
11735,2021-03-25 23:37:08,Информер ВК. Показ
11735,2021-04-25 20:40:00,Включение интернета на 20 минут
28019,2021-03-20 19:03:39,Информер ВК. Показ
28019,2021-03-20 22:33:56,Информер ВК. Показ
28019,2021-03-25 00:12:26,Информер ВК. Показ
9947,2021-03-02 12:43:38,Включение интернета на 20 минут
9947,2021-03-12 13:25:49,Включение интернета на 20 минут
9947,2021-03-16 13:32:02,Включение интернета на 20 минут
9947,2021-03-20 16:33:41,Включение интернета на 20 минут
9947,2021-03-26 20:06:22,Информер ВК. Показ
9947,2021-04-02 21:58:45,Включение интернета на 20 минут
9947,2021-04-05 22:45:11,Включение интернета на 20 минут
9947,2021-04-08 22:54:57,Включение интернета на 20 минут
9947,2021-04-11 23:23:56,Включение интернета на 20 минут
9947,2021-04-11 23:29:01,Информер ВК. Показ
9947,2021-04-14 00:14:22,Информер ВК. Показ
9947,2021-04-26 00:02:32,Включение интернета на 20 минут
47407,2021-03-03 14:15:37,Гарантированный платеж за деньги
47407,2021-04-06 21:42:08,Информер ВК. Показ
47414,2021-04-03 13:47:50,Получение подарка в ЛК: сутки интернета на максимальной скорости
47414,2021-04-03 13:47:56,Принято заявление и доп. соглашение по переезду
47414,2021-04-03 13:47:58,Информер ВК. Показ
47416,2021-04-10 19:57:13,Информер ВК. Показ
47416,2021-04-10 20:00:05,Информер ВК. Показ
47416,2021-04-29 16:46:18,Информер ВК. Показ
31254,2021-04-15 12:57:37,Включение IPTV-пакета
31254,2021-04-15 13:00:06,Информер ВК. Показ
31254,2021-04-15 13:01:19,Информер ВК. Показ
31254,2021-04-15 13:04:05,Выключение IPTV-пакета
31254,2021-04-15 13:04:24,Информер ВК. Показ
30216,2021-03-17 18:59:13,Информер ВК. Показ
30216,2021-03-17 18:59:33,Включение интернета на 20 минут
30216,2021-04-16 13:41:24,Информер ВК. Показ
30216,2021-04-16 13:44:43,Информер ВК. Показ
28842,2021-03-26 21:08:09,Информер ВК. Показ
28842,2021-03-27 12:17:13,Информер ВК. Показ
28842,2021-03-27 12:17:56,Включение интернета на 20 минут
28842,2021-03-27 12:52:45,Гарантированный платеж за деньги
28842,2021-03-27 12:55:24,Информер ВК. Показ
28842,2021-04-27 21:36:07,Включение интернета на 20 минут
28842,2021-04-29 18:28:15,Включение интернета на 20 минут
11643,2021-04-19 22:38:36,Включение интернета на 20 минут
11643,2021-04-19 22:38:37,Включение интернета на 20 минут
12540,2021-03-13 13:32:29,Включение интернета на 20 минут с IVR
12540,2021-03-15 10:41:35,Включение интернета на 20 минут с IVR
11266,2021-04-04 00:33:14,Информер ВК. Показ
11266,2021-04-04 00:33:19,Информер ВК. Показ
31544,2021-04-05 19:18:11,Информер ВК. Показ
31544,2021-04-05 19:34:33,Выключение IPTV-пакета
31544,2021-04-05 19:35:55,Информер ВК. Показ
31544,2021-04-05 19:39:50,Информер ВК. Показ
31544,2021-04-15 23:15:04,Включение IPTV-пакета
11892,2021-03-11 20:15:40,Информер ВК. Показ
11892,2021-03-11 20:16:13,Включение интернета на 20 минут
11892,2021-03-11 20:18:02,Информер ВК. Показ
11892,2021-04-12 00:20:22,Гарантированный платеж за деньги
47439,2021-03-03 18:44:57,Включение интернета на 20 минут
47439,2021-04-03 19:18:49,Включение интернета на 20 минут
28188,2021-04-03 13:06:04,Включение IPTV-пакета
14146,2021-03-14 23:06:58,Информер ВК. Показ
14146,2021-04-11 23:46:32,Информер ВК. Показ
47462,2021-04-02 21:02:19,Гарантированный платеж за деньги
47463,2021-03-09 13:35:25,Информер ВК. Показ
47463,2021-03-22 20:26:43,Информер ВК. Показ
47463,2021-03-30 08:41:33,Информер ВК. Показ
47463,2021-04-13 16:54:33,Информер ВК. Показ
47463,2021-04-17 21:43:22,Включение интернета на 20 минут
31206,2021-03-16 13:26:16,Информер ВК. Показ
47482,2021-03-08 12:06:52,Информер ВК. Показ
47482,2021-03-08 12:09:51,Информер ВК. Показ
47482,2021-03-14 13:21:33,Включение интернета на 20 минут
47482,2021-03-14 16:04:14,Информер ВК. Показ
47482,2021-03-14 16:04:30,Гарантированный платеж за деньги
47482,2021-04-11 16:49:36,Информер ВК. Показ
47482,2021-04-13 22:02:34,Информер ВК. Показ
47485,2021-04-08 13:56:24,Информер ВК. Показ
47485,2021-04-08 13:56:44,Информер ВК. Показ
47485,2021-04-08 13:58:00,Информер ВК. Показ
47485,2021-04-16 19:09:55,Получение подарка в ЛК: 1 месяц бесплатного просмотра IPTV
47485,2021-04-16 19:09:59,Получение подарка в ЛК: сутки интернета на максимальной скорости
47485,2021-04-28 16:51:51,Турбокнопка бесплатно
47490,2021-04-28 17:39:21,Включение интернета на 20 минут
47490,2021-04-28 17:39:22,Включение интернета на 20 минут
47494,2021-03-20 09:59:14,Включение IPTV-пакета
47495,2021-03-01 21:52:21,Включение интернета на 20 минут
47495,2021-04-01 08:39:30,Включение интернета на 20 минут
12043,2021-03-29 19:14:14,Информер ВК. Показ
12043,2021-03-29 19:16:25,Информер ВК. Показ
12043,2021-03-29 19:18:25,Информер ВК. Показ
47498,2021-04-02 12:42:29,Информер ВК. Показ
47498,2021-04-02 12:43:46,Информер ВК. Показ
47498,2021-04-02 12:52:14,Информер ВК. Показ
47498,2021-04-02 15:05:21,Включение IPTV-пакета
47508,2021-03-04 19:33:19,Включение IPTV-пакета
47508,2021-03-05 06:58:46,Информер ВК. Показ
47508,2021-03-05 07:02:35,Информер ВК. Показ
47508,2021-03-05 07:02:48,Информер ВК. Показ
47508,2021-04-27 20:11:46,Информер ВК. Показ
10940,2021-03-13 17:10:23,Показ информатора об изменении уведомлений через ВК платформу
47515,2021-04-25 21:02:41,Информер ВК. Показ
47515,2021-04-26 20:57:32,Информер ВК. Показ
47515,2021-04-26 21:00:09,Гарантированный платеж за деньги
47519,2021-03-11 20:31:27,Информер ВК. Показ
47519,2021-03-21 14:38:04,Информер ВК. Показ
47519,2021-03-26 21:27:16,Информер ВК. Показ
47519,2021-04-18 13:29:33,Информер ВК. Показ
47519,2021-04-24 10:38:50,Информер ВК. Показ
11174,2021-03-10 12:51:14,Информер ВК. Показ
11174,2021-03-18 17:11:39,Информер ВК. Показ
11174,2021-03-18 17:16:41,Информер ВК. Показ
11174,2021-03-18 18:02:02,Смена пароля
29122,2021-03-16 01:59:33,Информер ВК. Показ
29122,2021-03-16 01:59:45,Просмотр раздела Тайный покупатель
29122,2021-03-16 11:51:14,Информер ВК. Показ
29122,2021-03-22 21:13:52,Информер ВК. Показ
29122,2021-03-25 09:51:57,Включение интернета на 20 минут
29122,2021-04-07 06:16:32,Тайный покупатель. Отправлена анкета
34192,2021-03-18 21:49:13,Информер ВК. Показ
34192,2021-03-18 21:49:25,Гарантированный платеж за деньги
34192,2021-03-21 22:07:21,Информер ВК. Показ
47538,2021-03-10 17:25:14,Информер ВК. Показ
47538,2021-03-15 15:24:05,Информер ВК. Показ
47538,2021-03-15 15:27:16,Информер ВК. Показ
47538,2021-04-28 14:46:44,Информер ВК. Показ
11920,2021-03-02 12:14:45,Информер ВК. Показ
11920,2021-03-03 10:14:44,Информер ВК. Показ
11920,2021-04-23 14:42:08,Информер ВК. Показ
8219,2021-03-05 16:35:09,Включение интернета на 20 минут
8219,2021-03-05 16:35:10,Включение интернета на 20 минут
8219,2021-03-17 22:44:28,Информер ВК. Показ
8219,2021-04-02 19:02:32,Информер ВК. Показ
8219,2021-04-02 19:25:45,Информер ВК. Показ
47546,2021-03-30 18:00:56,Информер ВК. Показ
47546,2021-03-30 18:57:28,Информер ВК. Показ
47550,2021-04-01 15:06:31,Информер ВК. Показ
47550,2021-04-19 20:10:28,Информер ВК. Показ
30716,2021-03-01 14:39:57,Включение интернета на 20 минут
30716,2021-03-02 14:45:53,Включение интернета на 20 минут
30716,2021-03-03 15:11:16,Включение интернета на 20 минут
30716,2021-03-04 15:11:29,Включение интернета на 20 минут
30716,2021-03-15 14:13:38,Включение интернета на 20 минут
30716,2021-03-23 15:15:35,Включение интернета на 20 минут
30716,2021-03-26 15:18:22,Включение интернета на 20 минут
30716,2021-03-29 18:32:05,Включение интернета на 20 минут
30716,2021-03-31 14:50:16,Включение интернета на 20 минут
30716,2021-04-02 14:10:05,Включение интернета на 20 минут
30716,2021-04-02 14:10:06,Включение интернета на 20 минут
30716,2021-04-12 14:58:18,Включение интернета на 20 минут
30716,2021-04-12 14:58:19,Включение интернета на 20 минут
30716,2021-04-28 15:09:02,Включение интернета на 20 минут
47563,2021-03-22 23:42:12,Информер ВК. Показ
10196,2021-03-13 17:48:08,Информер ВК. Показ
10196,2021-04-14 21:39:41,Информер ВК. Показ
40972,2021-03-15 16:49:10,Гарантированный платеж за деньги
40972,2021-03-25 18:15:44,Гарантированный платеж за деньги
40972,2021-03-31 18:29:23,Информер ВК. Показ
40972,2021-03-31 18:30:16,Гарантированный платеж за деньги
40972,2021-04-13 20:12:39,Информер ВК. Показ
40972,2021-04-13 20:14:10,Включение интернета на 20 минут
40972,2021-04-17 20:35:45,Информер ВК. Показ
47577,2021-03-01 18:51:11,Информер ВК. Показ
47577,2021-03-10 15:22:07,Информер ВК. Показ
47577,2021-03-10 15:22:17,Гарантированный платеж за деньги
47577,2021-03-11 09:59:51,Информер ВК. Показ
47577,2021-03-30 19:55:06,Включение интернета на 20 минут
47577,2021-04-25 12:41:07,Гарантированный платеж за деньги
47579,2021-04-12 06:45:45,Включение интернета на 20 минут
47582,2021-04-29 19:55:10,Информер ВК. Показ
47582,2021-04-29 19:55:24,Информер ВК. Показ
47582,2021-04-29 20:23:29,Информер ВК. Показ
11170,2021-03-20 16:54:34,Информер ВК. Показ
11170,2021-03-23 22:40:59,Информер ВК. Показ
11170,2021-04-12 20:07:16,Информер ВК. Показ
11170,2021-04-23 22:58:20,Информер ВК. Показ
11170,2021-04-23 23:00:39,Информер ВК. Показ
12126,2021-03-28 20:13:40,Информер ВК. Показ
12126,2021-03-28 20:14:26,Информер ВК. Показ
12126,2021-03-29 08:27:33,Информер ВК. Показ
33861,2021-03-17 16:15:15,Информер ВК. Показ
33861,2021-03-17 16:15:17,Информер ВК. Показ
33861,2021-03-18 18:42:21,Информер ВК. Показ
33861,2021-04-17 20:08:59,Информер ВК. Показ
33861,2021-04-17 20:09:04,Информер ВК. Показ
8259,2021-03-13 04:24:05,Гарантированный платеж за деньги
8259,2021-03-16 11:45:00,Информер ВК. Показ
8259,2021-03-16 11:45:07,Включение интернета на 20 минут
8259,2021-04-07 15:15:58,Информер ВК. Показ
8259,2021-04-19 13:14:49,Информер ВК. Показ
8259,2021-04-19 13:15:04,Гарантированный платеж за деньги
8259,2021-04-23 10:53:58,Информер ВК. Показ
8259,2021-04-24 00:58:13,Включение интернета на 20 минут
8259,2021-04-24 01:23:01,Гарантированный платеж за деньги
8259,2021-04-28 00:14:46,Включение интернета на 20 минут
47592,2021-03-02 22:06:15,Включение интернета на 20 минут
47592,2021-03-21 16:26:14,Включение интернета на 20 минут
47592,2021-03-22 16:39:55,Включение интернета на 20 минут
47592,2021-03-24 17:29:56,Включение интернета на 20 минут
47592,2021-03-26 17:41:51,Включение интернета на 20 минут
47592,2021-04-03 18:40:20,Включение интернета на 20 минут
47592,2021-04-08 19:45:07,Включение интернета на 20 минут
47592,2021-04-09 20:32:15,Включение интернета на 20 минут
30381,2021-03-09 17:42:07,Включение интернета на 20 минут
30381,2021-03-29 20:40:52,Включение интернета на 20 минут
47600,2021-03-23 15:32:41,Информер ВК. Показ
47606,2021-03-09 19:51:24,Информер ВК. Показ
47613,2021-04-11 15:39:52,Включение интернета на 20 минут
47613,2021-04-11 15:40:01,Включение интернета на 20 минут
47618,2021-04-01 20:10:17,Гарантированный платеж за деньги
13013,2021-03-21 22:22:49,Показ информатора об изменении уведомлений через ВК платформу
13013,2021-03-23 09:55:07,Включение интернета на 20 минут
13013,2021-03-23 09:55:08,Включение интернета на 20 минут
13013,2021-03-23 09:56:23,Показ информатора об изменении уведомлений через ВК платформу
13013,2021-03-23 09:57:13,Показ информатора об изменении уведомлений через ВК платформу
13013,2021-04-22 14:36:30,Показ информатора об изменении уведомлений через ВК платформу
13013,2021-04-23 17:52:02,Показ информатора об изменении уведомлений через ВК платформу
13013,2021-04-24 18:03:46,Показ информатора об изменении уведомлений через ВК платформу
40198,2021-03-02 17:27:36,Информер ВК. Показ
40198,2021-03-08 21:45:35,Информер ВК. Показ
40198,2021-03-25 22:42:37,Информер ВК. Показ
40198,2021-04-07 14:30:39,Информер ВК. Показ
40198,2021-04-08 23:49:22,Информер ВК. Показ
40198,2021-04-08 23:56:38,Включение интернета на 20 минут
31562,2021-04-06 19:52:20,Гарантированный платеж за деньги
11365,2021-03-05 21:16:51,Информер ВК. Показ
11365,2021-03-05 21:17:13,Включение интернета на 20 минут
11365,2021-04-05 09:24:26,Информер ВК. Показ
47637,2021-04-10 21:10:45,Изменение схемы оплаты
47637,2021-04-10 21:10:50,Включение IPTV-пакета
47637,2021-04-11 09:28:35,Выключение IPTV-пакета
28930,2021-03-04 18:18:00,Включение интернета на 20 минут
47653,2021-04-21 13:15:24,Информер ВК. Показ
47653,2021-04-21 13:22:40,Включение IPTV-пакета
47653,2021-04-24 19:31:11,Информер ВК. Показ
47653,2021-04-24 19:31:43,Выключение IPTV-пакета
47653,2021-04-24 19:33:46,Информер ВК. Показ
47653,2021-04-25 14:32:41,Включение IPTV-пакета
47658,2021-03-24 10:02:22,Информер ВК. Показ
47658,2021-03-24 10:03:54,Информер ВК. Показ
47658,2021-03-31 12:51:41,Информер ВК. Показ
47658,2021-04-07 13:35:14,Включение интернета на 20 минут
47662,2021-03-22 10:20:03,Включение интернета на 20 минут
47662,2021-03-22 10:20:04,Включение интернета на 20 минут
47662,2021-04-20 11:03:19,Включение интернета на 20 минут
47663,2021-04-11 09:02:37,Информер ВК. Показ
47665,2021-03-09 20:11:56,Информер ВК. Показ
47665,2021-03-09 21:51:02,Информер ВК. Показ
47665,2021-03-14 19:11:02,Информер ВК. Показ
47665,2021-04-10 03:02:51,Информер ВК. Показ
47665,2021-04-14 22:12:58,Информер ВК. Показ
47665,2021-04-14 22:14:44,Информер ВК. Показ
8579,2021-03-14 19:24:59,Информер ВК. Показ
8579,2021-03-15 12:50:36,Информер ВК. Показ
8579,2021-03-15 14:18:15,Информер ВК. Показ
8579,2021-04-14 21:04:27,Информер ВК. Показ
8579,2021-04-15 12:52:55,Информер ВК. Показ
8579,2021-04-15 18:37:35,Информер ВК. Показ
47673,2021-03-03 08:39:49,Информер ВК. Показ
47673,2021-03-03 08:40:07,Информер ВК. Показ
47675,2021-03-05 17:57:29,Информер ВК. Показ
47675,2021-03-16 18:25:30,Просмотр раздела Тайный покупатель
47675,2021-03-20 16:32:15,Информер ВК. Показ
47675,2021-04-11 14:14:36,Информер ВК. Показ
47675,2021-04-11 21:41:52,Информер ВК. Показ
47694,2021-03-01 10:57:11,Информер ВК. Показ
47694,2021-03-01 10:57:21,Гарантированный платеж за деньги
47694,2021-03-06 20:30:33,Информер ВК. Показ
47694,2021-03-06 20:30:48,Гарантированный платеж за деньги
47694,2021-03-10 20:43:28,Информер ВК. Показ
47694,2021-03-10 20:43:42,Гарантированный платеж за деньги
47694,2021-03-13 21:11:04,Включение интернета на 20 минут
47694,2021-03-14 21:39:11,Гарантированный платеж за деньги
47694,2021-03-18 21:43:37,Гарантированный платеж за деньги
47694,2021-03-22 22:12:00,Гарантированный платеж за деньги
47694,2021-03-25 22:34:44,Гарантированный платеж за деньги
47694,2021-03-29 23:05:28,Гарантированный платеж за деньги
47694,2021-04-02 23:51:36,Информер ВК. Показ
47694,2021-04-02 23:51:47,Гарантированный платеж за деньги
47694,2021-04-06 00:36:35,Гарантированный платеж за деньги
47694,2021-04-09 00:43:35,Информер ВК. Показ
47694,2021-04-10 02:05:09,Гарантированный платеж за деньги
47694,2021-04-13 02:07:58,Информер ВК. Показ
47694,2021-04-13 02:11:12,Гарантированный платеж за деньги
47694,2021-04-16 09:15:13,Включение интернета на 20 минут
47694,2021-04-17 10:27:13,Гарантированный платеж за деньги
47694,2021-04-20 19:43:05,Гарантированный платеж за деньги
47694,2021-04-24 22:35:06,Гарантированный платеж за деньги
47694,2021-04-28 20:04:31,Включение интернета на 20 минут
47703,2021-03-01 21:15:15,Информер ВК. Показ
47703,2021-04-06 12:57:17,Информер ВК. Показ
47703,2021-04-08 19:46:06,Информер ВК. Показ
47703,2021-04-08 19:46:39,Информер ВК. Показ
30423,2021-03-18 18:33:34,Информер ВК. Показ
30423,2021-04-18 12:43:22,Информер ВК. Показ
30423,2021-04-18 13:04:29,Информер ВК. Показ
47710,2021-04-11 01:57:52,Информер ВК. Показ
47711,2021-03-15 20:37:16,Включение интернета на 20 минут
47714,2021-03-20 14:53:50,Информер ВК. Показ
47714,2021-04-12 05:42:39,Информер ВК. Показ
47714,2021-04-12 20:06:07,Информер ВК. Показ
47714,2021-04-20 15:41:38,Информер ВК. Показ
47714,2021-04-20 15:57:52,Гарантированный платеж за деньги
9779,2021-03-21 18:25:49,Гарантированный платеж за деньги
9779,2021-03-25 09:28:32,Гарантированный платеж за деньги
9779,2021-03-28 14:31:43,Гарантированный платеж за деньги
9779,2021-03-31 15:13:14,Гарантированный платеж за деньги
9779,2021-04-04 15:43:16,Гарантированный платеж за деньги
9779,2021-04-11 20:41:59,Информер ВК. Показ
9779,2021-04-11 20:42:35,Без границ бесплатно. Включение
47756,2021-03-16 15:03:46,Включение интернета на 20 минут
47756,2021-03-17 20:15:54,Включение интернета на 20 минут
47756,2021-03-17 20:15:55,Включение интернета на 20 минут
10149,2021-03-03 20:35:05,Информер ВК. Показ
10149,2021-03-03 20:35:49,Просмотр раздела Тайный покупатель
47759,2021-04-07 19:44:48,Информер ВК. Показ
47759,2021-04-07 19:46:06,Информер ВК. Показ
47759,2021-04-07 19:47:02,Информер ВК. Показ
47764,2021-03-04 21:13:08,Гарантированный платеж за деньги
47764,2021-03-14 22:42:38,Гарантированный платеж за деньги
47764,2021-03-15 03:29:13,Информер ВК. Показ
47764,2021-03-30 15:39:34,Гарантированный платеж за деньги
47764,2021-04-03 16:01:21,Гарантированный платеж за деньги
47764,2021-04-12 19:43:45,Гарантированный платеж за деньги
47764,2021-04-18 22:53:28,Гарантированный платеж за деньги
47764,2021-04-23 13:09:07,Гарантированный платеж за деньги
47764,2021-04-28 14:34:59,Гарантированный платеж за деньги
47016,2021-03-19 20:13:20,Гарантированный платеж за деньги
47016,2021-03-25 21:23:19,Гарантированный платеж за деньги
47016,2021-03-28 21:55:44,Включение интернета на 20 минут
47016,2021-04-08 22:24:37,Гарантированный платеж за деньги
47016,2021-04-29 06:33:45,Включение интернета на 20 минут
47016,2021-04-29 06:34:02,Информер ВК. Показ
47016,2021-04-29 06:34:44,Гарантированный платеж за деньги
47016,2021-04-29 06:35:05,Информер ВК. Показ
8189,2021-04-11 16:28:56,Информер ВК. Показ
30342,2021-04-02 23:07:02,Включение интернета на 20 минут
30342,2021-04-02 23:07:03,Включение интернета на 20 минут
30342,2021-04-02 23:13:17,Просмотр раздела Тайный покупатель
12189,2021-03-31 22:22:19,Информер ВК. Показ
12189,2021-04-12 07:47:33,Информер ВК. Показ
11260,2021-03-07 19:11:57,Включение интернета на 20 минут
11260,2021-03-10 13:48:27,Включение интернета на 20 минут
11260,2021-03-12 17:51:44,Информер ВК. Показ
11260,2021-03-12 17:53:02,Включение интернета на 20 минут
11260,2021-03-14 12:36:50,Информер ВК. Показ
11260,2021-03-14 12:37:06,Включение интернета на 20 минут
11260,2021-03-15 19:36:52,Информер ВК. Показ
11260,2021-03-15 19:37:13,Включение интернета на 20 минут
11260,2021-03-16 20:39:27,Включение интернета на 20 минут
11260,2021-03-18 18:47:51,Включение интернета на 20 минут
11260,2021-03-19 19:35:44,Включение интернета на 20 минут
11260,2021-03-20 11:20:23,Гарантированный платеж за деньги
11260,2021-03-21 18:51:08,Бонус-скорость
11260,2021-03-25 17:18:58,Включение интернета на 20 минут
11260,2021-04-04 20:30:53,Включение интернета на 20 минут
11260,2021-04-04 20:38:34,Гарантированный платеж за деньги
11260,2021-04-13 07:49:08,Информер ВК. Показ
11260,2021-04-15 11:31:59,Включение интернета на 20 минут
11260,2021-04-17 12:21:30,Информер ВК. Показ
11260,2021-04-17 12:22:16,Гарантированный платеж за деньги
11260,2021-04-18 10:27:08,Информер ВК. Показ
47772,2021-03-14 18:23:27,Информер ВК. Показ
47772,2021-03-29 18:59:42,Информер ВК. Показ
47772,2021-04-10 09:12:43,Информер ВК. Показ
47772,2021-04-15 23:29:43,Информер ВК. Показ
47794,2021-03-26 12:51:27,Включение интернета на 20 минут
47794,2021-03-26 12:51:28,Включение интернета на 20 минут
47794,2021-03-26 14:36:24,Гарантированный платеж за деньги
47794,2021-04-25 13:52:05,Информер ВК. Показ
43000,2021-03-15 01:40:18,Информер ВК. Показ
43000,2021-03-15 01:41:05,Информер ВК. Показ
43000,2021-04-17 16:47:09,Гарантированный платеж за деньги
43000,2021-04-20 22:40:21,Включение интернета на 20 минут
43000,2021-04-23 15:24:53,Гарантированный платеж за деньги
47131,2021-04-12 20:52:36,Информер ВК. Показ
35659,2021-03-28 22:02:38,Включение интернета на 20 минут
47093,2021-03-18 10:17:43,Информер ВК. Показ
47093,2021-03-22 22:42:02,Информер ВК. Показ
47093,2021-03-22 22:42:30,Информер ВК. Показ
47093,2021-03-22 22:42:35,Включение интернета на 20 минут
47093,2021-04-02 22:53:01,Включение интернета на 20 минут
47093,2021-04-08 07:42:12,Включение интернета на 20 минут
47093,2021-04-20 07:52:08,Информер ВК. Показ
47093,2021-04-20 07:52:22,Гарантированный платеж за деньги
47093,2021-04-23 08:11:39,Включение интернета на 20 минут
47824,2021-03-13 20:03:34,Включение интернета на 20 минут
47824,2021-03-16 20:32:22,Включение интернета на 20 минут
47824,2021-03-16 20:33:32,Информер ВК. Показ
47824,2021-03-16 20:34:01,Гарантированный платеж за деньги
47824,2021-03-23 18:41:55,Информер ВК. Показ
47824,2021-03-23 18:42:24,Гарантированный платеж за деньги
47824,2021-04-19 01:45:57,Включение интернета на 20 минут
47824,2021-04-19 01:46:23,Информер ВК. Показ
47824,2021-04-19 01:47:16,Гарантированный платеж за деньги
47824,2021-04-23 17:24:10,Гарантированный платеж за деньги
47837,2021-03-08 03:44:46,Включение интернета на 20 минут
47837,2021-03-12 09:10:32,Гарантированный платеж за деньги
47837,2021-03-15 10:47:13,Включение интернета на 20 минут
47837,2021-03-18 09:46:23,Включение интернета на 20 минут
47837,2021-03-24 00:31:47,Включение интернета на 20 минут
47837,2021-03-30 04:44:06,Включение интернета на 20 минут
47837,2021-04-01 22:27:41,Включение интернета на 20 минут
47837,2021-04-10 15:18:13,Включение интернета на 20 минут
47837,2021-04-11 18:29:27,Включение интернета на 20 минут
47837,2021-04-13 11:15:23,Включение интернета на 20 минут
47837,2021-04-14 19:04:15,Включение интернета на 20 минут
47837,2021-04-15 23:33:34,Включение интернета на 20 минут
47837,2021-04-17 12:53:10,Включение интернета на 20 минут
47837,2021-04-18 13:57:17,Включение интернета на 20 минут
47837,2021-04-22 13:40:17,Включение интернета на 20 минут
47837,2021-04-23 12:14:20,Гарантированный платеж за деньги
47837,2021-04-26 14:39:38,Включение интернета на 20 минут
47837,2021-04-28 13:18:26,Включение интернета на 20 минут
47837,2021-04-29 14:20:25,Включение интернета на 20 минут
47838,2021-03-19 20:38:40,Информер ВК. Показ
47838,2021-03-19 20:38:47,Информер ВК. Показ
47842,2021-03-20 18:35:17,Информер ВК. Показ
47842,2021-03-20 18:36:04,Информер ВК. Показ
47842,2021-03-20 18:36:31,Информер ВК. Показ
47842,2021-04-21 09:11:19,Информер ВК. Показ
47842,2021-04-21 09:12:11,Информер ВК. Показ
47853,2021-03-16 18:20:59,Информер ВК. Показ
47853,2021-03-16 18:21:33,Информер ВК. Показ
47853,2021-03-16 18:22:22,Информер ВК. Показ
9982,2021-03-07 18:21:11,Информер ВК. Показ
9982,2021-03-07 18:21:16,Информер ВК. Показ
9982,2021-04-14 19:48:31,Информер ВК. Показ
9982,2021-04-14 19:48:35,Информер ВК. Показ
9982,2021-04-14 19:50:25,Информер ВК. Показ
36415,2021-04-29 21:00:50,Получение подарка в ЛК: 1 месяц бесплатного просмотра IPTV
36415,2021-04-29 21:00:51,Получение подарка в ЛК: сутки интернета на максимальной скорости
47895,2021-03-04 18:24:11,Информер ВК. Показ
47895,2021-03-08 10:52:22,Гарантированный платеж за деньги
47895,2021-03-16 18:13:08,Гарантированный платеж за деньги
47895,2021-03-24 18:31:18,Гарантированный платеж за деньги
47895,2021-03-27 19:29:38,Включение интернета на 20 минут
47895,2021-03-29 17:23:27,Гарантированный платеж за деньги
47895,2021-03-29 17:23:33,Включение интернета на 20 минут
47895,2021-04-01 17:32:40,Включение интернета на 20 минут
47895,2021-04-01 17:54:50,Гарантированный платеж за деньги
47895,2021-04-04 23:04:31,Включение интернета на 20 минут
47895,2021-04-06 08:20:00,Гарантированный платеж за деньги
47895,2021-04-09 08:25:52,Включение интернета на 20 минут
47895,2021-04-14 19:03:07,Включение интернета на 20 минут
47895,2021-04-15 19:11:32,Гарантированный платеж за деньги
47895,2021-04-18 20:17:12,Включение интернета на 20 минут
47895,2021-04-28 17:23:58,Гарантированный платеж за деньги
47190,2021-03-02 12:36:22,Информер ВК. Показ
47190,2021-03-07 09:27:56,Включение интернета на 20 минут
47190,2021-03-12 09:59:27,Включение интернета на 20 минут
47190,2021-03-12 10:02:58,Информер ВК. Показ
47190,2021-03-23 09:18:59,Включение интернета на 20 минут
47190,2021-03-30 12:14:10,Включение интернета на 20 минут
47190,2021-04-03 10:04:53,Включение интернета на 20 минут
47190,2021-04-06 20:40:59,Включение интернета на 20 минут
47190,2021-04-10 01:12:33,Информер ВК. Показ
47190,2021-04-10 21:18:15,Включение интернета на 20 минут
47190,2021-04-10 21:26:40,Информер ВК. Показ
47190,2021-04-12 12:00:08,Информер ВК. Показ
47190,2021-04-14 09:59:48,Включение интернета на 20 минут
47190,2021-04-26 13:31:15,Включение интернета на 20 минут
7897,2021-03-01 00:29:52,Гарантированный платеж за деньги
7897,2021-03-04 11:29:40,Включение интернета на 20 минут
7897,2021-04-04 11:51:15,Включение интернета на 20 минут
12062,2021-03-19 21:42:31,Информер ВК. Показ
12062,2021-03-19 21:42:40,Включение интернета на 20 минут
12062,2021-04-19 22:18:18,Включение интернета на 20 минут
12062,2021-04-19 22:18:19,Включение интернета на 20 минут
12669,2021-03-07 00:16:28,Включение интернета на 20 минут
12669,2021-03-09 01:38:48,Информер ВК. Показ
12669,2021-04-28 20:09:18,Включение интернета на 20 минут
47211,2021-03-11 12:58:35,Информер ВК. Показ
47211,2021-03-11 14:03:46,Информер ВК. Показ
47211,2021-03-31 17:25:56,Информер ВК. Показ
47211,2021-04-12 09:51:13,Информер ВК. Показ
47905,2021-03-01 14:35:59,Информер ВК. Показ
47905,2021-03-07 17:48:07,Включение интернета на 20 минут
47905,2021-03-13 20:32:43,Информер ВК. Показ
47905,2021-03-27 19:33:56,Информер ВК. Показ
47905,2021-04-02 12:36:03,Информер ВК. Показ
47905,2021-04-28 19:40:36,Включение интернета на 20 минут
47907,2021-03-12 13:40:19,Включение интернета на 20 минут
47907,2021-03-12 13:40:20,Включение интернета на 20 минут
47907,2021-04-14 14:58:09,Включение интернета на 20 минут
47907,2021-04-14 14:58:10,Включение интернета на 20 минут
47908,2021-03-17 07:52:36,Включение интернета на 20 минут с IVR
47908,2021-04-17 01:52:39,Изменение пакета HD. Закрытие лендинг-информера
40805,2021-03-03 15:05:42,Включение интернета на 20 минут с IVR
40805,2021-03-31 19:07:45,Включение интернета на 20 минут с IVR
40805,2021-04-07 21:15:15,Включение интернета на 20 минут
40805,2021-04-17 20:03:45,Включение интернета на 20 минут с IVR
40114,2021-03-01 19:37:31,Информер ВК. Показ
40114,2021-03-01 19:55:44,Информер ВК. Показ
47909,2021-04-03 17:04:49,Информер ВК. Показ
47909,2021-04-18 22:12:18,Информер ВК. Показ
47909,2021-04-18 22:13:06,Информер ВК. Показ
41104,2021-03-07 04:43:14,Гарантированный платеж за деньги
41104,2021-03-10 13:43:06,Включение интернета на 20 минут
41104,2021-03-20 15:25:39,Гарантированный платеж за деньги
41104,2021-03-25 16:36:14,Гарантированный платеж за деньги
41104,2021-03-28 20:04:27,Включение интернета на 20 минут
41104,2021-03-28 20:05:16,Информер ВК. Показ
41104,2021-03-28 20:06:43,Информер ВК. Показ
41104,2021-03-28 20:06:46,Информер ВК. Показ
41104,2021-04-11 00:25:48,Гарантированный платеж за деньги
41104,2021-04-14 00:33:59,Включение интернета на 20 минут
41104,2021-04-16 11:58:47,Включение автоматической активации ГП
41104,2021-04-20 02:02:27,Включение интернета на 20 минут
41104,2021-04-22 03:26:45,Гарантированный платеж за деньги
10726,2021-03-12 23:11:54,Информер ВК. Показ
10726,2021-03-12 23:12:50,Информер ВК. Показ
10726,2021-03-12 23:14:02,Информер ВК. Показ
10726,2021-04-22 16:10:08,Информер ВК. Показ
10726,2021-04-22 16:14:02,Информер ВК. Показ
37130,2021-03-27 20:31:50,Информер ВК. Показ
37130,2021-04-25 22:01:52,Включение интернета на 20 минут
37130,2021-04-25 22:46:48,Информер ВК. Показ
37130,2021-04-25 22:49:08,Информер ВК. Показ
37130,2021-04-25 22:49:26,Гарантированный платеж за деньги
37130,2021-04-29 20:17:19,Информер ВК. Показ
31422,2021-04-27 15:19:29,Информер ВК. Показ
31422,2021-04-28 07:36:20,Информер ВК. Показ
39405,2021-03-06 07:40:17,Гарантированный платеж за деньги
39405,2021-03-22 16:47:12,Включение интернета на 20 минут
39405,2021-03-22 16:47:17,Включение интернета на 20 минут
39405,2021-03-29 16:26:41,Гарантированный платеж за деньги
39405,2021-04-01 18:46:42,Включение интернета на 20 минут
39405,2021-04-01 18:46:43,Включение интернета на 20 минут
39405,2021-04-02 17:51:40,Информер ВК. Показ
39405,2021-04-05 20:11:01,Гарантированный платеж за деньги
39405,2021-04-07 08:00:58,Информер ВК. Показ
40599,2021-03-12 08:34:14,Информер ВК. Показ
40599,2021-03-25 23:57:59,Включение интернета на 20 минут
40599,2021-04-22 11:08:03,Гарантированный платеж за деньги
47950,2021-03-04 12:27:53,Информер ВК. Показ
47950,2021-03-12 10:16:47,Информер ВК. Показ
47950,2021-04-03 17:30:27,Информер ВК. Показ
47950,2021-04-05 21:52:38,Информер ВК. Показ
47950,2021-04-21 22:19:38,Информер ВК. Показ
47953,2021-04-19 12:59:31,Информер ВК. Показ
47955,2021-03-06 20:14:17,Информер ВК. Показ
47955,2021-03-06 21:01:54,Гарантированный платеж за деньги
47955,2021-03-23 19:21:05,Информер ВК. Показ
47955,2021-03-27 21:38:52,Информер ВК. Показ
47955,2021-04-07 21:36:09,Информер ВК. Показ
47955,2021-04-28 22:23:58,Информер ВК. Показ
47983,2021-03-19 13:24:12,Информер ВК. Показ
47983,2021-03-19 13:59:01,Информер ВК. Показ
47983,2021-03-31 10:29:54,Информер ВК. Показ
47983,2021-04-06 22:09:27,Гарантированный платеж за деньги
47983,2021-04-19 23:34:30,Включение интернета на 20 минут с IVR
47983,2021-04-22 23:52:19,Информер ВК. Показ
47983,2021-04-24 08:15:52,Информер ВК. Показ
47983,2021-04-24 08:16:19,Включение интернета на 20 минут
47983,2021-04-24 08:16:54,Гарантированный платеж за деньги
9882,2021-03-03 18:23:30,Информер ВК. Показ
9882,2021-03-03 18:23:35,Включение интернета на 20 минут
9882,2021-03-03 18:23:53,Гарантированный платеж за деньги
9882,2021-03-06 18:56:46,Информер ВК. Показ
9882,2021-03-26 20:18:45,Информер ВК. Показ
9882,2021-04-06 21:13:10,Гарантированный платеж за деньги
9882,2021-04-08 18:25:53,Информер ВК. Показ
9882,2021-04-10 20:33:16,Информер ВК. Показ
32848,2021-03-19 21:53:32,Включение интернета на 20 минут
32848,2021-04-20 07:33:08,Гарантированный платеж за деньги
32848,2021-04-20 07:33:23,Включение интернета на 20 минут
43245,2021-03-07 01:31:33,Информер ВК. Показ
43245,2021-04-04 21:39:14,Информер ВК. Показ
43245,2021-04-04 21:39:17,Информер ВК. Показ
43245,2021-04-14 18:50:25,Информер ВК. Показ
43245,2021-04-14 18:50:36,Гарантированный платеж за деньги
43245,2021-04-18 14:01:03,Включение интернета на 20 минут
43245,2021-04-18 14:01:04,Включение интернета на 20 минут
48022,2021-03-09 18:38:44,Информер ВК. Показ
48022,2021-03-10 11:39:09,Информер ВК. Показ
48022,2021-03-10 11:40:53,Информер ВК. Показ
48022,2021-04-11 22:12:30,Информер ВК. Показ
48022,2021-04-11 22:12:47,Информер ВК. Показ
48022,2021-04-11 22:13:29,Информер ВК. Показ
48026,2021-04-11 22:00:47,Включение интернета на 20 минут с IVR
48040,2021-03-29 01:09:25,Информер ВК. Показ
48040,2021-03-29 21:57:52,Информер ВК. Показ
48040,2021-03-29 22:00:35,Информер ВК. Показ
48045,2021-04-13 11:48:09,Включение интернета на 20 минут
48045,2021-04-13 11:48:10,Включение интернета на 20 минут
48052,2021-03-02 19:12:29,Информер ВК. Показ
48053,2021-03-01 15:32:07,Включение интернета на 20 минут
48053,2021-03-09 19:23:42,Включение интернета на 20 минут
48053,2021-03-24 21:44:52,Включение интернета на 20 минут
48053,2021-03-27 21:51:42,Включение интернета на 20 минут
10322,2021-03-06 08:41:34,Информер ВК. Показ
10322,2021-03-06 08:42:36,Становление участником бонусной программы
10322,2021-03-15 21:28:20,Информер ВК. Показ
10322,2021-03-15 21:29:09,Информер ВК. Показ
10322,2021-03-17 21:56:17,Включение интернета на 20 минут
10322,2021-04-13 19:58:05,Информер ВК. Показ
12066,2021-04-09 20:03:14,Информер ВК. Показ
12066,2021-04-09 20:03:49,Информер ВК. Показ
12066,2021-04-16 07:43:22,Информер ВК. Показ
12066,2021-04-16 07:43:42,Включение интернета на 20 минут
48060,2021-03-03 12:54:20,Включение интернета на 20 минут
48060,2021-03-03 13:16:38,Гарантированный платеж за деньги
48060,2021-04-22 22:35:10,Информер ВК. Показ
39783,2021-04-20 21:03:21,Информер ВК. Показ
39783,2021-04-20 21:05:04,Информер ВК. Показ
28563,2021-04-29 17:32:22,Информер ВК. Показ
28563,2021-04-29 17:34:05,Информер ВК. Показ
8191,2021-03-14 18:25:42,Информер ВК. Показ
8191,2021-03-14 18:26:58,Просмотр раздела Тайный покупатель
8191,2021-03-22 14:27:56,Информер ВК. Показ
8191,2021-03-28 19:02:16,Информер ВК. Показ
48071,2021-03-05 10:18:30,Информер ВК. Показ
48071,2021-03-14 15:04:01,Включение интернета на 20 минут
48071,2021-03-16 15:23:21,Информер ВК. Показ
48071,2021-03-16 15:23:43,Турбокнопка бесплатно
30964,2021-03-04 16:53:55,Включение интернета на 20 минут
30964,2021-03-04 16:53:56,Включение интернета на 20 минут
30964,2021-03-04 16:54:06,Гарантированный платеж за деньги
30964,2021-03-10 15:34:36,Гарантированный платеж за деньги
30964,2021-03-14 16:08:23,Гарантированный платеж за деньги
30964,2021-03-17 21:41:08,Гарантированный платеж за деньги
30964,2021-03-23 17:29:49,Гарантированный платеж за деньги
30964,2021-03-30 23:16:26,Гарантированный платеж за деньги
30964,2021-04-06 23:22:19,Гарантированный платеж за деньги
30964,2021-04-09 23:56:02,Гарантированный платеж за деньги
30964,2021-04-14 00:00:51,Гарантированный платеж за деньги
30964,2021-04-17 01:29:37,Гарантированный платеж за деньги
30964,2021-04-25 13:57:47,Гарантированный платеж за деньги
30964,2021-04-29 15:54:11,Гарантированный платеж за деньги
48092,2021-03-24 20:27:49,Информер ВК. Показ
48092,2021-03-25 21:50:35,Информер ВК. Показ
8376,2021-03-31 11:20:08,Информер ВК. Показ
8376,2021-03-31 11:21:13,Информер ВК. Показ
8376,2021-03-31 11:21:55,Просмотр раздела Тайный покупатель
8376,2021-04-07 22:46:53,Информер ВК. Показ
48096,2021-04-03 09:14:01,Гарантированный платеж за деньги
12962,2021-03-01 11:04:03,Информер ВК. Показ
12962,2021-04-02 17:45:11,Информер ВК. Показ
48100,2021-03-04 10:19:38,Включение интернета на 20 минут с IVR
48100,2021-04-19 20:46:42,Информер ВК. Показ
48100,2021-04-19 20:48:44,Информер ВК. Показ
48100,2021-04-19 20:50:35,Информер ВК. Показ
48109,2021-03-20 22:34:59,Информер ВК. Показ
48109,2021-03-24 18:43:08,Информер ВК. Показ
48109,2021-03-25 19:11:21,Информер ВК. Показ
48109,2021-04-22 19:58:54,Информер ВК. Показ
48109,2021-04-26 21:52:42,Информер ВК. Показ
48109,2021-04-26 21:54:35,Информер ВК. Показ
48110,2021-04-27 13:08:57,Информер ВК. Показ
48124,2021-03-20 12:05:55,Информер ВК. Показ
48139,2021-03-06 20:16:44,Гарантированный платеж за деньги
48139,2021-03-14 20:45:18,Гарантированный платеж за деньги
48139,2021-03-26 20:52:48,Гарантированный платеж за деньги
48139,2021-04-03 21:13:24,Гарантированный платеж за деньги
48139,2021-04-11 21:22:01,Гарантированный платеж за деньги
48139,2021-04-20 21:32:22,Гарантированный платеж за деньги
48147,2021-03-05 21:39:48,Получение подарка в ЛК: 1 месяц бесплатного просмотра IPTV
48147,2021-03-05 21:40:08,Получение подарка в ЛК: сутки интернета на максимальной скорости
48147,2021-03-05 21:40:30,Информер ВК. Показ
48156,2021-03-03 15:33:06,Гарантированный платеж за деньги
48156,2021-04-22 18:50:12,Включение интернета на 20 минут
48156,2021-04-28 19:26:25,Включение интернета на 20 минут
48156,2021-04-28 19:26:26,Включение интернета на 20 минут
39601,2021-04-23 16:12:55,Информер ВК. Показ
48159,2021-03-25 12:21:11,Информер ВК. Показ
48159,2021-03-25 12:24:26,Информер ВК. Показ
48159,2021-04-25 12:15:04,Информер ВК. Показ
48159,2021-04-25 12:26:40,Информер ВК. Показ
48170,2021-03-14 19:32:42,Информер ВК. Показ
48170,2021-03-14 19:58:01,Информер ВК. Показ
48170,2021-03-14 19:58:07,Информер ВК. Показ
48170,2021-03-14 20:00:02,Бонус-скорость
10799,2021-03-08 15:13:46,Гарантированный платеж за деньги
10799,2021-03-11 15:35:26,Включение интернета на 20 минут
10799,2021-03-11 20:34:19,Гарантированный платеж за деньги
10799,2021-03-15 11:08:25,Гарантированный платеж за деньги
10799,2021-03-18 12:55:23,Включение интернета на 20 минут
10799,2021-03-24 11:33:06,Включение интернета на 20 минут
10799,2021-03-24 11:37:37,Информер ВК. Показ
10799,2021-03-24 11:38:20,Гарантированный платеж за деньги
10799,2021-03-28 08:28:07,Включение интернета на 20 минут
10799,2021-04-04 09:56:55,Гарантированный платеж за деньги
10799,2021-04-08 10:25:27,Гарантированный платеж за деньги
10799,2021-04-11 10:45:39,Включение интернета на 20 минут
10799,2021-04-16 12:01:26,Гарантированный платеж за деньги
10799,2021-04-18 21:13:34,Получение подарка в ЛК: сутки интернета на максимальной скорости
10799,2021-04-18 21:14:06,Получение подарка в ЛК: 1 месяц бесплатного просмотра IPTV
10799,2021-04-18 21:19:58,Информер ВК. Показ
10799,2021-04-18 21:44:13,Информер ВК. Показ
10799,2021-04-20 12:43:22,Гарантированный платеж за деньги
10799,2021-04-20 12:43:42,Включение интернета на 20 минут
10799,2021-04-23 13:40:11,Включение интернета на 20 минут
10799,2021-04-25 18:31:38,Информер ВК. Показ
10799,2021-04-25 18:32:02,Гарантированный платеж за деньги
10799,2021-04-28 19:20:22,Включение интернета на 20 минут
10799,2021-04-28 19:53:00,Гарантированный платеж за деньги
11548,2021-03-06 19:55:22,Информер ВК. Показ
11548,2021-04-07 06:59:31,Информер ВК. Показ
12674,2021-04-25 04:21:33,Гарантированный платеж за деньги
48186,2021-03-30 16:59:37,Гарантированный платеж за деньги
48186,2021-04-12 20:31:50,Гарантированный платеж за деньги
48186,2021-04-24 21:49:55,Гарантированный платеж за деньги
36812,2021-04-28 09:27:38,Включение IPTV-пакета
9046,2021-03-17 23:18:29,Информер ВК. Показ
9046,2021-03-17 23:18:37,Информер ВК. Закрытие
28952,2021-03-28 01:38:54,Информер ВК. Показ
28952,2021-03-28 01:39:06,Информер ВК. Показ
28952,2021-03-28 01:39:08,Информер ВК. Показ
39741,2021-03-21 18:17:55,Информер ВК. Показ
11292,2021-04-21 19:03:53,Включение интернета на 20 минут
48222,2021-04-06 16:14:37,Информер ВК. Показ
48223,2021-03-15 21:04:19,Информер ВК. Показ
48223,2021-03-15 21:04:59,Информер ВК. Показ
48223,2021-03-15 21:05:12,Информер ВК. Показ
48223,2021-03-31 08:05:37,Включение интернета на 20 минут
48225,2021-03-12 17:43:55,Информер ВК. Показ
48225,2021-03-16 16:05:31,Информер ВК. Показ
48225,2021-03-18 16:43:49,Информер ВК. Показ
48225,2021-04-13 08:42:20,Информер ВК. Показ
48225,2021-04-13 08:42:25,Абонент оставил отзыв в Личном кабинете
48225,2021-04-19 10:46:06,Информер ВК. Показ
48225,2021-04-19 10:47:29,Информер ВК. Показ
48225,2021-04-19 10:47:47,Включение интернета на 20 минут
9233,2021-03-05 09:00:58,Включение интернета на 20 минут
9233,2021-03-05 09:00:59,Включение интернета на 20 минут
9233,2021-03-09 06:31:52,Информер ВК. Показ
9233,2021-03-09 06:31:59,Турбокнопка бесплатно
9233,2021-03-09 23:13:39,Турбокнопка платно (1 час)
9233,2021-03-13 00:39:06,Турбокнопка бесплатно
9233,2021-03-13 08:28:32,Информер ВК. Показ
9233,2021-03-17 12:47:33,Информер ВК. Показ
9233,2021-03-17 12:47:56,Турбокнопка платно (1 сутки)
9233,2021-03-27 21:10:45,Турбокнопка платно (1 час)
9233,2021-04-06 09:41:08,Включение интернета на 20 минут
9233,2021-04-06 09:41:09,Включение интернета на 20 минут
9233,2021-04-14 15:24:38,Информер ВК. Показ
9233,2021-04-17 16:55:54,Информер ВК. Показ
9233,2021-04-25 09:53:56,Информер ВК. Показ
34457,2021-03-26 15:18:02,Информер ВК. Показ
11890,2021-04-29 18:33:19,Информер ВК. Показ
11890,2021-04-29 18:34:23,Просмотр раздела Тайный покупатель
11890,2021-04-29 18:34:39,Информер ВК. Показ
11890,2021-04-29 18:36:39,Информер ВК. Показ
31802,2021-04-24 20:56:41,Информер ВК. Показ
31802,2021-04-24 20:57:15,Информер ВК. Показ
31802,2021-04-24 20:57:20,Информер ВК. Показ
47564,2021-03-20 02:25:33,Информер ВК. Показ
47564,2021-03-22 10:58:38,Включение интернета на 20 минут с IVR
36746,2021-03-21 22:48:05,Включение интернета на 20 минут с IVR
36746,2021-04-22 07:22:09,Включение интернета на 20 минут с IVR
30697,2021-03-20 22:02:10,Информер ВК. Показ
30697,2021-04-20 09:35:05,Информер ВК. Показ
48291,2021-03-04 11:37:16,Гарантированный платеж за деньги
48292,2021-04-03 18:40:05,Информер ВК. Показ
48292,2021-04-03 18:42:02,Информер ВК. Показ
35991,2021-03-27 20:30:31,Смена пароля
35991,2021-03-27 20:30:38,Информер ВК. Показ
48294,2021-03-05 12:21:32,Информер ВК. Показ
48294,2021-03-05 12:22:50,Информер ВК. Показ
48294,2021-04-14 20:49:14,Информер ВК. Показ
12115,2021-03-16 13:53:17,Включение интернета на 20 минут
12115,2021-03-16 14:01:25,Информер ВК. Показ
12115,2021-04-16 23:46:02,Включение интернета на 20 минут
48301,2021-03-03 11:55:54,Гарантированный платеж за деньги
48301,2021-03-09 14:09:39,Гарантированный платеж за деньги
48301,2021-03-14 18:56:03,Гарантированный платеж за деньги
48301,2021-03-18 19:47:51,Гарантированный платеж за деньги
48301,2021-03-22 11:03:40,Включение интернета на 20 минут
48301,2021-03-22 11:03:41,Включение интернета на 20 минут
48301,2021-03-24 11:14:02,Гарантированный платеж за деньги
48301,2021-04-13 17:30:28,Гарантированный платеж за деньги
48301,2021-04-18 19:41:32,Гарантированный платеж за деньги
48301,2021-04-23 20:34:30,Гарантированный платеж за деньги
48301,2021-04-28 21:33:37,Гарантированный платеж за деньги
48310,2021-03-12 16:22:10,Информер ВК. Показ
48310,2021-03-12 21:17:21,Информер ВК. Показ
48310,2021-03-13 16:15:46,Смена тарифа
48310,2021-03-13 16:15:46,Без границ бесплатно. Отключение
48310,2021-03-13 16:18:29,Изменение схемы оплаты
48310,2021-04-12 21:12:17,Информер ВК. Показ
9879,2021-03-01 15:33:37,Информер ВК. Показ
9879,2021-03-29 19:31:02,Информер ВК. Показ
9879,2021-03-29 19:54:37,Гарантированный платеж за деньги
9879,2021-04-02 09:03:43,Информер ВК. Показ
48350,2021-04-28 19:33:36,Включение интернета на 20 минут
48350,2021-04-28 19:33:37,Включение интернета на 20 минут
9178,2021-03-08 20:10:06,Включение интернета на 20 минут
9178,2021-04-19 21:44:19,Включение интернета на 20 минут
9178,2021-04-19 21:44:20,Включение интернета на 20 минут
9178,2021-04-28 22:55:01,Включение интернета на 20 минут
48360,2021-03-09 16:53:40,Информер ВК. Показ
48360,2021-04-09 15:09:40,Информер ВК. Показ
48360,2021-04-09 15:11:55,Информер ВК. Показ
48362,2021-03-01 07:55:40,Включение интернета на 20 минут
48362,2021-03-02 08:49:18,Включение интернета на 20 минут
48362,2021-03-04 09:24:07,Включение интернета на 20 минут
48362,2021-03-09 08:14:29,Включение интернета на 20 минут
48362,2021-03-09 08:14:30,Включение интернета на 20 минут
48362,2021-03-10 08:50:54,Включение интернета на 20 минут
48362,2021-03-11 08:59:53,Включение интернета на 20 минут
48362,2021-03-12 09:13:11,Включение интернета на 20 минут
48362,2021-03-14 20:15:19,Включение интернета на 20 минут
48362,2021-03-14 20:15:20,Включение интернета на 20 минут
48362,2021-03-16 07:18:09,Включение интернета на 20 минут
48362,2021-03-17 08:29:35,Включение интернета на 20 минут
48362,2021-03-18 08:42:47,Включение интернета на 20 минут
48362,2021-03-19 08:51:18,Включение интернета на 20 минут
48362,2021-03-22 08:47:41,Включение интернета на 20 минут
48362,2021-03-23 09:01:15,Включение интернета на 20 минут
48362,2021-03-24 09:20:11,Включение интернета на 20 минут
48362,2021-03-25 09:34:29,Включение интернета на 20 минут
48362,2021-03-26 09:41:12,Включение интернета на 20 минут
48362,2021-03-29 08:59:09,Включение интернета на 20 минут
48362,2021-03-30 09:18:03,Включение интернета на 20 минут
48362,2021-03-31 09:35:05,Включение интернета на 20 минут
48362,2021-04-01 10:31:43,Включение интернета на 20 минут
48362,2021-04-02 10:43:57,Включение интернета на 20 минут
48362,2021-04-03 12:34:35,Включение интернета на 20 минут
48362,2021-04-05 09:04:41,Включение интернета на 20 минут
48362,2021-04-06 09:13:24,Включение интернета на 20 минут
48362,2021-04-07 09:24:18,Включение интернета на 20 минут
48362,2021-04-08 09:31:59,Включение интернета на 20 минут
48362,2021-04-09 09:43:36,Включение интернета на 20 минут
48362,2021-04-10 18:38:56,Включение интернета на 20 минут
48362,2021-04-12 08:18:56,Включение интернета на 20 минут
48362,2021-04-12 08:18:57,Включение интернета на 20 минут
48362,2021-04-13 08:58:37,Включение интернета на 20 минут
48362,2021-04-13 08:58:38,Включение интернета на 20 минут
48362,2021-04-14 09:13:03,Включение интернета на 20 минут
48362,2021-04-14 09:13:04,Включение интернета на 20 минут
48362,2021-04-15 09:23:31,Включение интернета на 20 минут
48362,2021-04-16 09:32:43,Включение интернета на 20 минут
48362,2021-04-21 09:06:24,Включение интернета на 20 минут
48362,2021-04-22 09:10:48,Включение интернета на 20 минут
48362,2021-04-23 09:23:10,Включение интернета на 20 минут
48362,2021-04-26 08:55:24,Включение интернета на 20 минут
48362,2021-04-27 09:02:52,Включение интернета на 20 минут
48362,2021-04-28 09:11:11,Включение интернета на 20 минут
48362,2021-04-29 09:22:06,Включение интернета на 20 минут
33303,2021-03-28 12:51:01,Гарантированный платеж за деньги
30310,2021-03-05 17:37:22,Информер ВК. Показ
30310,2021-03-25 18:27:43,Включение интернета на 20 минут
30310,2021-03-25 18:31:49,Информер ВК. Показ
30310,2021-04-25 18:42:58,Включение интернета на 20 минут
30310,2021-04-25 18:42:59,Включение интернета на 20 минут
48379,2021-03-17 16:56:09,Информер ВК. Показ
48379,2021-03-20 12:34:42,Информер ВК. Показ
48379,2021-03-26 11:36:43,Информер ВК. Показ
48379,2021-04-17 21:32:54,Информер ВК. Показ
48379,2021-04-20 22:53:32,Информер ВК. Показ
48379,2021-04-26 14:53:00,Информер ВК. Показ
31101,2021-03-27 13:35:39,Информер ВК. Показ
31101,2021-03-27 13:36:25,Информер ВК. Показ
31101,2021-03-27 14:27:57,Информер ВК. Показ
38402,2021-03-01 19:44:51,Информер ВК. Показ
7916,2021-03-25 22:37:13,Информер ВК. Показ
7916,2021-03-25 22:38:44,Просмотр раздела Тайный покупатель
7916,2021-03-25 22:39:15,Информер ВК. Показ
7916,2021-03-25 22:39:23,Информер ВК. Показ
14421,2021-03-28 13:15:48,Включение интернета на 20 минут
14421,2021-04-26 14:34:58,Включение интернета на 20 минут
14421,2021-04-26 14:34:59,Включение интернета на 20 минут
28154,2021-03-16 09:38:18,Информер ВК. Показ
28154,2021-03-16 09:38:31,Гарантированный платеж за деньги
48446,2021-03-01 09:18:30,Информер ВК. Показ
48446,2021-03-15 10:39:13,Информер ВК. Показ
48446,2021-04-20 09:03:43,Информер ВК. Показ
48448,2021-03-01 09:05:03,Гарантированный платеж за деньги
48448,2021-03-04 18:29:38,Включение интернета на 20 минут
48448,2021-04-04 21:55:36,Гарантированный платеж за деньги
48448,2021-04-21 17:22:47,Информер ВК. Показ
48448,2021-04-21 17:22:53,Информер ВК. Показ
48448,2021-04-22 18:49:41,Информер ВК. Показ
48450,2021-03-06 03:17:42,Информер ВК. Показ
48450,2021-03-06 03:18:05,Гарантированный платеж за деньги
48450,2021-03-11 13:04:36,Информер ВК. Показ
48450,2021-03-11 13:04:54,Гарантированный платеж за деньги
48450,2021-03-14 15:57:11,Включение интернета на 20 минут
48450,2021-04-04 09:33:17,Гарантированный платеж за деньги
48469,2021-03-26 20:34:28,Информер ВК. Показ
48469,2021-03-28 17:10:23,Информер ВК. Показ
47782,2021-03-24 11:55:21,Информер ВК. Показ
47782,2021-04-14 17:29:23,Информер ВК. Показ
7930,2021-04-13 20:54:23,Информер ВК. Показ
7930,2021-04-19 08:10:41,Информер ВК. Показ
8651,2021-03-05 19:11:22,Информер ВК. Показ
8651,2021-04-13 20:38:59,Информер ВК. Показ
8651,2021-04-17 21:48:44,Информер ВК. Показ
8651,2021-04-17 21:52:16,Информер ВК. Показ
48499,2021-04-12 10:55:16,Информер ВК. Показ
12644,2021-03-22 19:25:04,Информер ВК. Показ
12644,2021-03-22 20:25:37,Информер ВК. Показ
12644,2021-03-23 12:13:56,Информер ВК. Показ
12644,2021-03-23 12:50:39,Смена пароля
47067,2021-04-19 21:13:19,Информер ВК. Показ
47067,2021-04-19 21:13:24,Включение интернета на 20 минут
47067,2021-04-22 22:20:04,Информер ВК. Показ
47067,2021-04-22 22:20:15,Турбокнопка платно (1 час)
48503,2021-04-27 08:40:38,Включение интернета на 20 минут
48503,2021-04-27 08:40:39,Включение интернета на 20 минут
48506,2021-03-13 12:35:57,Включение интернета на 20 минут
48506,2021-03-13 12:35:58,Включение интернета на 20 минут
48506,2021-03-20 14:15:24,Информер ВК. Показ
48506,2021-03-20 14:15:37,Включение интернета на 20 минут
48506,2021-04-24 17:32:38,Гарантированный платеж за деньги
48506,2021-04-26 20:27:29,Информер ВК. Показ
48509,2021-03-25 23:41:25,Информер ВК. Показ
48509,2021-03-25 23:43:13,Информер ВК. Показ
48509,2021-04-03 23:07:46,Информер ВК. Показ
48509,2021-04-03 23:11:15,Турбокнопка платно (1 час)
48509,2021-04-04 20:59:43,Турбокнопка платно (1 час)
48509,2021-04-09 17:56:25,Турбокнопка платно (1 час)
48509,2021-04-09 21:02:29,Турбокнопка платно (1 час)
48509,2021-04-13 18:06:03,Турбокнопка платно (1 час)
48509,2021-04-14 22:46:37,Турбокнопка платно (1 час)
48509,2021-04-22 08:07:22,Гарантированный платеж за деньги
48509,2021-04-22 08:07:25,Включение интернета на 20 минут
48515,2021-03-02 16:01:23,Информер ВК. Показ
48515,2021-03-02 16:01:37,Включение интернета на 20 минут
48515,2021-04-22 14:41:06,Информер ВК. Показ
47792,2021-03-28 10:59:24,Включение интернета на 20 минут
47792,2021-04-03 11:12:01,Включение интернета на 20 минут
47792,2021-04-06 12:00:36,Включение интернета на 20 минут
47792,2021-04-07 18:31:35,Включение интернета на 20 минут
47792,2021-04-11 19:07:30,Информер ВК. Показ
47792,2021-04-12 18:50:52,Включение интернета на 20 минут
47792,2021-04-18 19:36:34,Включение интернета на 20 минут
47792,2021-04-24 09:25:58,Включение интернета на 20 минут
12311,2021-03-07 09:02:34,Информер ВК. Показ
12311,2021-03-20 12:34:55,Информер ВК. Показ
12311,2021-03-21 11:30:29,Информер ВК. Показ
12311,2021-04-10 11:41:25,Информер ВК. Показ
12311,2021-04-21 22:16:59,Информер ВК. Показ
12311,2021-04-22 14:55:25,Информер ВК. Показ
48537,2021-03-07 11:06:56,Информер ВК. Показ
48537,2021-03-09 20:22:50,Информер ВК. Показ
48537,2021-03-29 21:25:47,Включение интернета на 20 минут
48537,2021-03-29 21:25:48,Включение интернета на 20 минут
48537,2021-03-29 21:36:23,Информер ВК. Показ
48537,2021-04-27 17:11:06,Информер ВК. Показ
48546,2021-03-01 20:39:02,Информер ВК. Показ
48546,2021-04-16 15:06:47,Информер ВК. Показ
48546,2021-04-16 15:08:10,Информер ВК. Показ
48031,2021-03-15 00:24:20,Информер ВК. Показ
48031,2021-03-15 00:24:52,Смена тарифа
48563,2021-03-17 20:24:03,Информер ВК. Показ
48563,2021-03-21 16:22:27,Гарантированный платеж за деньги
48563,2021-03-24 17:37:13,Информер ВК. Показ
48563,2021-03-24 17:39:10,Информер ВК. Показ
48563,2021-04-25 16:36:14,Информер ВК. Показ
48563,2021-04-28 21:44:43,Информер ВК. Показ
48564,2021-03-01 14:24:15,Гарантированный платеж за деньги
48564,2021-03-04 15:15:52,Включение интернета на 20 минут
8381,2021-04-15 20:10:46,Информер ВК. Показ
8381,2021-04-15 20:16:09,Информер ВК. Показ
28973,2021-03-10 14:55:52,Информер ВК. Показ
28973,2021-03-16 14:12:08,Информер ВК. Показ
28973,2021-03-24 14:11:57,Информер ВК. Показ
28973,2021-04-20 09:48:27,Информер ВК. Показ
28973,2021-04-22 16:04:54,Информер ВК. Показ
28973,2021-04-27 08:21:45,Информер ВК. Показ
35539,2021-04-05 17:47:20,Информер ВК. Показ
35539,2021-04-05 17:49:25,Информер ВК. Показ
35539,2021-04-05 18:11:45,Информер ВК. Показ
29537,2021-04-23 13:08:25,Информер ВК. Показ
48606,2021-03-11 13:20:43,Информер ВК. Показ
48606,2021-03-20 20:31:45,Информер ВК. Показ
48606,2021-03-20 20:31:57,Бонус-скорость
48606,2021-04-10 14:28:40,Информер ВК. Показ
48609,2021-03-04 20:07:24,Информер ВК. Показ
48609,2021-04-05 16:25:27,Информер ВК. Показ
48609,2021-04-05 16:26:12,Включение интернета на 20 минут
28774,2021-04-04 19:44:44,Включение интернета на 20 минут
28774,2021-04-04 19:44:45,Включение интернета на 20 минут
28774,2021-04-04 19:50:23,Информер ВК. Показ
48618,2021-03-29 14:55:12,Информер ВК. Показ
48618,2021-03-29 14:55:57,Родительский контроль. Включение
48618,2021-03-29 15:34:23,Информер ВК. Показ
48618,2021-04-04 00:15:46,Информер ВК. Показ
48621,2021-04-08 17:40:56,Информер ВК. Показ
48621,2021-04-08 17:41:11,Включение интернета на 20 минут
48621,2021-04-08 17:42:10,Информер ВК. Показ
48628,2021-03-10 17:30:56,Включение интернета на 20 минут
48628,2021-03-12 17:53:43,Информер ВК. Показ
48628,2021-04-10 23:28:51,Включение интернета на 20 минут
48628,2021-04-24 23:50:04,Включение интернета на 20 минут
13095,2021-03-01 21:32:13,Информер ВК. Показ
13095,2021-03-01 21:32:30,Информер ВК. Показ
13095,2021-03-01 21:32:58,Информер ВК. Показ
7834,2021-03-30 19:33:01,Информер ВК. Показ
7834,2021-04-24 12:02:25,Информер ВК. Показ
39785,2021-03-08 11:19:02,Включение интернета на 20 минут
39785,2021-03-08 11:19:07,Включение интернета на 20 минут
39785,2021-04-10 22:39:39,Гарантированный платеж за деньги
48653,2021-03-20 20:57:07,Информер ВК. Показ
48653,2021-03-20 21:10:49,Информер ВК. Показ
48653,2021-03-20 21:14:17,Информер ВК. Показ
48653,2021-03-20 21:15:07,Смена тарифа
10766,2021-03-05 18:02:39,Информер ВК. Показ
10766,2021-03-30 21:53:09,Информер ВК. Показ
10766,2021-03-30 21:56:24,Информер ВК. Показ
9476,2021-03-12 19:11:58,Информер ВК. Показ
9476,2021-03-12 19:12:15,Информер ВК. Показ
48669,2021-03-10 13:08:33,Включение интернета на 20 минут
48669,2021-04-11 10:48:18,Гарантированный платеж за деньги
48669,2021-04-13 10:02:20,Включение интернета на 20 минут
48672,2021-03-25 09:36:13,Информер ВК. Показ
48672,2021-03-27 10:49:08,Информер ВК. Показ
48672,2021-03-27 10:49:38,Информер ВК. Показ
48672,2021-04-28 22:38:42,Информер ВК. Показ
48672,2021-04-28 22:40:42,Информер ВК. Показ
13104,2021-03-13 23:26:04,Информер ВК. Показ
13104,2021-03-13 23:27:14,Информер ВК. Показ
13104,2021-04-13 19:25:24,Информер ВК. Показ
13104,2021-04-14 07:51:43,Информер ВК. Показ
48679,2021-03-01 16:24:59,Включение интернета на 20 минут
48679,2021-03-05 19:39:09,Гарантированный платеж за деньги
48679,2021-04-01 13:02:55,Гарантированный платеж за деньги
48679,2021-04-08 20:29:11,Гарантированный платеж за деньги
48679,2021-04-11 22:01:53,Включение интернета на 20 минут
48679,2021-04-12 18:42:53,Получение подарка в ЛК: 1 месяц бесплатного просмотра IPTV
48679,2021-04-12 18:43:00,Получение подарка в ЛК: сутки интернета на максимальной скорости
48679,2021-04-19 21:05:43,Включение интернета на 20 минут
48679,2021-04-21 18:46:39,Гарантированный платеж за деньги
48679,2021-04-26 13:51:35,Гарантированный платеж за деньги
48679,2021-04-29 14:12:39,Включение интернета на 20 минут
14430,2021-04-28 21:13:54,Включение интернета на 20 минут
14430,2021-04-28 21:13:55,Включение интернета на 20 минут
10332,2021-04-09 20:24:20,Информер ВК. Показ
10332,2021-04-09 20:25:06,Информер ВК. Показ
30189,2021-03-07 21:35:48,Включение интернета на 20 минут
30189,2021-03-07 21:35:49,Включение интернета на 20 минут
12182,2021-03-04 20:54:22,Информер ВК. Показ
12182,2021-03-04 20:54:41,Включение интернета на 20 минут
12182,2021-04-04 21:06:56,Информер ВК. Показ
12182,2021-04-04 21:09:22,Включение интернета на 20 минут
12182,2021-04-04 21:09:24,Включение интернета на 20 минут
13856,2021-04-13 11:21:25,Информер ВК. Показ
48689,2021-03-12 20:47:51,Включение интернета на 20 минут
48689,2021-04-11 21:48:20,Включение интернета на 20 минут
48689,2021-04-11 21:51:43,Информер ВК. Показ
48689,2021-04-26 08:40:00,Информер ВК. Показ
48691,2021-04-08 21:56:50,Информер ВК. Показ
48691,2021-04-08 22:14:33,Информер ВК. Показ
48691,2021-04-09 12:32:02,Информер ВК. Показ
48696,2021-03-01 22:55:11,Информер ВК. Показ
48696,2021-03-01 22:58:21,Информер ВК. Показ
48696,2021-03-01 22:58:51,Информер ВК. Показ
10308,2021-03-24 08:48:48,Информер ВК. Показ
10308,2021-04-10 13:51:48,Информер ВК. Показ
10308,2021-04-29 06:58:41,Информер ВК. Показ
10308,2021-04-29 06:59:08,Включение интернета на 20 минут
10308,2021-04-29 07:03:34,Информер ВК. Показ
48714,2021-04-03 17:15:46,Информер ВК. Показ
48714,2021-04-03 17:18:10,Информер ВК. Показ
48714,2021-04-03 17:19:17,Информер ВК. Показ
11579,2021-03-02 21:25:11,Гарантированный платеж за деньги
11579,2021-03-05 16:05:55,Информер ВК. Показ
11579,2021-03-08 09:52:03,Гарантированный платеж за деньги
11579,2021-03-13 14:00:55,Гарантированный платеж за деньги
11579,2021-03-16 14:17:24,Включение интернета на 20 минут
11579,2021-03-19 21:34:00,Гарантированный платеж за деньги
11579,2021-03-21 22:47:25,Информер ВК. Показ
11579,2021-03-24 21:44:29,Гарантированный платеж за деньги
11579,2021-03-25 18:08:25,Информер ВК. Показ
11579,2021-03-29 21:52:38,Гарантированный платеж за деньги
11579,2021-04-04 22:04:51,Гарантированный платеж за деньги
11579,2021-04-06 08:50:42,Информер ВК. Показ
11579,2021-04-15 22:19:48,Гарантированный платеж за деньги
11579,2021-04-20 22:21:56,Гарантированный платеж за деньги
11579,2021-04-23 22:34:37,Включение интернета на 20 минут
11579,2021-04-27 09:23:16,Гарантированный платеж за деньги
48722,2021-03-30 19:22:38,Информер ВК. Показ
48722,2021-04-04 09:06:57,Информер ВК. Показ
48722,2021-04-04 09:07:44,Абонент оставил отзыв в Личном кабинете
48722,2021-04-04 09:08:25,Информер ВК. Закрытие
48724,2021-03-14 17:00:35,Включение интернета на 20 минут
48724,2021-03-24 17:08:19,Включение интернета на 20 минут
48724,2021-03-26 19:10:23,Включение интернета на 20 минут
48724,2021-03-30 08:06:00,Включение интернета на 20 минут
48724,2021-04-04 10:28:33,Включение интернета на 20 минут
48724,2021-04-09 14:09:47,Включение интернета на 20 минут
48724,2021-04-14 14:54:41,Включение интернета на 20 минут
48724,2021-04-19 20:51:13,Информер ВК. Показ
48724,2021-04-24 15:49:38,Включение интернета на 20 минут
48725,2021-03-04 07:31:46,Информер ВК. Показ
48725,2021-03-04 07:39:43,Информер ВК. Показ
48725,2021-03-04 14:53:35,Информер ВК. Показ
48727,2021-03-28 13:01:30,Информер ВК. Показ
48727,2021-04-06 10:06:27,Информер ВК. Показ
48727,2021-04-06 10:07:18,Просмотр раздела Тайный покупатель
48727,2021-04-06 10:21:22,Информер ВК. Показ
48733,2021-03-02 01:23:49,Гарантированный платеж за деньги
48733,2021-03-07 10:00:38,Гарантированный платеж за деньги
48733,2021-03-14 10:12:24,Гарантированный платеж за деньги
48733,2021-03-30 10:42:22,Гарантированный платеж за деньги
48733,2021-04-13 11:19:49,Гарантированный платеж за деньги
48733,2021-04-16 11:21:42,Гарантированный платеж за деньги
48733,2021-04-20 11:31:37,Гарантированный платеж за деньги
48733,2021-04-27 12:33:16,Гарантированный платеж за деньги
48735,2021-03-11 21:37:56,Информер ВК. Показ
48735,2021-03-19 23:28:23,Информер ВК. Показ
48735,2021-03-19 23:28:47,Информер ВК. Закрытие
48738,2021-03-05 21:51:21,Информер ВК. Показ
48738,2021-03-05 21:51:28,Информер ВК. Показ
48738,2021-03-13 15:58:19,Информер ВК. Показ
48738,2021-04-06 18:28:34,Информер ВК. Показ
48738,2021-04-06 18:29:29,Информер ВК. Показ
48738,2021-04-18 15:38:33,Информер ВК. Показ
48740,2021-03-24 06:52:57,Информер ВК. Показ
48740,2021-03-24 06:53:40,Гарантированный платеж за деньги
48740,2021-03-24 06:54:14,Информер ВК. Показ
41000,2021-04-26 01:40:58,Получение подарка в ЛК: 1 месяц бесплатного просмотра IPTV
41000,2021-04-26 01:41:10,Получение подарка в ЛК: сутки интернета на максимальной скорости
41000,2021-04-27 00:01:38,Информер ВК. Показ
48753,2021-03-27 18:32:02,Информер ВК. Показ
48753,2021-03-27 18:32:22,Включение интернета на 20 минут
28873,2021-03-21 19:52:00,Информер ВК. Показ
28873,2021-03-21 19:57:15,Просмотр раздела Тайный покупатель
28873,2021-03-21 19:57:37,Информер ВК. Показ
28873,2021-04-14 20:13:08,Информер ВК. Показ
8468,2021-03-06 13:32:52,Включение интернета на 20 минут
48771,2021-04-08 21:59:11,Информер ВК. Показ
13760,2021-03-10 10:28:08,Включение интернета на 20 минут
13760,2021-04-10 13:06:37,Включение интернета на 20 минут
44180,2021-03-22 15:15:09,Информер ВК. Показ
44180,2021-03-22 15:15:41,Информер ВК. Показ
44180,2021-03-22 15:15:50,Информер ВК. Показ
48788,2021-03-28 22:12:58,Включение интернета на 20 минут
11328,2021-04-11 23:33:34,Информер ВК. Показ
36586,2021-03-24 14:23:52,Информер ВК. Показ
36586,2021-03-27 18:24:15,Информер ВК. Показ
36586,2021-03-28 11:52:47,Информер ВК. Показ
48802,2021-04-12 20:18:46,Информер ВК. Показ
48802,2021-04-12 20:19:49,Информер ВК. Показ
48802,2021-04-12 20:20:14,Информер ВК. Показ
31720,2021-03-29 23:10:50,Включение интернета на 20 минут
31720,2021-03-29 23:10:51,Включение интернета на 20 минут
31720,2021-04-27 18:54:14,Включение интернета на 20 минут
31720,2021-04-29 22:14:40,Включение интернета на 20 минут
11071,2021-03-14 08:36:42,Включение интернета на 20 минут
11071,2021-03-22 10:15:30,Включение интернета на 20 минут
48819,2021-03-04 21:54:04,Информер ВК. Показ
48819,2021-03-09 23:39:21,Информер ВК. Показ
48819,2021-03-10 19:49:07,Информер ВК. Показ
48819,2021-04-05 14:58:18,Информер ВК. Показ
48819,2021-04-05 14:58:23,Абонент оставил отзыв в Личном кабинете
48835,2021-03-29 18:03:25,Информер ВК. Показ
48835,2021-03-29 18:03:31,Включение интернета на 20 минут
48835,2021-03-29 18:08:40,Информер ВК. Показ
48835,2021-03-29 18:08:48,Информер ВК. Показ
13661,2021-03-08 18:22:05,Информер ВК. Показ
13661,2021-03-08 18:22:25,Включение интернета на 20 минут
13661,2021-04-06 23:25:49,Включение интернета на 20 минут
13661,2021-04-06 23:25:50,Включение интернета на 20 минут
48847,2021-04-18 18:54:24,Информер ВК. Показ
48847,2021-04-18 18:55:12,Информер ВК. Показ
48847,2021-04-25 00:28:48,Информер ВК. Показ
47795,2021-04-12 11:04:27,Информер ВК. Показ
40963,2021-03-10 17:11:32,Информер ВК. Показ
40963,2021-03-10 17:14:10,Информер ВК. Показ
40963,2021-03-23 23:27:09,Информер ВК. Показ
40963,2021-03-23 23:27:12,Абонент оставил отзыв в Личном кабинете
40963,2021-04-11 20:12:17,Информер ВК. Показ
40963,2021-04-12 17:38:15,Информер ВК. Показ
12681,2021-04-23 15:05:48,Включение интернета на 20 минут
12681,2021-04-23 15:05:49,Включение интернета на 20 минут
48221,2021-03-07 14:25:37,Информер ВК. Показ
48221,2021-03-17 19:49:21,Включение интернета на 20 минут
48221,2021-03-17 19:49:22,Включение интернета на 20 минут
48221,2021-04-16 23:13:40,Включение интернета на 20 минут
48221,2021-04-16 23:13:41,Включение интернета на 20 минут
48857,2021-03-03 01:29:48,Турбокнопка бесплатно
48857,2021-03-07 22:39:18,Включение интернета на 20 минут
48857,2021-03-14 22:52:47,Включение интернета на 20 минут
48857,2021-03-14 22:53:03,Гарантированный платеж за деньги
48857,2021-03-16 18:42:04,Информер ВК. Показ
48857,2021-03-19 08:48:45,Включение интернета на 20 минут
48857,2021-03-21 20:47:57,Информер ВК. Показ
48857,2021-03-25 03:46:47,Информер ВК. Показ
48857,2021-03-25 03:47:01,Турбокнопка бесплатно
48857,2021-03-28 12:20:29,Включение интернета на 20 минут
48857,2021-03-31 12:23:40,Турбокнопка бесплатно
48857,2021-03-31 15:16:38,Смена тарифа
48857,2021-04-04 12:32:21,Гарантированный платеж за деньги
48857,2021-04-07 13:19:33,Включение интернета на 20 минут
48857,2021-04-09 13:36:51,Гарантированный платеж за деньги
48857,2021-04-11 11:37:19,Турбокнопка бесплатно
48857,2021-04-16 20:58:30,Информер ВК. Показ
48857,2021-04-16 20:58:37,Турбокнопка платно (1 сутки)
48857,2021-04-24 16:49:23,Включение интернета на 20 минут
48867,2021-03-03 15:04:57,Включение интернета на 20 минут
48867,2021-03-03 15:32:23,Гарантированный платеж за деньги
48867,2021-03-06 16:26:47,Включение интернета на 20 минут
48867,2021-03-06 16:49:06,Гарантированный платеж за деньги
48867,2021-03-09 17:01:35,Гарантированный платеж за деньги
48867,2021-03-12 17:40:06,Гарантированный платеж за деньги
48867,2021-03-15 20:03:44,Гарантированный платеж за деньги
48867,2021-03-18 20:28:01,Включение интернета на 20 минут
48867,2021-03-18 20:49:36,Информер ВК. Показ
48867,2021-03-18 20:50:10,Гарантированный платеж за деньги
48867,2021-03-21 21:01:27,Информер ВК. Показ
48867,2021-03-21 21:01:59,Информер ВК. Показ
48867,2021-03-21 21:02:05,Включение интернета на 20 минут
48867,2021-03-21 21:33:43,Гарантированный платеж за деньги
37967,2021-03-13 18:14:34,Гарантированный платеж за деньги
37967,2021-03-17 16:25:31,Включение интернета на 20 минут с IVR
48902,2021-03-09 10:00:20,Информер ВК. Показ
48902,2021-03-14 18:31:03,Включение интернета на 20 минут
48902,2021-03-18 20:28:39,Включение интернета на 20 минут с IVR
48902,2021-03-26 08:49:15,Информер ВК. Показ
48902,2021-03-28 13:19:58,Включение интернета на 20 минут
48902,2021-04-11 17:49:48,Информер ВК. Показ
48902,2021-04-14 14:28:13,Информер ВК. Показ
48902,2021-04-28 11:44:14,Информер ВК. Показ
48906,2021-03-15 17:12:55,Информер ВК. Показ
48906,2021-03-15 17:13:01,Информер ВК. Показ
48906,2021-03-15 17:13:20,Информер ВК. Показ
48906,2021-03-15 17:19:04,Смена тарифа
48906,2021-04-09 20:20:16,Гарантированный платеж за деньги
48906,2021-04-12 20:51:17,Включение интернета на 20 минут
48911,2021-03-05 00:14:18,Включение интернета на 20 минут
48917,2021-03-01 15:41:40,Включение интернета на 20 минут
48917,2021-03-06 22:33:29,Включение интернета на 20 минут
48917,2021-03-07 23:50:17,Включение интернета на 20 минут
48917,2021-03-09 16:41:56,Включение интернета на 20 минут
48917,2021-03-12 08:49:49,Включение интернета на 20 минут
48917,2021-03-13 09:37:56,Включение интернета на 20 минут
48917,2021-03-17 16:18:57,Включение интернета на 20 минут
48917,2021-03-18 18:43:31,Информер ВК. Показ
48917,2021-03-27 16:05:35,Включение интернета на 20 минут
48917,2021-03-27 16:37:05,Информер ВК. Показ
48917,2021-03-27 16:46:11,Информер ВК. Показ
48917,2021-03-30 22:12:00,Включение интернета на 20 минут
48917,2021-04-01 03:19:18,Включение интернета на 20 минут
48917,2021-04-02 12:45:31,Включение интернета на 20 минут
48917,2021-04-07 13:37:18,Включение интернета на 20 минут
48917,2021-04-08 20:36:45,Включение интернета на 20 минут
48917,2021-04-10 13:28:09,Включение интернета на 20 минут
48917,2021-04-15 14:24:15,Включение интернета на 20 минут
48917,2021-04-18 13:50:35,Включение интернета на 20 минут
48917,2021-04-18 16:14:25,Без границ бесплатно. Включение
48917,2021-04-20 15:10:23,Включение интернета на 20 минут
48917,2021-04-20 23:29:44,Гарантированный платеж за деньги
48917,2021-04-22 23:08:04,Информер ВК. Показ
48917,2021-04-25 12:27:23,Включение интернета на 20 минут
48917,2021-04-27 16:40:07,Включение интернета на 20 минут
48917,2021-04-27 16:40:20,Информер ВК. Показ
48918,2021-03-10 22:42:32,Информер ВК. Показ
48918,2021-03-10 22:44:53,Информер ВК. Показ
48918,2021-04-06 13:01:34,Информер ВК. Показ
48918,2021-04-12 23:00:39,Информер ВК. Показ
48918,2021-04-12 23:00:53,Включение интернета на 20 минут
48918,2021-04-12 23:03:12,Информер ВК. Показ
48934,2021-04-28 19:01:01,Информер ВК. Показ
48934,2021-04-28 19:04:45,Информер ВК. Показ
48934,2021-04-28 19:07:06,Информер ВК. Показ
48949,2021-03-19 13:20:18,Информер ВК. Показ
48949,2021-03-19 13:21:16,Гарантированный платеж за деньги
48949,2021-03-23 11:11:47,Информер ВК. Показ
48949,2021-03-24 11:31:18,Включение интернета на 20 минут
48949,2021-03-26 12:07:55,Включение интернета на 20 минут
48949,2021-03-26 12:43:02,Информер ВК. Показ
48949,2021-03-26 12:55:50,Гарантированный платеж за деньги
48949,2021-04-10 18:35:57,Включение интернета на 20 минут
48954,2021-04-01 14:49:02,Информер ВК. Показ
48954,2021-04-01 14:54:19,Информер ВК. Показ
48958,2021-04-10 19:27:29,Включение интернета на 20 минут с IVR
48960,2021-03-01 22:04:34,Включение интернета на 20 минут
48960,2021-03-13 10:31:41,Включение интернета на 20 минут
48960,2021-03-25 10:44:27,Включение интернета на 20 минут
48960,2021-04-15 21:59:26,Включение интернета на 20 минут
48960,2021-04-26 22:14:42,Включение интернета на 20 минут
48964,2021-03-05 14:49:44,Информер ВК. Показ
48964,2021-04-02 20:11:15,Информер ВК. Показ
48964,2021-04-23 15:15:23,Информер ВК. Показ
48975,2021-03-19 19:56:24,Включение интернета на 20 минут
48975,2021-04-18 21:13:48,Включение интернета на 20 минут
48276,2021-03-18 19:41:46,Информер ВК. Показ
48982,2021-04-16 20:46:58,Информер ВК. Показ
48982,2021-04-19 09:25:42,Информер ВК. Показ
48986,2021-04-22 15:17:16,Информер ВК. Показ
48986,2021-04-22 15:18:21,Информер ВК. Показ
48986,2021-04-22 15:20:11,Информер ВК. Показ
48992,2021-03-02 00:03:39,Информер ВК. Показ
48992,2021-03-07 20:42:47,Включение интернета на 20 минут
48992,2021-03-14 20:57:14,Информер ВК. Показ
48992,2021-03-14 20:57:22,Включение интернета на 20 минут
48992,2021-03-15 15:27:29,Турбокнопка бесплатно
48992,2021-03-16 21:23:37,Включение интернета на 20 минут
48992,2021-03-24 17:00:11,Турбокнопка бесплатно
48992,2021-03-26 18:38:09,Турбокнопка бесплатно
48992,2021-04-01 10:19:59,Информер ВК. Показ
48992,2021-04-04 13:16:51,Информер ВК. Показ
48992,2021-04-23 18:21:15,Информер ВК. Показ
48992,2021-04-23 18:21:19,Турбокнопка бесплатно
49004,2021-04-11 02:31:12,Информер ВК. Показ
49007,2021-04-21 13:15:53,Включение интернета на 20 минут
31152,2021-03-10 19:03:13,Информер ВК. Показ
31152,2021-03-10 19:04:02,Информер ВК. Показ
31152,2021-03-10 19:04:30,Информер ВК. Показ
38610,2021-03-03 17:43:59,Информер ВК. Показ
39293,2021-03-04 12:24:34,Получение подарка в ЛК: сутки интернета на максимальной скорости
39293,2021-03-04 12:24:37,Получение подарка в ЛК: 1 месяц бесплатного просмотра IPTV
39293,2021-04-04 12:45:29,Информер ВК. Показ
39293,2021-04-04 12:46:37,Включение интернета на 20 минут
39293,2021-04-04 12:48:06,Информер ВК. Показ
39293,2021-04-04 12:48:08,Информер ВК. Показ
9112,2021-03-03 19:47:16,Информер ВК. Показ
9112,2021-04-19 21:25:22,Информер ВК. Показ
9112,2021-04-20 13:56:41,Информер ВК. Показ
13096,2021-03-25 12:53:08,Информер ВК. Показ
13096,2021-03-25 12:55:24,Информер ВК. Показ
13096,2021-03-25 12:56:14,Информер ВК. Показ
28020,2021-03-11 02:59:49,Включение интернета на 20 минут
28020,2021-03-23 07:48:36,Включение интернета на 20 минут
28020,2021-04-13 07:32:01,Информер ВК. Показ
28020,2021-04-23 08:41:01,Включение интернета на 20 минут
49029,2021-03-02 19:51:27,Информер ВК. Показ
49029,2021-03-17 21:02:45,Гарантированный платеж за деньги
49029,2021-03-21 21:59:07,Гарантированный платеж за деньги
49029,2021-03-25 16:15:12,Информер ВК. Показ
49029,2021-03-25 16:16:19,Информер ВК. Показ
49029,2021-03-25 16:16:39,Гарантированный платеж за деньги
49029,2021-04-01 20:54:47,Гарантированный платеж за деньги
49029,2021-04-13 22:03:57,Гарантированный платеж за деньги
49029,2021-04-16 22:27:23,Включение интернета на 20 минут
49029,2021-04-27 18:06:33,Гарантированный платеж за деньги
42569,2021-04-11 10:53:14,Информер ВК. Показ
29256,2021-04-27 16:09:08,Информер ВК. Показ
29256,2021-04-27 16:12:06,Информер ВК. Показ
14381,2021-04-03 21:37:38,Информер ВК. Показ
14381,2021-04-03 22:35:36,Информер ВК. Показ
27973,2021-03-04 08:28:35,Информер ВК. Показ
27973,2021-04-13 14:09:20,Информер ВК. Показ
27973,2021-04-13 14:20:28,Информер ВК. Показ
28596,2021-03-03 14:56:12,Включение интернета на 20 минут
28596,2021-03-08 11:44:23,Включение интернета на 20 минут
28596,2021-03-09 17:54:31,Включение интернета на 20 минут
28596,2021-03-11 14:52:42,Включение интернета на 20 минут
28596,2021-03-15 11:15:40,Включение интернета на 20 минут
28596,2021-03-19 14:16:22,Включение интернета на 20 минут
28596,2021-03-25 14:17:08,Включение интернета на 20 минут
28596,2021-03-30 08:43:15,Включение интернета на 20 минут
28596,2021-04-09 18:20:22,Включение интернета на 20 минут
28596,2021-04-10 18:44:15,Включение интернета на 20 минут
28596,2021-04-10 18:44:16,Включение интернета на 20 минут
28596,2021-04-14 14:09:25,Включение интернета на 20 минут
28596,2021-04-17 13:47:20,Включение интернета на 20 минут
28596,2021-04-20 09:58:17,Включение интернета на 20 минут
28596,2021-04-22 09:53:59,Включение интернета на 20 минут
28596,2021-04-24 12:05:05,Включение интернета на 20 минут
28596,2021-04-26 11:13:50,Включение интернета на 20 минут
28596,2021-04-27 11:36:43,Включение интернета на 20 минут
49054,2021-03-01 10:24:27,Включение интернета на 20 минут
49054,2021-03-04 14:39:33,Включение интернета на 20 минут
49054,2021-03-09 15:38:34,Включение интернета на 20 минут
49054,2021-03-14 12:59:50,Включение интернета на 20 минут
49054,2021-03-17 16:06:30,Включение интернета на 20 минут
49054,2021-03-18 20:41:23,Включение интернета на 20 минут
49054,2021-03-26 20:04:40,Включение интернета на 20 минут
49054,2021-03-26 20:04:41,Включение интернета на 20 минут
49054,2021-03-30 07:51:56,Включение интернета на 20 минут
49054,2021-04-10 17:34:01,Включение интернета на 20 минут
49054,2021-04-16 18:52:49,Включение интернета на 20 минут
49054,2021-04-19 22:42:34,Включение интернета на 20 минут
49054,2021-04-23 18:50:22,Включение интернета на 20 минут
39936,2021-04-13 19:32:45,Гарантированный платеж за деньги
12155,2021-04-26 10:50:19,Гарантированный платеж за деньги
49066,2021-04-03 21:14:15,Информер ВК. Показ
28936,2021-03-28 18:19:25,Гарантированный платеж за деньги
28936,2021-03-31 18:25:39,Информер ВК. Показ
28936,2021-03-31 18:25:55,Гарантированный платеж за деньги
28936,2021-04-28 19:06:46,Гарантированный платеж за деньги
28936,2021-04-28 19:07:24,Информер ВК. Показ
28936,2021-04-29 20:08:19,Информер ВК. Показ
49071,2021-03-16 18:29:18,Информер ВК. Показ
49071,2021-03-16 18:29:31,Информер ВК. Показ
49071,2021-03-16 18:29:41,Включение интернета на 20 минут
49071,2021-03-16 18:36:18,Информер ВК. Показ
49071,2021-04-16 21:54:42,Включение интернета на 20 минут
49077,2021-04-01 12:44:45,Информер ВК. Показ
49077,2021-04-01 12:45:13,Информер ВК. Показ
49077,2021-04-01 12:45:28,Информер ВК. Показ
49086,2021-03-11 23:06:24,Включение интернета на 20 минут
49086,2021-04-12 07:27:32,Включение интернета на 20 минут
49086,2021-04-16 10:49:42,Включение интернета на 20 минут
49086,2021-04-20 16:41:09,Включение интернета на 20 минут
49086,2021-04-23 18:49:12,Включение интернета на 20 минут
49086,2021-04-27 19:53:12,Включение интернета на 20 минут
49098,2021-04-09 10:05:38,Гарантированный платеж за деньги
49107,2021-03-24 16:15:51,Принято заявление и доп. соглашение по переезду
49107,2021-03-24 16:15:53,Информер ВК. Показ
47028,2021-03-15 10:21:22,Гарантированный платеж за деньги
30959,2021-04-01 11:14:22,Информер ВК. Показ
30959,2021-04-25 21:40:55,Гарантированный платеж за деньги
30959,2021-04-28 21:53:46,Информер ВК. Показ
30959,2021-04-28 22:04:51,Информер ВК. Показ
49112,2021-03-22 11:59:11,Информер ВК. Показ
49112,2021-03-22 11:59:34,Информер ВК. Показ
10721,2021-04-11 21:58:23,Информер ВК. Показ
12667,2021-03-01 11:12:14,Информер ВК. Показ
12667,2021-03-01 11:12:22,Информер ВК. Показ
12667,2021-03-01 11:12:34,Включение автоматической активации ГП
12667,2021-03-05 10:59:09,Информер ВК. Показ
12667,2021-03-10 16:08:28,Турбокнопка бесплатно
12667,2021-03-14 16:13:30,Включение автоматической активации ГП
12667,2021-03-23 20:21:50,Гарантированный платеж за деньги
12667,2021-03-24 11:08:56,Турбокнопка бесплатно
12667,2021-04-02 20:31:16,Информер ВК. Показ
12667,2021-04-02 20:31:19,Включение интернета на 20 минут
12667,2021-04-02 20:52:14,Информер ВК. Показ
12667,2021-04-02 20:52:26,Гарантированный платеж за деньги
12667,2021-04-10 19:55:41,Информер ВК. Показ
12667,2021-04-11 14:35:11,Турбокнопка бесплатно
12667,2021-04-23 21:01:37,Гарантированный платеж за деньги
12667,2021-04-28 12:04:51,Включение автоматической активации ГП
49153,2021-03-31 22:22:56,Информер ВК. Показ
49153,2021-03-31 22:23:50,Информер ВК. Показ
49153,2021-03-31 22:23:52,Информер ВК. Показ
49154,2021-04-03 08:27:02,Показ информатора об изменении уведомлений через ВК платформу
49154,2021-04-03 08:27:55,Восстановление пароля
49154,2021-04-03 08:29:53,Восстановление пароля
49154,2021-04-03 08:31:47,Показ информатора об изменении уведомлений через ВК платформу
49154,2021-04-04 17:59:00,Показ информатора об изменении уведомлений через ВК платформу
49156,2021-04-20 20:42:54,Включение интернета на 20 минут
49159,2021-03-05 21:46:09,Гарантированный платеж за деньги
49159,2021-03-21 09:11:06,Получение подарка в ЛК: сутки интернета на максимальной скорости
49159,2021-03-21 09:11:09,Получение подарка в ЛК: 1 месяц бесплатного просмотра IPTV
49159,2021-03-21 14:07:27,Включение автоматической активации ГП
49159,2021-03-22 18:31:38,Информер ВК. Показ
49159,2021-03-23 08:17:31,Информер ВК. Показ
49159,2021-03-23 20:19:43,Информер ВК. Показ
49159,2021-03-25 11:49:14,Включение интернета на 20 минут с IVR
49159,2021-03-25 16:28:56,Включение интернета на 20 минут
49159,2021-03-30 20:49:37,Гарантированный платеж за деньги
49159,2021-04-07 21:48:43,Гарантированный платеж за деньги
49159,2021-04-19 11:35:11,Гарантированный платеж за деньги
49159,2021-04-23 14:53:52,Информер ВК. Показ
49159,2021-04-26 00:22:43,Информер ВК. Показ
49159,2021-04-27 11:41:01,Информер ВК. Показ
49159,2021-04-27 11:41:12,Гарантированный платеж за деньги
30307,2021-03-08 11:41:35,Информер ВК. Показ
30307,2021-03-08 11:41:48,Включение интернета на 20 минут
30307,2021-03-08 11:49:55,Информер ВК. Показ
30307,2021-04-08 20:23:57,Информер ВК. Показ
30307,2021-04-08 20:23:58,Информер ВК. Показ
30307,2021-04-08 20:24:07,Включение интернета на 20 минут
11227,2021-04-29 21:26:47,Информер ВК. Показ
11227,2021-04-29 22:39:52,Информер ВК. Показ
49190,2021-03-04 21:48:57,Информер ВК. Показ
49190,2021-03-19 21:14:11,Информер ВК. Показ
49190,2021-03-19 21:14:43,Информер ВК. Показ
49190,2021-04-11 12:15:32,Информер ВК. Показ
49190,2021-04-11 12:16:12,Без границ бесплатно. Отключение
15004,2021-04-08 05:47:19,Включение интернета на 20 минут
15004,2021-04-13 18:17:00,Включение интернета на 20 минут
49208,2021-03-12 22:38:55,Получение подарка в ЛК: 1 месяц бесплатного просмотра IPTV
49208,2021-03-12 22:39:44,Получение подарка в ЛК: сутки интернета на максимальной скорости
49208,2021-03-25 12:27:46,Информер ВК. Показ
49210,2021-04-26 21:16:57,Гарантированный платеж за деньги
48306,2021-04-18 15:58:44,Информер ВК. Показ
48306,2021-04-18 15:59:17,Информер ВК. Показ
48306,2021-04-18 16:08:08,Бонус-скорость
48306,2021-04-18 22:21:51,Информер ВК. Показ
48306,2021-04-28 23:36:01,Турбокнопка платно (1 сутки)
8044,2021-03-26 16:21:36,Информер ВК. Показ
8044,2021-04-11 20:08:02,Информер ВК. Показ
8044,2021-04-13 18:02:12,Информер ВК. Показ
49240,2021-03-01 14:54:23,Информер ВК. Показ
49240,2021-03-01 14:55:43,Информер ВК. Показ
49241,2021-04-18 20:53:08,Информер ВК. Показ
49241,2021-04-19 14:40:26,Информер ВК. Показ
48760,2021-03-11 11:13:11,Гарантированный платеж за деньги
48760,2021-04-19 13:05:40,Информер ВК. Показ
48760,2021-04-19 13:05:45,Информер ВК. Показ
48760,2021-04-19 13:07:01,Информер ВК. Показ
46752,2021-03-04 11:05:13,Информер ВК. Показ
46752,2021-03-04 11:06:19,Информер ВК. Показ
46752,2021-03-30 21:57:21,Информер ВК. Показ
46752,2021-04-05 23:29:37,Информер ВК. Показ
30757,2021-03-27 19:00:52,Гарантированный платеж за деньги
30757,2021-04-03 13:47:27,Включение интернета на 20 минут
30757,2021-04-05 12:58:38,Информер ВК. Показ
30757,2021-04-10 17:13:31,Информер ВК. Показ
30757,2021-04-10 17:14:34,Восстановление пароля
30757,2021-04-10 17:15:41,Родительский контроль. Включение
47785,2021-04-24 08:05:19,Включение интернета на 20 минут
49259,2021-04-05 18:05:55,Гарантированный платеж за деньги
49259,2021-04-20 19:25:30,Информер ВК. Показ
49259,2021-04-20 19:27:25,Информер ВК. Показ
49259,2021-04-20 19:28:16,Информер ВК. Показ
49272,2021-03-08 17:25:01,Информер ВК. Показ
49272,2021-03-08 17:25:42,Информер ВК. Показ
49272,2021-03-28 09:32:53,Информер ВК. Показ
49272,2021-03-28 18:22:28,Включение интернета на 20 минут
49272,2021-04-28 19:45:01,Включение интернета на 20 минут
7957,2021-03-18 12:52:27,Принято заявление и доп. соглашение по переезду
7957,2021-03-18 12:52:30,Информер ВК. Показ
13280,2021-04-05 15:54:08,Просмотр раздела Тайный покупатель
13280,2021-04-17 10:49:30,Информер ВК. Показ
13280,2021-04-17 10:49:48,Информер ВК. Показ
13280,2021-04-17 10:50:07,Информер ВК. Показ
49313,2021-03-03 22:09:26,Включение интернета на 20 минут с IVR
49320,2021-03-02 15:39:20,Гарантированный платеж за деньги
49339,2021-04-05 07:02:58,Включение интернета на 20 минут
7885,2021-04-02 20:15:54,Гарантированный платеж за деньги
7885,2021-04-12 20:45:45,Включение интернета на 20 минут
14850,2021-04-27 13:24:14,Информер ВК. Показ
49348,2021-03-17 15:25:42,Информер ВК. Показ
49348,2021-03-17 15:34:23,Информер ВК. Показ
49366,2021-03-03 10:02:48,Включение интернета на 20 минут
49366,2021-03-03 10:02:53,Информер ВК. Показ
49366,2021-03-03 10:03:24,Гарантированный платеж за деньги
49366,2021-03-06 11:42:24,Включение интернета на 20 минут
49366,2021-03-06 12:02:43,Информер ВК. Показ
49366,2021-03-06 12:04:51,Включение автоматической активации ГП
49366,2021-03-10 20:50:48,Включение интернета на 20 минут
49366,2021-03-15 21:13:09,Включение интернета на 20 минут
49366,2021-03-15 21:13:32,Гарантированный платеж за деньги
49366,2021-03-18 21:22:13,Включение интернета на 20 минут
49366,2021-03-26 20:54:13,Информер ВК. Показ
49366,2021-03-26 20:54:23,Включение автоматической активации ГП
49366,2021-03-29 21:37:10,Включение интернета на 20 минут
49366,2021-03-30 11:04:25,Включение автоматической активации ГП
49366,2021-04-02 21:53:13,Включение интернета на 20 минут
49366,2021-04-05 22:03:40,Включение интернета на 20 минут
49366,2021-04-05 22:03:42,Информер ВК. Показ
49366,2021-04-05 22:03:54,Гарантированный платеж за деньги
49366,2021-04-14 22:31:11,Включение интернета на 20 минут
49366,2021-04-14 22:31:17,Информер ВК. Показ
49366,2021-04-14 22:31:29,Гарантированный платеж за деньги
49366,2021-04-17 22:43:01,Включение интернета на 20 минут
49366,2021-04-21 22:51:22,Включение интернета на 20 минут
49366,2021-04-21 22:51:38,Гарантированный платеж за деньги
49366,2021-04-27 00:12:56,Включение интернета на 20 минут
49366,2021-04-27 00:13:01,Информер ВК. Показ
49366,2021-04-27 00:13:27,Гарантированный платеж за деньги
49372,2021-03-22 20:11:50,Включение интернета на 20 минут
49372,2021-03-22 23:16:59,Гарантированный платеж за деньги
49372,2021-04-26 23:44:57,Гарантированный платеж за деньги
49377,2021-04-10 08:29:29,Включение интернета на 20 минут
49378,2021-03-04 16:04:17,Информер ВК. Показ
49378,2021-03-04 16:04:44,Информер ВК. Показ
49378,2021-03-04 16:07:08,Просмотр раздела Тайный покупатель
49378,2021-03-22 21:38:27,Информер ВК. Показ
38618,2021-03-09 17:53:39,Получение подарка в ЛК: 1 месяц бесплатного просмотра IPTV
38618,2021-03-09 17:53:46,Получение подарка в ЛК: сутки интернета на максимальной скорости
38618,2021-03-09 17:53:54,Информер ВК. Показ
38618,2021-03-19 09:04:41,Информер ВК. Показ
38618,2021-03-23 20:08:57,Информер ВК. Показ
49385,2021-03-03 22:43:54,Информер ВК. Показ
49385,2021-03-06 06:27:38,Информер ВК. Показ
49385,2021-03-25 23:22:20,Информер ВК. Показ
49385,2021-04-03 23:15:30,Информер ВК. Показ
49385,2021-04-06 22:31:43,Информер ВК. Показ
49386,2021-03-08 00:19:55,Включение интернета на 20 минут
49389,2021-03-02 22:43:16,Гарантированный платеж за деньги
49389,2021-03-05 22:49:42,Гарантированный платеж за деньги
49389,2021-03-15 18:03:34,Турбокнопка бесплатно
49389,2021-03-17 19:19:37,Турбокнопка бесплатно
49389,2021-03-19 18:33:40,Информер ВК. Показ
49389,2021-03-19 18:34:38,Гарантированный платеж за деньги
49389,2021-03-30 18:49:29,Просмотр раздела Тайный покупатель
49389,2021-03-30 18:50:18,Информер ВК. Показ
49389,2021-03-30 18:50:45,Гарантированный платеж за деньги
49389,2021-03-31 18:26:48,Информер ВК. Показ
49389,2021-04-02 22:03:21,Гарантированный платеж за деньги
49389,2021-04-06 16:06:31,Гарантированный платеж за деньги
49389,2021-04-10 11:42:08,Гарантированный платеж за деньги
49389,2021-04-13 17:40:16,Гарантированный платеж за деньги
49389,2021-04-16 19:05:47,Гарантированный платеж за деньги
49389,2021-04-19 19:17:59,Информер ВК. Показ
49389,2021-04-19 20:02:03,Гарантированный платеж за деньги
49389,2021-04-25 20:24:47,Гарантированный платеж за деньги
49389,2021-04-28 21:53:06,Гарантированный платеж за деньги
49401,2021-03-16 18:18:29,Информер ВК. Показ
49401,2021-04-22 21:40:48,Информер ВК. Показ
49418,2021-04-13 21:19:45,Гарантированный платеж за деньги
49440,2021-03-05 20:44:18,Гарантированный платеж за деньги
49440,2021-03-10 21:18:04,Гарантированный платеж за деньги
49440,2021-03-16 07:26:27,Гарантированный платеж за деньги
49440,2021-03-19 09:37:59,Включение интернета на 20 минут
49440,2021-03-19 09:38:00,Включение интернета на 20 минут
49440,2021-03-20 10:04:57,Гарантированный платеж за деньги
49440,2021-03-23 14:10:06,Включение интернета на 20 минут
49440,2021-03-25 16:58:17,Гарантированный платеж за деньги
49440,2021-03-28 18:15:17,Включение интернета на 20 минут
49440,2021-03-30 19:27:43,Гарантированный платеж за деньги
49440,2021-04-02 19:37:56,Включение интернета на 20 минут
49440,2021-04-04 20:12:15,Гарантированный платеж за деньги
49440,2021-04-11 12:23:10,Гарантированный платеж за деньги
49440,2021-04-14 18:49:01,Включение интернета на 20 минут
49440,2021-04-16 21:34:08,Гарантированный платеж за деньги
49440,2021-04-20 17:22:24,Включение интернета на 20 минут
49440,2021-04-21 19:04:30,Включение интернета на 20 минут
49440,2021-04-23 19:12:16,Гарантированный платеж за деньги
49440,2021-04-27 15:59:33,Включение интернета на 20 минут
49440,2021-04-28 17:11:43,Гарантированный платеж за деньги
49441,2021-03-06 23:55:17,Включение интернета на 20 минут
49441,2021-03-06 23:55:18,Включение интернета на 20 минут
49441,2021-03-10 10:07:38,Включение интернета на 20 минут
49441,2021-03-10 10:07:39,Включение интернета на 20 минут
49441,2021-03-24 08:50:59,Включение интернета на 20 минут
49441,2021-03-24 08:51:00,Включение интернета на 20 минут
49444,2021-03-24 21:53:22,Информер ВК. Показ
49444,2021-03-24 21:55:26,Информер ВК. Показ
49444,2021-03-24 21:56:58,Информер ВК. Показ
49444,2021-03-24 22:10:10,Гарантированный платеж за деньги
49444,2021-03-30 23:44:43,Гарантированный платеж за деньги
49461,2021-03-16 17:43:18,Показ информатора об изменении уведомлений через ВК платформу
49461,2021-03-28 21:54:23,Показ информатора об изменении уведомлений через ВК платформу
49461,2021-03-28 21:54:41,Гарантированный платеж за деньги
49461,2021-04-13 20:31:05,Показ информатора об изменении уведомлений через ВК платформу
49471,2021-03-19 20:31:18,Включение интернета на 20 минут
49471,2021-03-26 22:52:06,Включение интернета на 20 минут с IVR
49471,2021-04-09 23:45:55,Включение интернета на 20 минут с IVR
48777,2021-03-31 22:06:08,Информер ВК. Показ
48777,2021-03-31 22:21:12,Информер ВК. Показ
14383,2021-03-26 16:17:26,Гарантированный платеж за деньги
14383,2021-03-29 20:10:44,Включение интернета на 20 минут с IVR
48636,2021-03-26 23:12:02,Информер ВК. Показ
48636,2021-03-27 20:45:18,Информер ВК. Показ
48636,2021-03-28 19:48:46,Информер ВК. Показ
48636,2021-04-28 23:30:48,Информер ВК. Показ
48636,2021-04-28 23:33:04,Информер ВК. Показ
48636,2021-04-29 18:31:15,Информер ВК. Показ
13166,2021-04-04 04:41:44,Включение интернета на 20 минут
49495,2021-03-18 06:44:38,Информер ВК. Показ
49495,2021-03-18 06:45:08,Информер ВК. Закрытие
49496,2021-03-08 22:35:48,Информер ВК. Показ
49496,2021-04-04 12:28:55,Информер ВК. Показ
49496,2021-04-09 11:40:34,Информер ВК. Показ
49505,2021-04-11 10:35:52,Информер ВК. Показ
49505,2021-04-11 10:38:22,Информер ВК. Показ
49505,2021-04-11 10:38:41,Информер ВК. Показ
49509,2021-04-25 09:35:11,Информер ВК. Показ
49509,2021-04-25 19:58:54,Информер ВК. Показ
49509,2021-04-25 20:13:26,Информер ВК. Показ
49519,2021-03-24 20:21:50,Информер ВК. Показ
49519,2021-04-21 07:53:13,Включение интернета на 20 минут
49523,2021-03-06 08:22:02,Включение интернета на 20 минут с IVR
49523,2021-03-06 08:23:09,Гарантированный платеж за деньги
49523,2021-03-13 09:23:37,Включение интернета на 20 минут
49523,2021-03-13 09:23:42,Информер ВК. Показ
49523,2021-03-13 09:23:54,Гарантированный платеж за деньги
49523,2021-03-20 12:09:20,Включение интернета на 20 минут с IVR
49529,2021-03-29 04:36:00,Информер ВК. Показ
49529,2021-03-31 18:17:31,Информер ВК. Показ
49529,2021-04-02 17:50:13,Информер ВК. Показ
49534,2021-03-06 10:46:30,Гарантированный платеж за деньги
49534,2021-03-09 16:35:20,Гарантированный платеж за деньги
49534,2021-03-15 20:34:51,Гарантированный платеж за деньги
49534,2021-03-18 22:01:34,Включение интернета на 20 минут
49534,2021-03-18 22:10:32,Без границ бесплатно. Включение
49534,2021-03-18 22:21:40,Без границ бесплатно. Отключение
49534,2021-03-18 22:22:00,Без границ платно. Включение
49534,2021-03-18 22:22:18,Без границ платно. Отключение
49534,2021-03-18 22:22:31,Без границ бесплатно. Включение
49534,2021-03-18 22:22:49,Информер ВК. Показ
49534,2021-03-18 22:23:52,Гарантированный платеж за деньги
49534,2021-04-12 06:19:11,Гарантированный платеж за деньги
49534,2021-04-18 11:13:02,Гарантированный платеж за деньги
49536,2021-03-02 18:40:11,Информер ВК. Показ
49536,2021-03-02 18:41:18,Информер ВК. Показ
49536,2021-03-02 19:06:05,Информер ВК. Показ
49536,2021-03-05 23:35:16,Получение подарка в ЛК: сутки интернета на максимальной скорости
49536,2021-03-05 23:35:23,Получение подарка в ЛК: 1 месяц бесплатного просмотра IPTV
49540,2021-03-09 17:48:46,Информер ВК. Показ
49540,2021-04-11 13:15:35,Информер ВК. Показ
49548,2021-04-01 08:00:03,Информер ВК. Показ
49548,2021-04-01 08:00:18,Гарантированный платеж за деньги
49548,2021-04-02 18:21:48,Информер ВК. Показ
49548,2021-04-13 18:20:12,Информер ВК. Показ
49550,2021-03-05 13:18:53,Гарантированный платеж за деньги
49550,2021-04-02 17:29:07,Гарантированный платеж за деньги
49550,2021-04-05 22:01:06,Гарантированный платеж за деньги
49550,2021-04-09 13:13:41,Включение интернета на 20 минут
49550,2021-04-13 20:08:33,Гарантированный платеж за деньги
49550,2021-04-18 16:27:58,Информер ВК. Показ
49550,2021-04-19 13:47:30,Включение интернета на 20 минут
11299,2021-03-04 15:53:07,Информер ВК. Показ
11299,2021-03-04 15:55:35,Информер ВК. Показ
8458,2021-03-08 13:47:04,Информер ВК. Показ
8458,2021-03-08 14:15:56,Информер ВК. Показ
8458,2021-04-15 19:06:00,Информер ВК. Показ
8458,2021-04-28 14:21:36,Информер ВК. Показ
28086,2021-04-16 22:25:52,Просмотр раздела Тайный покупатель
28086,2021-04-17 16:02:24,Включение интернета на 20 минут
28705,2021-03-19 17:13:49,Информер ВК. Показ
49560,2021-03-06 13:01:21,Включение интернета на 20 минут
13912,2021-03-07 20:17:01,Информер ВК. Показ
13912,2021-03-07 20:17:08,Включение интернета на 20 минут
13912,2021-03-08 19:37:42,Информер ВК. Показ
13912,2021-03-09 20:17:31,Информер ВК. Показ
13912,2021-03-09 20:17:42,Включение интернета на 20 минут
13912,2021-03-21 11:12:41,Включение интернета на 20 минут
13912,2021-03-27 18:58:05,Включение интернета на 20 минут
13912,2021-04-01 18:12:34,Включение интернета на 20 минут
13912,2021-04-03 21:19:04,Включение интернета на 20 минут
13912,2021-04-05 12:47:00,Включение интернета на 20 минут
13912,2021-04-11 21:02:51,Информер ВК. Показ
13912,2021-04-11 21:02:57,Включение интернета на 20 минут
13912,2021-04-17 11:04:16,Информер ВК. Показ
13912,2021-04-17 11:04:24,Включение интернета на 20 минут
13912,2021-04-17 11:09:15,Информер ВК. Показ
13912,2021-04-28 18:56:21,Включение интернета на 20 минут
49564,2021-03-08 09:23:38,Информер ВК. Показ
49564,2021-03-24 12:02:15,Информер ВК. Показ
49564,2021-04-03 10:32:56,Информер ВК. Показ
49573,2021-03-10 22:20:21,Информер ВК. Показ
49573,2021-03-15 21:39:04,Информер ВК. Показ
49573,2021-03-21 17:56:50,Гарантированный платеж за деньги
49573,2021-04-22 18:24:01,Включение интернета на 20 минут
49573,2021-04-22 18:24:02,Включение интернета на 20 минут
49583,2021-03-21 00:31:09,Информер ВК. Показ
49583,2021-03-21 00:33:55,Информер ВК. Показ
49587,2021-03-27 11:02:40,Гарантированный платеж за деньги
49587,2021-03-30 11:22:13,Включение интернета на 20 минут
49587,2021-04-11 23:32:26,Информер ВК. Показ
49589,2021-03-05 14:05:28,Информер ВК. Показ
49593,2021-03-21 18:35:22,Информер ВК. Показ
49593,2021-04-03 00:14:11,Информер ВК. Показ
49593,2021-04-03 00:14:21,Информер ВК. Показ
49593,2021-04-03 19:07:34,Получение подарка в ЛК: 1 месяц бесплатного просмотра IPTV
49593,2021-04-03 19:07:42,Получение подарка в ЛК: сутки интернета на максимальной скорости
49593,2021-04-27 19:05:07,Информер ВК. Показ
49596,2021-03-04 03:14:13,Информер ВК. Показ
49596,2021-03-10 09:17:48,Информер ВК. Показ
49596,2021-03-21 08:38:17,Гарантированный платеж за деньги
49596,2021-03-30 18:26:04,Информер ВК. Показ
49596,2021-04-07 21:31:40,Информер ВК. Показ
49596,2021-04-17 21:39:40,Информер ВК. Показ
49596,2021-04-23 19:44:42,Гарантированный платеж за деньги
49600,2021-03-27 21:08:27,Включение интернета на 20 минут
49601,2021-03-18 22:24:10,Показ информатора об изменении уведомлений через ВК платформу
49601,2021-04-01 23:06:13,Включение интернета на 20 минут
49601,2021-04-17 00:46:35,Включение интернета на 20 минут
49601,2021-04-17 01:17:05,Показ информатора об изменении уведомлений через ВК платформу
49601,2021-04-17 01:19:50,Показ информатора об изменении уведомлений через ВК платформу
49602,2021-04-22 02:21:52,Гарантированный платеж за деньги
49602,2021-04-26 15:21:02,Гарантированный платеж за деньги
49603,2021-03-02 13:24:42,Включение интернета на 20 минут
49605,2021-04-03 19:28:15,Смена пароля
49605,2021-04-03 19:30:22,Информер ВК. Показ
49606,2021-03-02 19:25:27,Информер ВК. Показ
49606,2021-03-02 19:25:57,Гарантированный платеж за деньги
49606,2021-03-17 10:23:03,Информер ВК. Показ
49606,2021-03-17 10:23:31,Гарантированный платеж за деньги
49606,2021-03-22 20:38:17,Информер ВК. Показ
49606,2021-03-22 20:38:25,Включение автоматической активации ГП
49606,2021-03-27 18:53:26,Гарантированный платеж за деньги
49606,2021-03-31 18:25:13,Включение автоматической активации ГП
49606,2021-04-15 19:23:32,Информер ВК. Показ
49606,2021-04-15 19:23:46,Гарантированный платеж за деньги
49606,2021-04-22 16:22:37,Информер ВК. Показ
49606,2021-04-22 16:23:42,Включение интернета на 20 минут
49606,2021-04-26 18:17:42,Информер ВК. Показ
49606,2021-04-29 10:20:01,Включение интернета на 20 минут
49606,2021-04-29 10:21:17,Гарантированный платеж за деньги
49608,2021-03-29 23:34:31,Информер ВК. Показ
49608,2021-03-29 23:35:31,Информер ВК. Показ
49608,2021-04-06 11:04:23,Информер ВК. Показ
49609,2021-03-03 20:33:42,Информер ВК. Показ
49609,2021-03-04 01:05:12,Информер ВК. Показ
49609,2021-03-04 20:56:04,Информер ВК. Показ
49610,2021-03-11 17:04:43,Включение интернета на 20 минут
49610,2021-03-11 17:04:44,Включение интернета на 20 минут
49610,2021-03-29 08:59:51,Включение интернета на 20 минут
49610,2021-03-29 08:59:52,Включение интернета на 20 минут
49610,2021-04-25 14:17:16,Информер ВК. Показ
12060,2021-03-03 22:15:33,Информер ВК. Показ
12060,2021-03-03 22:15:41,Гарантированный платеж за деньги
12060,2021-03-06 23:09:39,Информер ВК. Показ
12060,2021-03-06 23:11:16,Информер ВК. Показ
12060,2021-03-06 23:12:08,Гарантированный платеж за деньги
12060,2021-03-09 23:55:04,Включение интернета на 20 минут
12060,2021-03-10 00:29:29,Гарантированный платеж за деньги
12060,2021-03-13 00:52:29,Гарантированный платеж за деньги
12060,2021-03-16 09:32:34,Включение интернета на 20 минут
12060,2021-04-12 16:55:32,Информер ВК. Показ
12060,2021-04-12 16:55:44,Информер ВК. Показ
12060,2021-04-12 16:56:11,Информер ВК. Показ
12060,2021-04-16 13:38:15,Гарантированный платеж за деньги
12060,2021-04-19 15:05:37,Гарантированный платеж за деньги
12060,2021-04-22 15:35:21,Гарантированный платеж за деньги
12060,2021-04-25 15:41:57,Гарантированный платеж за деньги
12060,2021-04-28 17:29:16,Гарантированный платеж за деньги
12060,2021-04-29 12:07:09,Турбокнопка бесплатно
49614,2021-03-06 11:48:51,Показ информатора об изменении уведомлений через ВК платформу
49614,2021-03-07 17:04:59,Показ информатора об изменении уведомлений через ВК платформу
49614,2021-03-07 17:13:03,Показ информатора об изменении уведомлений через ВК платформу
49614,2021-03-14 19:51:51,Включение интернета на 20 минут
49614,2021-03-14 19:51:52,Включение интернета на 20 минут
49614,2021-03-14 19:53:02,Гарантированный платеж за деньги
49614,2021-03-31 14:08:07,Гарантированный платеж за деньги
49614,2021-04-06 20:13:52,Показ информатора об изменении уведомлений через ВК платформу
49614,2021-04-06 20:14:08,Включение автоматической активации ГП
49614,2021-04-07 19:56:19,Показ информатора об изменении уведомлений через ВК платформу
49614,2021-04-07 19:58:10,Показ информатора об изменении уведомлений через ВК платформу
49614,2021-04-25 23:06:37,Гарантированный платеж за деньги
49618,2021-03-13 21:00:15,Информер ВК. Показ
49618,2021-03-17 23:27:13,Информер ВК. Показ
49618,2021-03-18 00:08:04,Турбокнопка бесплатно
49618,2021-03-20 10:24:05,Информер ВК. Показ
39303,2021-03-11 00:28:59,Информер ВК. Показ
39303,2021-03-12 10:36:10,Включение интернета на 20 минут
39303,2021-04-12 10:54:30,Включение интернета на 20 минут
39303,2021-04-12 10:54:31,Включение интернета на 20 минут
49624,2021-03-02 01:00:56,Информер ВК. Показ
49624,2021-03-10 16:35:40,Информер ВК. Показ
49624,2021-03-25 15:44:03,Информер ВК. Показ
49624,2021-04-02 21:24:17,Информер ВК. Показ
49624,2021-04-10 20:55:36,Информер ВК. Показ
49624,2021-04-20 01:35:40,Гарантированный платеж за деньги
49624,2021-04-25 01:59:43,Гарантированный платеж за деньги
49624,2021-04-27 16:18:06,Информер ВК. Показ
49627,2021-03-24 17:53:51,Информер ВК. Показ
49633,2021-04-29 17:29:29,Информер ВК. Показ
12977,2021-03-04 23:56:16,Гарантированный платеж за деньги
12977,2021-03-07 00:24:20,Гарантированный платеж за деньги
12977,2021-03-13 00:28:01,Гарантированный платеж за деньги
12977,2021-03-16 10:17:28,Гарантированный платеж за деньги
12977,2021-03-19 21:45:37,Информер ВК. Показ
12977,2021-03-19 21:48:23,Информер ВК. Показ
12977,2021-03-22 22:35:23,Информер ВК. Показ
12977,2021-03-22 22:36:10,Гарантированный платеж за деньги
12977,2021-03-26 00:08:54,Гарантированный платеж за деньги
12977,2021-03-30 22:36:54,Гарантированный платеж за деньги
12977,2021-04-07 23:14:41,Гарантированный платеж за деньги
49653,2021-04-01 19:27:17,Включение интернета на 20 минут
49653,2021-04-01 19:27:18,Включение интернета на 20 минут
49653,2021-04-02 06:18:24,Информер ВК. Показ
49653,2021-04-02 20:43:09,Информер ВК. Показ
49653,2021-04-02 20:46:09,Информер ВК. Показ
49658,2021-03-31 23:26:23,Информер ВК. Показ
49658,2021-04-09 22:57:26,Получение подарка в ЛК: 1 месяц бесплатного просмотра IPTV
49658,2021-04-09 22:57:41,Получение подарка в ЛК: сутки интернета на максимальной скорости
49658,2021-04-09 22:58:05,Информер ВК. Показ
49674,2021-03-12 09:12:50,Информер ВК. Показ
49674,2021-04-25 11:56:58,Информер ВК. Показ
49674,2021-04-25 19:06:51,Информер ВК. Показ
49674,2021-04-26 08:24:47,Информер ВК. Показ
49680,2021-03-19 22:44:18,Гарантированный платеж за деньги
49680,2021-03-23 13:00:52,Гарантированный платеж за деньги
49680,2021-03-23 13:01:10,Включение интернета на 20 минут
49680,2021-03-23 13:09:13,Информер ВК. Показ
49680,2021-03-23 13:10:02,Информер ВК. Показ
49680,2021-03-23 18:20:54,Информер ВК. Показ
48684,2021-03-27 09:04:22,Информер ВК. Показ
48684,2021-03-27 09:08:49,Информер ВК. Показ
49686,2021-03-14 00:34:42,Получение подарка в ЛК: 1 месяц бесплатного просмотра IPTV
49686,2021-03-14 00:34:56,Получение подарка в ЛК: сутки интернета на максимальной скорости
49686,2021-03-14 00:35:06,Информер ВК. Показ
49686,2021-03-14 00:35:17,Гарантированный платеж за деньги
49686,2021-03-21 10:41:28,Информер ВК. Показ
49686,2021-03-21 10:41:29,Информер ВК. Показ
49686,2021-03-21 10:42:02,Гарантированный платеж за деньги
49686,2021-03-31 13:02:47,Гарантированный платеж за деньги
49686,2021-04-10 17:21:53,Гарантированный платеж за деньги
49686,2021-04-25 02:09:27,Информер ВК. Показ
49686,2021-04-25 02:09:33,Включение интернета на 20 минут
49686,2021-04-25 02:09:52,Гарантированный платеж за деньги
49686,2021-04-28 02:13:05,Информер ВК. Показ
49686,2021-04-28 02:13:11,Включение интернета на 20 минут
49686,2021-04-28 02:15:06,Информер ВК. Показ
31450,2021-03-23 21:17:45,Включение интернета на 20 минут
31450,2021-04-23 21:32:55,Включение интернета на 20 минут
49692,2021-03-02 18:55:07,Гарантированный платеж за деньги
49696,2021-04-07 12:28:15,Гарантированный платеж за деньги
49703,2021-03-02 00:08:46,Информер ВК. Показ
49703,2021-03-02 00:09:05,Гарантированный платеж за деньги
49703,2021-03-04 23:03:42,Информер ВК. Показ
49703,2021-03-07 10:31:25,Гарантированный платеж за деньги
49703,2021-03-09 15:03:18,Информер ВК. Показ
49703,2021-03-13 22:44:48,Гарантированный платеж за деньги
49703,2021-03-17 22:55:45,Гарантированный платеж за деньги
49703,2021-03-24 09:32:00,Гарантированный платеж за деньги
49703,2021-03-30 21:18:37,Гарантированный платеж за деньги
49703,2021-04-03 11:00:37,Информер ВК. Показ
49703,2021-04-04 18:00:08,Гарантированный платеж за деньги
49703,2021-04-07 15:54:39,Информер ВК. Показ
49703,2021-04-08 23:52:14,Гарантированный платеж за деньги
49703,2021-04-10 23:06:00,Информер ВК. Показ
49703,2021-04-13 12:54:29,Гарантированный платеж за деньги
49703,2021-04-17 19:47:06,Гарантированный платеж за деньги
49710,2021-04-02 09:17:12,Информер ВК. Показ
49716,2021-03-28 13:33:17,Информер ВК. Показ
49716,2021-03-28 13:35:19,Просмотр раздела Тайный покупатель
49726,2021-03-17 14:31:34,Информер ВК. Показ
49726,2021-03-25 15:14:59,Информер ВК. Показ
49726,2021-03-31 18:57:36,Информер ВК. Показ
49726,2021-04-17 18:55:53,Информер ВК. Показ
49729,2021-03-02 09:38:05,Гарантированный платеж за деньги
49729,2021-04-24 20:43:09,Гарантированный платеж за деньги
49730,2021-04-15 23:50:43,Включение интернета на 20 минут
49734,2021-03-06 21:53:41,Информер ВК. Показ
49734,2021-03-07 23:00:50,Информер ВК. Показ
49734,2021-04-02 21:56:17,Информер ВК. Показ
13604,2021-03-12 15:39:03,Информер ВК. Показ
13604,2021-04-07 15:01:46,Информер ВК. Показ
49735,2021-03-12 22:02:03,Информер ВК. Показ
49735,2021-03-31 22:11:16,Включение интернета на 20 минут
49735,2021-03-31 22:11:17,Включение интернета на 20 минут
49735,2021-04-25 11:44:44,Информер ВК. Показ
49735,2021-04-25 11:45:38,Информер ВК. Показ
49735,2021-04-26 15:15:24,Информер ВК. Показ
49736,2021-03-11 17:11:45,Включение интернета на 20 минут
49736,2021-03-20 14:50:40,Включение интернета на 20 минут
49736,2021-03-28 16:53:03,Включение интернета на 20 минут
49736,2021-04-03 13:42:50,Включение интернета на 20 минут
49736,2021-04-25 16:00:19,Информер ВК. Показ
49736,2021-04-25 16:02:17,Информер ВК. Показ
49736,2021-04-25 16:12:21,Информер ВК. Показ
49741,2021-03-31 15:54:42,Информер ВК. Показ
49741,2021-04-19 20:07:19,Информер ВК. Показ
49741,2021-04-24 20:21:28,Информер ВК. Показ
49743,2021-03-07 20:51:35,Информер ВК. Показ
49743,2021-03-25 22:08:40,Информер ВК. Показ
49747,2021-03-04 14:49:12,Включение интернета на 20 минут
49748,2021-03-12 22:50:46,Гарантированный платеж за деньги
49748,2021-03-15 13:56:25,Информер ВК. Показ
49748,2021-03-27 15:42:43,Гарантированный платеж за деньги
49748,2021-04-03 22:29:17,Гарантированный платеж за деньги
49748,2021-04-26 13:40:42,Гарантированный платеж за деньги
49754,2021-03-03 19:23:43,Смена тарифа
49754,2021-03-05 10:11:59,Включение интернета на 20 минут с IVR
49754,2021-03-05 10:19:07,Информер ВК. Показ
49754,2021-03-19 19:21:35,Турбокнопка бесплатно
49754,2021-03-26 10:17:02,Абонент оставил отзыв в Личном кабинете
49754,2021-03-26 10:18:43,Турбокнопка бесплатно
49754,2021-04-02 13:01:01,Информер ВК. Показ
49754,2021-04-04 16:57:14,Информер ВК. Показ
49754,2021-04-12 19:37:15,Информер ВК. Показ
10096,2021-03-02 15:52:44,Информер ВК. Показ
49781,2021-03-23 21:47:22,Информер ВК. Показ
49781,2021-03-27 15:44:52,Информер ВК. Показ
49781,2021-03-27 18:48:14,Включение интернета на 20 минут
49781,2021-03-28 17:24:25,Информер ВК. Показ
49781,2021-04-03 19:20:29,Включение интернета на 20 минут
49781,2021-04-12 19:51:51,Включение интернета на 20 минут
49781,2021-04-12 19:52:31,Гарантированный платеж за деньги
49781,2021-04-25 14:33:26,Информер ВК. Показ
49781,2021-04-25 14:41:42,Включение интернета на 20 минут
49782,2021-03-04 18:22:46,Информер ВК. Показ
49782,2021-03-04 18:27:18,Информер ВК. Показ
49782,2021-04-06 17:32:18,Информер ВК. Показ
49784,2021-03-03 17:06:28,Включение автоматической активации ГП
49784,2021-03-07 03:50:15,Включение интернета на 20 минут
49784,2021-03-08 15:41:47,Турбокнопка бесплатно
49784,2021-03-10 21:40:17,Включение автоматической активации ГП
49784,2021-03-16 16:13:01,Информер ВК. Показ
49784,2021-03-16 16:58:36,Турбокнопка бесплатно
49784,2021-03-17 20:20:32,Информер ВК. Показ
49784,2021-03-17 20:20:38,Включение автоматической активации ГП
49784,2021-03-18 03:51:31,Информер ВК. Показ
49784,2021-03-20 02:38:31,Турбокнопка бесплатно
49784,2021-03-22 01:21:24,Включение автоматической активации ГП
49784,2021-03-25 16:36:03,Включение интернета на 20 минут
49784,2021-03-28 18:27:34,Включение автоматической активации ГП
49784,2021-04-04 15:19:18,Включение автоматической активации ГП
49784,2021-04-08 00:05:51,Включение интернета на 20 минут
49784,2021-04-08 00:34:02,Гарантированный платеж за деньги
49784,2021-04-14 00:42:38,Гарантированный платеж за деньги
49784,2021-04-17 00:11:44,Информер ВК. Показ
49784,2021-04-17 00:11:51,Включение автоматической активации ГП
49784,2021-04-17 12:10:48,Включение автоматической активации ГП
49784,2021-04-18 12:56:45,Информер ВК. Показ
49784,2021-04-20 11:57:58,Информер ВК. Показ
49784,2021-04-20 13:11:19,Включение автоматической активации ГП
49784,2021-04-21 01:05:17,Турбокнопка бесплатно
49784,2021-04-22 00:04:37,Турбокнопка бесплатно
49784,2021-04-22 14:58:31,Бонус-скорость
49784,2021-04-24 01:42:42,Включение интернета на 20 минут
48720,2021-03-29 07:38:57,Информер ВК. Показ
48870,2021-03-13 01:00:30,Информер ВК. Показ
48870,2021-03-13 01:00:38,Гарантированный платеж за деньги
48870,2021-03-21 17:45:18,Информер ВК. Показ
48870,2021-03-21 17:45:22,Включение интернета на 20 минут
48870,2021-03-24 19:36:56,Информер ВК. Показ
48870,2021-03-24 19:37:05,Гарантированный платеж за деньги
48870,2021-04-10 01:41:46,Гарантированный платеж за деньги
48870,2021-04-27 23:26:41,Информер ВК. Показ
48870,2021-04-27 23:32:10,Информер ВК. Показ
48870,2021-04-27 23:32:22,Гарантированный платеж за деньги
48732,2021-04-04 09:56:32,Информер ВК. Показ
48732,2021-04-04 09:57:05,Информер ВК. Показ
48732,2021-04-04 09:57:37,Смена пароля
48732,2021-04-04 09:57:48,Смена пароля
48732,2021-04-04 09:57:50,Информер ВК. Показ
49801,2021-03-04 00:21:51,Гарантированный платеж за деньги
49801,2021-03-07 13:07:20,Гарантированный платеж за деньги
49801,2021-03-21 11:02:23,Получение подарка в ЛК: 1 месяц бесплатного просмотра IPTV
49801,2021-03-21 11:02:36,Получение подарка в ЛК: сутки интернета на максимальной скорости
49801,2021-03-21 11:03:18,Информер ВК. Показ
49801,2021-03-21 11:03:31,Гарантированный платеж за деньги
49801,2021-03-25 21:47:46,Гарантированный платеж за деньги
49801,2021-03-29 22:32:21,Гарантированный платеж за деньги
49801,2021-04-16 00:10:25,Включение интернета на 20 минут
49801,2021-04-16 00:10:42,Информер ВК. Показ
49801,2021-04-16 00:10:54,Гарантированный платеж за деньги
49806,2021-03-10 12:48:32,Информер ВК. Показ
49806,2021-04-09 20:04:16,Информер ВК. Показ
49808,2021-03-26 14:12:28,Информер ВК. Показ
49808,2021-03-28 16:11:47,Информер ВК. Показ
49808,2021-03-31 07:01:07,Информер ВК. Показ
49818,2021-03-18 16:53:05,Включение интернета на 20 минут
48766,2021-03-01 19:55:50,Информер ВК. Показ
48766,2021-03-17 17:41:22,Информер ВК. Показ
48766,2021-03-23 08:57:36,Информер ВК. Показ
48766,2021-04-04 20:49:41,Информер ВК. Показ
39392,2021-03-08 07:23:10,Информер ВК. Показ
39392,2021-03-21 18:10:18,Информер ВК. Показ
39392,2021-03-21 18:10:45,Информер ВК. Показ
39392,2021-03-30 17:31:40,Абонент оставил отзыв в Личном кабинете
39392,2021-04-10 12:19:02,Информер ВК. Показ
39392,2021-04-26 21:17:22,Информер ВК. Показ
39392,2021-04-28 09:53:59,Информер ВК. Показ
33137,2021-04-18 10:05:24,Включение интернета на 20 минут с IVR
49824,2021-03-20 15:42:32,Информер ВК. Показ
49824,2021-03-20 16:24:30,Просмотр раздела Тайный покупатель
49824,2021-03-20 16:25:41,Становление участником бонусной программы
49824,2021-03-22 12:13:46,Тайный покупатель. Отправлена анкета
49824,2021-03-25 10:47:02,Информер ВК. Показ
40432,2021-03-08 08:44:56,Информер ВК. Показ
40432,2021-03-21 17:56:44,Информер ВК. Показ
40432,2021-03-26 10:21:22,Информер ВК. Показ
40432,2021-04-09 17:33:26,Информер ВК. Показ
40432,2021-04-23 12:58:31,Информер ВК. Показ
40432,2021-04-27 16:44:29,Информер ВК. Показ
49835,2021-03-16 22:02:55,Информер ВК. Показ
49835,2021-03-16 22:03:37,Информер ВК. Показ
49835,2021-03-16 22:03:57,Информер ВК. Показ
49835,2021-03-16 22:05:58,Включение интернета на 20 минут
49835,2021-04-17 11:31:51,Информер ВК. Показ
49835,2021-04-17 11:33:20,Включение интернета на 20 минут
49837,2021-03-15 15:19:09,Включение интернета на 20 минут
49837,2021-03-15 15:19:10,Включение интернета на 20 минут
49837,2021-04-14 19:12:37,Включение интернета на 20 минут с IVR
49838,2021-03-15 00:37:21,Информер ВК. Показ
49838,2021-03-15 00:37:26,Информер ВК. Показ
49838,2021-03-15 00:37:50,Информер ВК. Показ
49838,2021-03-15 20:13:13,Гарантированный платеж за деньги
49843,2021-04-28 16:29:36,Гарантированный платеж за деньги
49845,2021-03-26 21:15:09,Гарантированный платеж за деньги
49845,2021-03-26 21:21:07,Информер ВК. Показ
49845,2021-03-26 21:23:56,Информер ВК. Показ
49845,2021-03-26 21:24:55,Информер ВК. Показ
49846,2021-03-01 09:39:48,Получение подарка в ЛК: 1 месяц бесплатного просмотра IPTV
49846,2021-03-01 09:40:06,Получение подарка в ЛК: сутки интернета на максимальной скорости
49846,2021-03-01 09:40:38,Информер ВК. Показ
49846,2021-03-01 09:41:03,Информер ВК. Показ
49846,2021-03-01 09:41:52,Информер ВК. Показ
49850,2021-03-11 19:44:36,Информер ВК. Показ
49850,2021-03-28 21:57:56,Информер ВК. Показ
49850,2021-04-25 10:40:05,Информер ВК. Показ
49850,2021-04-25 10:40:09,Информер ВК. Показ
49851,2021-03-29 18:35:10,Информер ВК. Показ
28483,2021-03-26 22:16:12,Информер ВК. Показ
28483,2021-03-26 22:16:39,Турбокнопка платно (1 час)
49859,2021-03-04 09:03:33,Информер ВК. Показ
49859,2021-03-04 09:03:34,Информер ВК. Показ
49859,2021-03-07 14:36:15,Информер ВК. Показ
49859,2021-04-07 10:54:44,Включение интернета на 20 минут
49859,2021-04-07 10:55:47,Информер ВК. Показ
49859,2021-04-26 08:33:09,Информер ВК. Показ
49861,2021-03-05 08:11:56,Информер ВК. Показ
49861,2021-03-05 15:45:31,Информер ВК. Показ
49861,2021-04-06 17:39:58,Информер ВК. Показ
49861,2021-04-09 21:07:47,Информер ВК. Показ
49861,2021-04-10 18:23:55,Информер ВК. Показ
49867,2021-03-03 15:00:36,Включение интернета на 20 минут
49867,2021-03-03 15:01:36,Информер ВК. Показ
49867,2021-03-09 22:51:28,Информер ВК. Показ
49867,2021-03-21 22:38:57,Информер ВК. Показ
49867,2021-03-24 21:43:35,Включение интернета на 20 минут
49867,2021-03-25 21:55:30,Включение интернета на 20 минут
49867,2021-03-28 10:11:44,Включение интернета на 20 минут
49867,2021-04-07 18:54:30,Включение интернета на 20 минут
49867,2021-04-16 20:35:18,Включение интернета на 20 минут
49874,2021-04-02 22:55:05,Включение интернета на 20 минут
49874,2021-04-12 09:34:26,Получение подарка в ЛК: 1 месяц бесплатного просмотра IPTV
49874,2021-04-12 09:34:32,Получение подарка в ЛК: сутки интернета на максимальной скорости
49874,2021-04-12 09:34:37,Информер ВК. Показ
49874,2021-04-12 09:35:13,Просмотр раздела Тайный покупатель
49874,2021-04-12 09:35:25,Информер ВК. Показ
49874,2021-04-12 09:38:38,Информер ВК. Показ
48842,2021-03-02 16:41:56,Информер ВК. Показ
48842,2021-04-03 18:01:24,Информер ВК. Показ
48842,2021-04-03 18:01:31,Включение интернета на 20 минут
48842,2021-04-03 18:03:46,Информер ВК. Показ
49879,2021-04-13 09:54:44,Включение интернета на 20 минут
49879,2021-04-13 09:54:51,Информер ВК. Показ
49879,2021-04-13 10:01:25,Информер ВК. Показ
49879,2021-04-13 10:01:30,Информер ВК. Показ
49879,2021-04-17 22:47:08,Просмотр раздела Тайный покупатель
49890,2021-03-04 14:08:20,Включение интернета на 20 минут
49890,2021-04-29 13:59:51,Включение интернета на 20 минут
49893,2021-03-27 21:22:09,Информер ВК. Показ
37366,2021-03-03 18:58:45,Включение интернета на 20 минут
37366,2021-03-03 19:20:45,Гарантированный платеж за деньги
37366,2021-03-06 20:03:49,Включение интернета на 20 минут
37366,2021-03-06 20:25:18,Гарантированный платеж за деньги
37366,2021-03-09 21:13:44,Гарантированный платеж за деньги
37366,2021-03-12 21:27:13,Включение интернета на 20 минут
37366,2021-03-12 21:28:21,Информер ВК. Показ
37366,2021-03-12 21:49:15,Гарантированный платеж за деньги
37366,2021-03-15 22:12:22,Гарантированный платеж за деньги
37366,2021-03-22 14:32:33,Включение интернета на 20 минут
37366,2021-03-22 15:33:00,Гарантированный платеж за деньги
37366,2021-03-25 15:48:10,Гарантированный платеж за деньги
37366,2021-03-28 18:58:10,Гарантированный платеж за деньги
37366,2021-04-03 14:14:27,Гарантированный платеж за деньги
37366,2021-04-06 14:22:25,Гарантированный платеж за деньги
37366,2021-04-09 14:45:42,Гарантированный платеж за деньги
37366,2021-04-12 14:52:00,Включение интернета на 20 минут
37366,2021-04-12 16:27:12,Гарантированный платеж за деньги
37366,2021-04-15 16:47:18,Гарантированный платеж за деньги
37366,2021-04-19 15:01:13,Гарантированный платеж за деньги
37366,2021-04-22 15:22:09,Гарантированный платеж за деньги
37366,2021-04-25 16:35:36,Включение интернета на 20 минут
37366,2021-04-25 17:40:04,Информер ВК. Показ
37366,2021-04-25 17:42:08,Гарантированный платеж за деньги
37366,2021-04-28 17:56:59,Включение интернета на 20 минут
37366,2021-04-28 18:21:36,Гарантированный платеж за деньги
49908,2021-03-13 17:33:58,Информер ВК. Показ
49908,2021-03-13 17:35:25,Информер ВК. Показ
49908,2021-03-13 17:36:43,Информер ВК. Показ
49908,2021-04-18 01:04:22,Информер ВК. Показ
49919,2021-04-18 12:42:24,Информер ВК. Показ
49919,2021-04-18 12:43:38,Информер ВК. Показ
49919,2021-04-23 01:03:29,Информер ВК. Показ
49920,2021-03-27 11:21:00,Включение интернета на 20 минут
49920,2021-03-27 11:21:16,Информер ВК. Показ
49920,2021-03-27 11:22:27,Информер ВК. Показ
49920,2021-04-21 19:48:08,Информер ВК. Показ
49920,2021-04-27 19:54:36,Информер ВК. Показ
49920,2021-04-27 19:54:47,Гарантированный платеж за деньги
49920,2021-04-29 23:22:46,Информер ВК. Показ
49923,2021-03-01 21:52:31,Гарантированный платеж за деньги
49923,2021-03-07 00:37:26,Гарантированный платеж за деньги
49923,2021-03-17 17:36:57,Гарантированный платеж за деньги
49923,2021-03-26 21:10:12,Гарантированный платеж за деньги
49923,2021-03-31 21:25:32,Гарантированный платеж за деньги
49923,2021-04-05 21:33:11,Гарантированный платеж за деньги
49923,2021-04-11 13:06:41,Гарантированный платеж за деньги
49923,2021-04-19 14:25:27,Гарантированный платеж за деньги
49923,2021-04-22 20:56:49,Включение интернета на 20 минут
49923,2021-04-28 16:35:57,Включение интернета на 20 минут
49923,2021-04-28 16:35:58,Включение интернета на 20 минут
49928,2021-03-02 19:24:53,Информер ВК. Показ
49928,2021-03-02 19:26:59,Информер ВК. Показ
49928,2021-04-05 12:36:45,Информер ВК. Показ
49928,2021-04-09 13:39:14,Информер ВК. Показ
49928,2021-04-29 19:11:20,Информер ВК. Показ
49932,2021-03-13 22:42:08,Информер ВК. Показ
10326,2021-03-08 12:07:25,Информер ВК. Показ
10326,2021-03-09 18:27:03,Информер ВК. Показ
10326,2021-03-16 14:14:00,Информер ВК. Показ
10326,2021-04-25 20:21:19,Информер ВК. Показ
10326,2021-04-28 20:04:39,Информер ВК. Показ
10326,2021-04-28 21:20:57,Информер ВК. Показ
49953,2021-03-22 21:36:50,Гарантированный платеж за деньги
49953,2021-04-03 22:19:05,Гарантированный платеж за деньги
49957,2021-03-08 00:50:11,Информер ВК. Показ
49957,2021-03-10 10:57:42,Принято заявление и доп. соглашение по переезду
49957,2021-03-10 10:57:44,Информер ВК. Показ
49957,2021-03-10 11:06:55,Информер ВК. Показ
49957,2021-03-10 11:19:17,Абонент оставил отзыв в Личном кабинете
49957,2021-04-28 00:29:16,Информер ВК. Показ
49968,2021-03-01 09:36:49,Включение интернета на 20 минут
49968,2021-03-02 10:34:31,Включение интернета на 20 минут
49968,2021-03-03 12:28:10,Включение интернета на 20 минут
49968,2021-03-06 15:45:06,Включение интернета на 20 минут
49968,2021-03-07 15:52:49,Включение интернета на 20 минут
49968,2021-03-09 16:15:39,Включение интернета на 20 минут
49968,2021-03-10 16:29:53,Включение интернета на 20 минут
49968,2021-03-11 17:32:50,Включение интернета на 20 минут
49968,2021-03-13 17:32:12,Информер ВК. Показ
49968,2021-03-14 10:38:44,Информер ВК. Показ
49968,2021-03-15 14:41:29,Информер ВК. Показ
49968,2021-03-15 18:36:57,Включение интернета на 20 минут
49968,2021-03-17 20:51:40,Включение интернета на 20 минут
49968,2021-03-18 21:03:32,Включение интернета на 20 минут
49968,2021-03-19 21:11:35,Включение интернета на 20 минут
49968,2021-03-20 21:30:09,Включение интернета на 20 минут
49968,2021-03-21 22:06:42,Включение интернета на 20 минут
49968,2021-03-22 22:58:07,Включение интернета на 20 минут
49968,2021-03-24 14:17:34,Включение интернета на 20 минут
49968,2021-03-25 18:42:47,Включение интернета на 20 минут
49968,2021-03-26 19:26:20,Включение интернета на 20 минут
49968,2021-03-27 19:54:06,Включение интернета на 20 минут
49968,2021-03-28 19:56:23,Включение интернета на 20 минут
49968,2021-03-29 20:47:13,Включение интернета на 20 минут
49968,2021-03-31 21:27:00,Включение интернета на 20 минут
49968,2021-04-02 22:44:10,Включение интернета на 20 минут
49968,2021-04-04 11:17:53,Включение интернета на 20 минут
49968,2021-04-05 18:58:50,Включение интернета на 20 минут
49968,2021-04-07 19:33:19,Включение интернета на 20 минут
49968,2021-04-10 20:57:23,Включение интернета на 20 минут
49968,2021-04-11 21:32:57,Включение интернета на 20 минут
49968,2021-04-12 21:41:15,Включение интернета на 20 минут
49968,2021-04-13 21:23:19,Информер ВК. Показ
49968,2021-04-13 22:02:19,Включение интернета на 20 минут
49968,2021-04-14 21:27:52,Информер ВК. Показ
49968,2021-04-14 22:14:07,Включение интернета на 20 минут
49968,2021-04-15 22:10:58,Информер ВК. Показ
49968,2021-04-16 22:36:21,Включение интернета на 20 минут
49968,2021-04-19 16:23:32,Включение интернета на 20 минут
49968,2021-04-20 18:07:58,Включение интернета на 20 минут
49968,2021-04-21 21:04:39,Включение интернета на 20 минут
49968,2021-04-22 22:00:00,Включение интернета на 20 минут
49968,2021-04-24 12:35:06,Включение интернета на 20 минут
49968,2021-04-25 16:41:57,Включение интернета на 20 минут
49968,2021-04-26 16:51:17,Включение интернета на 20 минут
49968,2021-04-27 20:51:03,Включение интернета на 20 минут
49968,2021-04-28 21:58:35,Включение интернета на 20 минут
49976,2021-03-05 09:46:39,Информер ВК. Показ
49976,2021-03-09 16:46:19,Информер ВК. Показ
49976,2021-03-25 20:43:03,Информер ВК. Показ
49976,2021-04-07 20:55:51,Информер ВК. Показ
49976,2021-04-11 16:05:06,Информер ВК. Показ
49976,2021-04-11 19:25:16,Гарантированный платеж за деньги
49976,2021-04-13 18:03:23,Абонент оставил отзыв в Личном кабинете
49987,2021-03-15 07:51:23,Информер ВК. Показ
49987,2021-03-15 07:57:15,Гарантированный платеж за деньги
49987,2021-03-18 12:41:57,Информер ВК. Показ
49987,2021-03-18 12:42:46,Включение интернета на 20 минут
49998,2021-03-08 19:52:30,Включение интернета на 20 минут с IVR
49998,2021-03-12 19:32:16,Информер ВК. Показ
49998,2021-03-12 19:35:27,Информер ВК. Показ
49998,2021-03-12 19:43:05,Информер ВК. Показ
49999,2021-03-12 14:58:12,Информер ВК. Показ
49999,2021-03-12 17:18:05,Информер ВК. Показ
49999,2021-03-12 17:21:19,Информер ВК. Показ
49999,2021-04-12 18:35:38,Включение интернета на 20 минут
49999,2021-04-12 18:38:39,Информер ВК. Показ
50000,2021-03-19 14:11:39,Информер ВК. Показ
50000,2021-03-19 14:11:41,Информер ВК. Показ
50000,2021-03-19 14:13:52,Информер ВК. Показ
50000,2021-03-19 14:14:06,Просмотр раздела Тайный покупатель
50000,2021-03-19 14:14:55,Становление участником бонусной программы
50000,2021-03-19 14:17:44,Смена тарифа
50000,2021-03-20 16:45:38,Включение интернета на 20 минут
50000,2021-03-23 16:46:28,Включение интернета на 20 минут
50000,2021-04-23 17:47:09,Информер ВК. Показ
50000,2021-04-23 17:47:36,Информер ВК. Показ
50000,2021-04-23 17:47:39,Информер ВК. Показ
10312,2021-04-16 20:02:34,Включение интернета на 20 минут с IVR
10312,2021-04-24 15:28:53,Включение интернета на 20 минут с IVR
50008,2021-03-07 10:59:26,Информер ВК. Показ
50008,2021-03-07 10:59:34,Гарантированный платеж за деньги
50008,2021-03-10 22:14:07,Информер ВК. Показ
50008,2021-03-21 15:28:22,Информер ВК. Показ
50008,2021-04-05 15:34:37,Включение интернета на 20 минут
50008,2021-04-05 15:35:00,Гарантированный платеж за деньги
50008,2021-04-11 20:06:02,Информер ВК. Показ
50008,2021-04-18 19:12:51,Информер ВК. Показ
50008,2021-04-21 21:41:01,Информер ВК. Показ
50008,2021-04-25 17:05:38,Гарантированный платеж за деньги
50009,2021-04-04 18:22:44,Включение интернета на 20 минут
50009,2021-04-04 18:24:56,Информер ВК. Показ
50009,2021-04-04 18:25:43,Гарантированный платеж за деньги
50009,2021-04-22 16:46:34,Включение интернета на 20 минут
50009,2021-04-22 16:47:22,Информер ВК. Показ
50009,2021-04-22 16:47:26,Информер ВК. Показ
50009,2021-04-22 16:48:15,Гарантированный платеж за деньги
50009,2021-04-25 22:53:20,Включение интернета на 20 минут
50009,2021-04-25 22:59:22,Гарантированный платеж за деньги
50009,2021-04-29 16:37:24,Включение интернета на 20 минут
50009,2021-04-29 16:39:14,Гарантированный платеж за деньги
50018,2021-03-07 18:40:14,Информер ВК. Показ
50018,2021-03-12 18:28:28,Информер ВК. Показ
50018,2021-03-12 18:28:48,Информер ВК. Показ
11652,2021-03-04 09:38:29,Информер ВК. Показ
11652,2021-03-04 09:38:42,Включение интернета на 20 минут
11652,2021-03-04 10:18:46,Информер ВК. Показ
11652,2021-03-04 10:19:00,Гарантированный платеж за деньги
11652,2021-03-07 13:22:07,Информер ВК. Показ
11652,2021-03-07 13:22:37,Включение интернета на 20 минут
11652,2021-03-07 13:28:11,Гарантированный платеж за деньги
11652,2021-03-10 13:43:10,Включение интернета на 20 минут
11652,2021-03-10 15:53:20,Гарантированный платеж за деньги
11652,2021-03-13 19:48:50,Гарантированный платеж за деньги
11652,2021-03-17 01:29:14,Гарантированный платеж за деньги
11652,2021-03-20 02:30:35,Гарантированный платеж за деньги
11652,2021-03-23 05:04:09,Включение интернета на 20 минут
11652,2021-03-23 05:04:55,Гарантированный платеж за деньги
11652,2021-03-26 19:47:49,Включение интернета на 20 минут
11652,2021-03-26 19:59:59,Гарантированный платеж за деньги
11652,2021-03-29 20:44:30,Гарантированный платеж за деньги
11652,2021-04-03 15:04:30,Гарантированный платеж за деньги
11652,2021-04-06 12:56:59,Информер ВК. Показ
11652,2021-04-06 16:30:04,Информер ВК. Показ
11652,2021-04-06 16:30:41,Гарантированный платеж за деньги
11652,2021-04-10 12:54:38,Информер ВК. Показ
11652,2021-04-10 13:11:41,Гарантированный платеж за деньги
11652,2021-04-13 14:50:31,Гарантированный платеж за деньги
11652,2021-04-16 16:12:54,Включение интернета на 20 минут
11652,2021-04-16 16:19:41,Гарантированный платеж за деньги
50032,2021-03-28 21:00:39,Информер ВК. Показ
50032,2021-03-28 21:00:40,Информер ВК. Показ
50032,2021-04-28 21:15:07,Информер ВК. Показ
50032,2021-04-28 21:15:48,Гарантированный платеж за деньги
48865,2021-03-13 20:14:48,Информер ВК. Показ
50036,2021-03-29 17:11:28,Информер ВК. Показ
50036,2021-03-29 17:12:00,Включение интернета на 20 минут
50036,2021-04-27 11:41:45,Информер ВК. Показ
50036,2021-04-27 11:42:44,Информер ВК. Показ
50042,2021-03-08 22:29:40,Включение интернета на 20 минут
50042,2021-04-09 13:17:40,Включение интернета на 20 минут
50043,2021-03-26 19:55:12,Информер ВК. Показ
50043,2021-03-28 12:32:00,Информер ВК. Показ
50043,2021-03-28 12:32:05,Информер ВК. Показ
50043,2021-03-28 12:32:39,Просмотр раздела Тайный покупатель
50043,2021-03-28 12:33:04,Включение интернета на 20 минут
50043,2021-04-12 14:11:16,Включение интернета на 20 минут
39306,2021-03-18 20:21:03,Включение интернета на 20 минут
39306,2021-03-18 20:21:04,Включение интернета на 20 минут
50064,2021-03-01 00:21:11,Гарантированный платеж за деньги
50064,2021-03-04 10:05:19,Включение интернета на 20 минут
50064,2021-03-04 10:59:46,Гарантированный платеж за деньги
50064,2021-03-07 19:29:23,Гарантированный платеж за деньги
50064,2021-03-10 20:23:34,Включение интернета на 20 минут
50064,2021-03-10 20:25:37,Гарантированный платеж за деньги
50064,2021-03-13 21:10:06,Гарантированный платеж за деньги
50064,2021-03-17 19:45:33,Включение интернета на 20 минут
50064,2021-03-17 20:06:15,Гарантированный платеж за деньги
50064,2021-03-20 20:16:51,Показ информатора об изменении уведомлений через ВК платформу
50064,2021-03-20 20:18:42,Включение интернета на 20 минут
50064,2021-03-20 20:20:34,Показ информатора об изменении уведомлений через ВК платформу
50064,2021-03-20 20:24:35,Гарантированный платеж за деньги
50064,2021-03-23 20:55:10,Гарантированный платеж за деньги
50064,2021-03-27 18:04:30,Гарантированный платеж за деньги
50064,2021-03-30 18:23:20,Гарантированный платеж за деньги
50064,2021-03-30 19:46:33,Показ информатора об изменении уведомлений через ВК платформу
50064,2021-04-02 20:38:18,Гарантированный платеж за деньги
50064,2021-04-06 09:29:13,Включение интернета на 20 минут
50064,2021-04-06 11:09:40,Гарантированный платеж за деньги
50064,2021-04-09 13:07:23,Гарантированный платеж за деньги
50064,2021-04-12 19:16:25,Гарантированный платеж за деньги
50064,2021-04-15 22:31:00,Гарантированный платеж за деньги
50064,2021-04-19 11:46:14,Гарантированный платеж за деньги
50064,2021-04-23 12:31:33,Включение интернета на 20 минут
50064,2021-04-23 12:31:34,Включение интернета на 20 минут
50064,2021-04-23 14:44:12,Показ информатора об изменении уведомлений через ВК платформу
50064,2021-04-23 14:45:38,Показ информатора об изменении уведомлений через ВК платформу
50064,2021-04-23 15:04:29,Гарантированный платеж за деньги
50064,2021-04-26 21:08:41,Гарантированный платеж за деньги
50064,2021-04-29 21:28:06,Гарантированный платеж за деньги
50069,2021-03-27 23:23:43,Информер ВК. Показ
50069,2021-03-28 16:26:30,Информер ВК. Показ
50069,2021-03-28 16:27:56,Информер ВК. Показ
50071,2021-03-09 17:39:13,Информер ВК. Показ
50071,2021-03-11 20:04:43,Включение интернета на 20 минут
50071,2021-03-17 21:35:46,Включение интернета на 20 минут
50071,2021-03-17 21:35:47,Включение интернета на 20 минут
50071,2021-03-24 23:54:04,Гарантированный платеж за деньги
50071,2021-04-18 22:05:53,Включение интернета на 20 минут
50071,2021-04-18 22:05:54,Включение интернета на 20 минут
50071,2021-04-23 22:27:54,Гарантированный платеж за деньги
50071,2021-04-26 22:31:05,Информер ВК. Показ
50071,2021-04-26 22:31:09,Включение интернета на 20 минут
50017,2021-03-04 19:55:11,Информер ВК. Показ
50017,2021-03-04 19:55:40,Информер ВК. Показ
50017,2021-03-04 19:57:34,Информер ВК. Показ
50017,2021-04-18 01:03:52,Информер ВК. Показ
50017,2021-04-27 00:13:41,Информер ВК. Показ
50073,2021-03-16 00:52:38,Информер ВК. Показ
50073,2021-03-16 00:52:49,Гарантированный платеж за деньги
50073,2021-03-27 21:10:53,Информер ВК. Показ
50073,2021-04-05 23:36:11,Информер ВК. Показ
50073,2021-04-17 15:22:19,Информер ВК. Показ
50077,2021-03-02 20:33:13,Информер ВК. Показ
50077,2021-03-03 09:57:23,Информер ВК. Показ
50077,2021-03-03 12:31:02,Включение IPTV-пакета
50077,2021-03-03 15:41:53,Турбокнопка бесплатно
50077,2021-03-05 20:34:24,Включение интернета на 20 минут с IVR
50077,2021-03-11 19:20:55,Информер ВК. Показ
50077,2021-03-13 20:43:12,Гарантированный платеж за деньги
50077,2021-03-16 10:01:28,Турбокнопка бесплатно
50077,2021-03-19 10:22:07,Турбокнопка бесплатно
50077,2021-03-21 14:41:13,Гарантированный платеж за деньги
50077,2021-04-09 20:01:20,Информер ВК. Показ
50077,2021-04-09 20:03:12,Информер ВК. Показ
50077,2021-04-12 11:00:24,Информер ВК. Показ
50077,2021-04-13 20:40:07,Гарантированный платеж за деньги
50077,2021-04-19 21:53:13,Гарантированный платеж за деньги
50077,2021-04-22 22:10:47,Включение интернета на 20 минут
50077,2021-04-24 12:50:12,Турбокнопка бесплатно
50077,2021-04-25 17:07:05,Турбокнопка бесплатно
50077,2021-04-26 10:50:39,Турбокнопка бесплатно
50077,2021-04-26 23:04:06,Гарантированный платеж за деньги
50080,2021-03-27 13:06:40,Включение интернета на 20 минут
50080,2021-04-18 18:26:31,Включение интернета на 20 минут
39935,2021-03-01 18:24:08,Информер ВК. Показ
39935,2021-03-01 18:24:17,Включение интернета на 20 минут
39935,2021-03-02 19:49:56,Включение интернета на 20 минут
39935,2021-03-05 20:01:24,Включение интернета на 20 минут
39935,2021-03-05 20:07:00,Гарантированный платеж за деньги
39935,2021-03-19 21:07:44,Информер ВК. Показ
39935,2021-03-19 21:07:50,Включение интернета на 20 минут
39935,2021-04-03 11:27:59,Включение интернета на 20 минут
39935,2021-04-03 19:18:14,Информер ВК. Показ
39935,2021-04-09 18:17:49,Информер ВК. Показ
39935,2021-04-09 19:42:04,Включение интернета на 20 минут
39935,2021-04-09 19:56:12,Включение интернета на 20 минут с IVR
39935,2021-04-23 20:16:56,Включение интернета на 20 минут
39935,2021-04-23 20:17:13,Информер ВК. Показ
50094,2021-03-18 14:52:28,Включение IPTV-пакета
50094,2021-03-19 23:01:59,Информер ВК. Показ
50094,2021-03-20 11:14:35,Выключение IPTV-пакета
50094,2021-03-20 16:42:51,Включение IPTV-пакета
50094,2021-03-30 21:58:43,Выключение IPTV-пакета
50094,2021-04-02 23:22:30,Информер ВК. Показ
50094,2021-04-02 23:26:10,Информер ВК. Показ
50094,2021-04-17 23:45:07,Включение IPTV-пакета
50094,2021-04-21 20:36:08,Выключение IPTV-пакета
50099,2021-03-20 17:01:59,Информер ВК. Показ
50099,2021-03-20 17:05:32,Выключение IPTV-пакета
50099,2021-03-20 17:06:03,Информер ВК. Показ
31144,2021-03-01 13:17:46,Информер ВК. Показ
31144,2021-03-31 22:31:55,Информер ВК. Показ
50105,2021-03-10 08:51:07,Включение интернета на 20 минут
50105,2021-03-20 18:55:19,Информер ВК. Показ
50105,2021-03-28 18:03:47,Информер ВК. Показ
50105,2021-04-06 23:06:26,Включение интернета на 20 минут
50109,2021-03-07 19:24:19,Включение интернета на 20 минут
50109,2021-03-21 13:04:40,Информер ВК. Показ
50109,2021-03-21 13:06:32,Информер ВК. Показ
50109,2021-03-21 13:07:06,Информер ВК. Показ
9349,2021-03-15 15:32:06,Информер ВК. Показ
9349,2021-03-15 15:32:56,Информер ВК. Показ
9349,2021-03-26 15:00:34,Информер ВК. Показ
9349,2021-04-28 12:17:30,Информер ВК. Показ
31007,2021-03-08 19:25:42,Гарантированный платеж за деньги
50111,2021-03-05 19:24:40,Информер ВК. Показ
50111,2021-03-05 19:24:54,Включение интернета на 20 минут
50111,2021-03-05 19:25:34,Информер ВК. Показ
50111,2021-04-22 18:36:57,Информер ВК. Показ
13154,2021-03-03 11:21:52,Информер ВК. Показ
13154,2021-03-03 11:22:08,Турбокнопка бесплатно
13154,2021-03-04 10:53:13,Информер ВК. Показ
13154,2021-03-04 10:53:25,Турбокнопка бесплатно
13154,2021-03-06 16:31:06,Турбокнопка бесплатно
13154,2021-03-25 08:20:23,Информер ВК. Показ
13154,2021-04-04 10:17:25,Информер ВК. Показ
50123,2021-04-22 08:48:51,Включение IPTV-пакета
50123,2021-04-23 19:28:27,Выключение IPTV-пакета
9759,2021-03-27 10:15:43,Включение интернета на 20 минут
9759,2021-03-27 10:15:44,Включение интернета на 20 минут
9759,2021-03-27 10:16:01,Гарантированный платеж за деньги
9759,2021-04-15 22:42:02,Включение интернета на 20 минут
9759,2021-04-15 22:42:03,Включение интернета на 20 минут
50126,2021-03-15 19:29:17,Информер ВК. Показ
50126,2021-03-27 08:42:40,Информер ВК. Показ
50126,2021-03-29 13:21:58,Информер ВК. Показ
50126,2021-04-11 12:49:10,Включение автоматической активации ГП
50126,2021-04-12 17:27:13,Включение интернета на 20 минут с IVR
50126,2021-04-14 14:17:12,Абонент оставил отзыв в Личном кабинете
10792,2021-03-02 16:52:41,Информер ВК. Показ
50130,2021-03-17 12:50:07,Информер ВК. Показ
50130,2021-03-24 08:44:56,Информер ВК. Показ
36297,2021-04-28 14:42:05,Информер ВК. Показ
50136,2021-03-14 20:48:05,Информер ВК. Показ
50136,2021-03-14 20:49:41,Информер ВК. Показ
50136,2021-04-10 10:53:47,Информер ВК. Показ
50136,2021-04-11 23:06:29,Просмотр раздела Тайный покупатель
50136,2021-04-19 13:06:16,Информер ВК. Показ
50136,2021-04-22 19:55:01,Информер ВК. Показ
49727,2021-03-19 05:19:28,Информер ВК. Показ
49727,2021-03-21 06:38:53,Информер ВК. Показ
49727,2021-03-26 06:49:08,Информер ВК. Показ
49727,2021-04-24 18:59:54,Информер ВК. Показ
49727,2021-04-24 19:01:46,Информер ВК. Показ
49727,2021-04-24 19:14:40,Смена тарифа
50141,2021-03-14 20:29:18,Информер ВК. Показ
50141,2021-03-14 20:35:22,Просмотр раздела Тайный покупатель
50141,2021-03-25 22:35:47,Информер ВК. Показ
50141,2021-04-01 22:44:30,Информер ВК. Показ
50142,2021-03-31 20:01:39,Информер ВК. Показ
50142,2021-03-31 20:02:21,Информер ВК. Показ
50142,2021-04-18 23:05:55,Информер ВК. Показ
50153,2021-03-08 13:18:11,Информер ВК. Показ
50153,2021-03-16 21:20:06,Информер ВК. Показ
50153,2021-03-28 21:10:10,Информер ВК. Показ
50153,2021-04-08 22:16:36,Информер ВК. Показ
50153,2021-04-18 21:13:24,Информер ВК. Показ
37723,2021-03-08 20:26:19,Информер ВК. Показ
37723,2021-03-08 20:26:45,Включение интернета на 20 минут
37723,2021-03-10 19:57:31,Информер ВК. Показ
37723,2021-04-18 22:31:12,Информер ВК. Показ
37723,2021-04-21 16:58:01,Гарантированный платеж за деньги
50170,2021-03-21 09:08:39,Информер ВК. Показ
50170,2021-03-21 09:08:46,Включение интернета на 20 минут
50170,2021-04-20 12:13:49,Информер ВК. Показ
50170,2021-04-20 12:14:19,Включение интернета на 20 минут
50170,2021-04-20 12:15:08,Информер ВК. Показ
46206,2021-03-05 09:04:49,Турбокнопка бесплатно
46206,2021-03-10 14:15:45,Информер ВК. Показ
46206,2021-03-10 16:49:15,Информер ВК. Показ
46206,2021-03-10 16:55:08,Турбокнопка бесплатно
46206,2021-03-31 13:33:36,Информер ВК. Показ
46206,2021-03-31 13:34:52,Турбокнопка бесплатно
46206,2021-04-16 14:37:07,Информер ВК. Показ
46206,2021-04-16 14:37:59,Информер ВК. Показ
50172,2021-04-22 08:05:38,Включение IPTV-пакета
11107,2021-03-04 21:22:24,Информер ВК. Показ
11107,2021-03-04 21:22:33,Включение автоматической активации ГП
50179,2021-03-02 20:10:27,Гарантированный платеж за деньги
50179,2021-03-05 15:24:06,Информер ВК. Показ
50179,2021-03-05 15:24:18,Включение автоматической активации ГП
50179,2021-03-11 00:40:18,Информер ВК. Показ
50179,2021-03-12 15:48:35,Турбокнопка платно (1 сутки)
50179,2021-03-16 15:52:38,Информер ВК. Показ
50179,2021-03-18 20:54:28,Включение интернета на 20 минут
50179,2021-03-20 17:47:05,Турбокнопка платно (1 сутки)
50179,2021-03-23 18:58:41,Турбокнопка платно (1 час)
50179,2021-04-06 14:51:56,Информер ВК. Показ
50179,2021-04-09 21:12:24,Включение интернета на 20 минут
50179,2021-04-13 16:58:36,Информер ВК. Показ
50179,2021-04-14 21:47:11,Включение интернета на 20 минут
50179,2021-04-17 09:59:16,Информер ВК. Показ
50179,2021-04-20 21:57:51,Включение интернета на 20 минут
50180,2021-03-01 20:11:22,Гарантированный платеж за деньги
50184,2021-03-10 15:12:57,Гарантированный платеж за деньги
50184,2021-03-25 15:22:05,Гарантированный платеж за деньги
50184,2021-04-05 16:19:09,Гарантированный платеж за деньги
50184,2021-04-08 16:24:10,Информер ВК. Показ
50184,2021-04-08 16:26:02,Информер ВК. Показ
50190,2021-03-07 18:09:59,Гарантированный платеж за деньги
50190,2021-03-25 21:20:57,Информер ВК. Показ
50190,2021-03-27 21:00:25,Информер ВК. Показ
50190,2021-04-18 15:17:00,Информер ВК. Показ
50190,2021-04-26 10:25:24,Информер ВК. Показ
50203,2021-03-06 20:56:11,Информер ВК. Показ
50203,2021-03-06 20:56:24,Включение интернета на 20 минут
50203,2021-03-10 21:31:55,Информер ВК. Показ
50203,2021-03-10 21:31:59,Информер ВК. Закрытие
50203,2021-03-24 23:44:12,Включение интернета на 20 минут
50203,2021-03-24 23:46:03,Гарантированный платеж за деньги
50203,2021-04-09 20:09:50,Включение интернета на 20 минут
50203,2021-04-21 20:33:14,Информер ВК. Показ
50203,2021-04-21 20:34:44,Информер ВК. Показ
50203,2021-04-21 20:34:59,Гарантированный платеж за деньги
50203,2021-04-22 21:12:12,Информер ВК. Показ
50203,2021-04-22 21:12:32,Информер ВК. Закрытие
42451,2021-03-14 15:29:05,Информер ВК. Показ
42451,2021-03-14 15:46:18,Информер ВК. Показ
50210,2021-03-22 20:22:23,Информер ВК. Показ
50210,2021-03-23 20:24:43,Информер ВК. Показ
50210,2021-03-31 07:22:39,Информер ВК. Показ
50210,2021-04-24 17:27:43,Информер ВК. Показ
50210,2021-04-25 11:43:19,Информер ВК. Показ
9359,2021-04-24 18:04:16,Гарантированный платеж за деньги
50219,2021-03-10 08:52:28,Информер ВК. Показ
50219,2021-03-10 08:52:42,Гарантированный платеж за деньги
50219,2021-04-19 14:48:17,Информер ВК. Показ
50225,2021-03-01 06:39:53,Включение интернета на 20 минут
50225,2021-03-01 08:42:41,Гарантированный платеж за деньги
50225,2021-03-04 19:07:32,Информер ВК. Показ
50225,2021-03-04 19:37:01,Информер ВК. Показ
50225,2021-03-22 19:50:48,Информер ВК. Показ
50225,2021-03-22 19:58:27,Включение интернета на 20 минут
50225,2021-04-11 15:43:44,Информер ВК. Показ
50225,2021-04-14 18:48:17,Информер ВК. Показ
50227,2021-03-30 12:49:22,Включение IPTV-пакета
9579,2021-03-09 21:34:36,Информер ВК. Показ
9579,2021-03-09 21:34:49,Включение интернета на 20 минут
9579,2021-03-09 21:38:32,Информер ВК. Показ
9579,2021-04-05 20:21:42,Информер ВК. Показ
9579,2021-04-09 21:54:26,Включение интернета на 20 минут
50237,2021-03-21 19:46:24,Информер ВК. Показ
50237,2021-03-21 19:46:30,Абонент оставил отзыв в Личном кабинете
50237,2021-04-15 17:24:28,Гарантированный платеж за деньги
50237,2021-04-18 18:25:39,Включение интернета на 20 минут
50237,2021-04-22 18:23:55,Включение интернета на 20 минут
50247,2021-03-19 21:12:50,Включение интернета на 20 минут
50247,2021-03-21 21:02:13,Информер ВК. Показ
50247,2021-04-12 21:40:22,Информер ВК. Показ
50247,2021-04-12 21:41:18,Информер ВК. Показ
50247,2021-04-12 21:41:19,Информер ВК. Показ
50247,2021-04-23 21:52:58,Включение интернета на 20 минут
50252,2021-03-08 01:32:35,Гарантированный платеж за деньги
50252,2021-03-11 07:55:47,Гарантированный платеж за деньги
50252,2021-04-14 19:12:58,Гарантированный платеж за деньги
50252,2021-04-17 19:30:17,Гарантированный платеж за деньги
50264,2021-03-29 11:54:37,Включение интернета на 20 минут с IVR
10482,2021-04-19 21:30:05,Включение интернета на 20 минут с IVR
50273,2021-04-27 20:32:17,Информер ВК. Показ
50273,2021-04-27 20:32:33,Информер ВК. Показ
50273,2021-04-27 20:35:21,Информер ВК. Показ
50278,2021-04-10 15:30:57,Гарантированный платеж за деньги
12160,2021-03-20 22:24:05,Информер ВК. Показ
12160,2021-03-20 22:25:23,Включение интернета на 20 минут
12160,2021-04-20 22:44:06,Информер ВК. Показ
12160,2021-04-20 22:44:24,Включение интернета на 20 минут
12160,2021-04-20 22:48:00,Информер ВК. Показ
12160,2021-04-20 22:48:10,Информер ВК. Показ
50281,2021-03-05 17:02:36,Информер ВК. Показ
50281,2021-03-05 17:02:48,Турбокнопка бесплатно
50281,2021-03-07 17:58:54,Турбокнопка бесплатно
50281,2021-03-19 16:36:11,Бонус-скорость
50281,2021-03-25 17:00:30,Турбокнопка бесплатно
50281,2021-03-26 18:06:31,Турбокнопка бесплатно
50281,2021-03-28 16:19:10,Информер ВК. Показ
50281,2021-03-28 16:19:15,Турбокнопка бесплатно
50281,2021-03-31 18:56:31,Информер ВК. Показ
50281,2021-03-31 18:56:36,Турбокнопка бесплатно
50281,2021-04-01 17:33:34,Турбокнопка бесплатно
50281,2021-04-04 09:42:50,Турбокнопка бесплатно
50281,2021-04-06 17:40:58,Информер ВК. Показ
50281,2021-04-10 17:10:37,Турбокнопка бесплатно
50281,2021-04-11 12:59:11,Турбокнопка бесплатно
50281,2021-04-14 06:53:23,Турбокнопка бесплатно
50281,2021-04-20 19:13:55,Турбокнопка бесплатно
50281,2021-04-24 16:48:36,Турбокнопка бесплатно
50291,2021-03-27 06:11:48,Информер ВК. Показ
50291,2021-03-27 06:11:51,Информер ВК. Показ
50291,2021-03-27 06:11:52,Информер ВК. Показ
50292,2021-04-02 16:58:47,Гарантированный платеж за деньги
50292,2021-04-05 18:27:40,Гарантированный платеж за деньги
50296,2021-03-29 19:39:43,Гарантированный платеж за деньги
50296,2021-04-08 15:31:10,Гарантированный платеж за деньги
50317,2021-04-07 19:25:16,Информер ВК. Показ
50317,2021-04-07 19:26:19,Включение автоматической активации ГП
50320,2021-03-28 11:26:39,Информер ВК. Показ
50320,2021-03-28 11:27:45,Информер ВК. Показ
50320,2021-03-28 11:28:07,Информер ВК. Показ
50320,2021-03-28 11:28:34,Информер ВК. Закрытие
50337,2021-03-21 23:41:58,Гарантированный платеж за деньги
50337,2021-03-24 22:08:09,Информер ВК. Показ
50337,2021-04-24 23:15:34,Информер ВК. Показ
50337,2021-04-24 23:15:56,Информер ВК. Показ
50337,2021-04-24 23:16:20,Информер ВК. Показ
50342,2021-04-03 21:05:56,Информер ВК. Показ
50342,2021-04-03 21:06:02,Информер ВК. Показ
50342,2021-04-03 21:06:15,Информер ВК. Показ
30375,2021-03-01 18:49:09,Информер ВК. Показ
30375,2021-03-02 22:52:50,Гарантированный платеж за деньги
50303,2021-03-03 21:58:43,Включение интернета на 20 минут
50303,2021-03-17 22:42:56,Включение интернета на 20 минут
50303,2021-03-21 09:44:44,Включение интернета на 20 минут
50303,2021-03-28 10:16:40,Информер ВК. Показ
50303,2021-03-29 20:39:13,Включение интернета на 20 минут
50303,2021-04-07 19:03:50,Включение интернета на 20 минут
50303,2021-04-18 19:24:05,Включение интернета на 20 минут
50303,2021-04-25 19:35:06,Включение интернета на 20 минут
14040,2021-03-07 11:12:44,Информер ВК. Показ
14040,2021-03-07 11:28:03,Информер ВК. Показ
14040,2021-03-07 11:28:13,Информер ВК. Показ
14040,2021-04-23 06:53:21,Информер ВК. Показ
14040,2021-04-23 06:53:25,Информер ВК. Показ
14040,2021-04-23 18:53:04,Информер ВК. Показ
50351,2021-03-01 23:00:38,Включение интернета на 20 минут
50351,2021-04-02 12:24:08,Включение интернета на 20 минут с IVR
50351,2021-04-16 14:28:40,Информер ВК. Показ
50351,2021-04-16 14:28:58,Турбокнопка бесплатно
50351,2021-04-25 19:54:30,Информер ВК. Показ
50351,2021-04-27 19:23:24,Информер ВК. Показ
50351,2021-04-27 19:23:35,Турбокнопка бесплатно
49100,2021-03-23 12:31:49,Включение интернета на 20 минут
49100,2021-03-23 12:31:54,Включение интернета на 20 минут
10340,2021-03-02 17:45:43,Информер ВК. Показ
10340,2021-03-02 17:46:05,Турбокнопка бесплатно
10340,2021-03-14 14:10:43,Информер ВК. Показ
10340,2021-03-14 14:11:07,Турбокнопка бесплатно
10340,2021-04-11 17:19:46,Информер ВК. Показ
10340,2021-04-11 17:20:05,Турбокнопка бесплатно
10340,2021-04-14 16:57:47,Информер ВК. Показ
10340,2021-04-14 16:58:44,Турбокнопка бесплатно
10340,2021-04-16 09:02:21,Информер ВК. Показ
10340,2021-04-16 09:03:00,Турбокнопка бесплатно
50358,2021-03-05 10:27:44,Гарантированный платеж за деньги
50358,2021-04-10 09:07:15,Включение интернета на 20 минут
50358,2021-04-10 09:07:16,Включение интернета на 20 минут
50358,2021-04-29 02:14:53,Гарантированный платеж за деньги
50371,2021-03-10 20:04:06,Информер ВК. Показ
50371,2021-03-10 20:04:59,Гарантированный платеж за деньги
50371,2021-03-12 11:10:57,Информер ВК. Показ
50371,2021-03-20 20:51:56,Информер ВК. Показ
50376,2021-03-08 08:12:03,Включение интернета на 20 минут
50376,2021-03-12 08:22:31,Включение интернета на 20 минут
50376,2021-03-24 11:11:31,Включение интернета на 20 минут
50376,2021-03-25 11:38:54,Включение интернета на 20 минут
50376,2021-04-24 12:07:33,Включение интернета на 20 минут
50376,2021-04-27 12:17:42,Включение интернета на 20 минут
50381,2021-03-07 10:27:34,Показ информатора об изменении уведомлений через ВК платформу
50381,2021-03-07 10:27:49,Турбокнопка бесплатно
50381,2021-03-11 00:19:58,Показ информатора об изменении уведомлений через ВК платформу
50381,2021-03-11 00:20:08,Турбокнопка бесплатно
50381,2021-03-11 00:20:21,Бонус-скорость
50381,2021-03-22 22:47:58,Показ информатора об изменении уведомлений через ВК платформу
50382,2021-03-30 21:18:16,Включение интернета на 20 минут
50382,2021-03-30 21:18:17,Информер ВК. Показ
50382,2021-03-30 21:19:53,Информер ВК. Показ
50382,2021-03-30 21:19:57,Информер ВК. Показ
50386,2021-03-23 10:31:59,Информер ВК. Показ
50386,2021-03-26 09:33:21,Информер ВК. Показ
50386,2021-04-01 21:12:47,Информер ВК. Показ
50387,2021-03-08 13:54:43,Информер ВК. Показ
12503,2021-03-06 00:45:58,Информер ВК. Показ
12503,2021-03-06 20:21:22,Включение интернета на 20 минут
12503,2021-03-24 15:05:56,Информер ВК. Показ
12503,2021-03-26 16:49:29,Информер ВК. Показ
32149,2021-03-19 07:36:00,Информер ВК. Показ
32149,2021-03-19 07:39:48,Информер ВК. Показ
32149,2021-03-25 13:53:59,Информер ВК. Показ
32149,2021-04-07 15:42:18,Включение интернета на 20 минут
32149,2021-04-24 23:06:29,Информер ВК. Показ
32149,2021-04-24 23:43:51,Включение интернета на 20 минут
32149,2021-04-26 00:12:09,Информер ВК. Показ
32149,2021-04-26 00:12:22,Включение интернета на 20 минут
13087,2021-03-01 16:19:14,Информер ВК. Показ
13087,2021-03-01 16:19:24,Турбокнопка бесплатно
13087,2021-03-06 13:46:12,Восстановление пароля
13087,2021-03-06 13:46:40,Информер ВК. Показ
13087,2021-03-06 13:47:10,Смена пароля
13087,2021-03-06 18:17:42,Турбокнопка бесплатно
13087,2021-03-23 19:49:40,Информер ВК. Показ
13087,2021-04-23 14:59:08,Информер ВК. Показ
13087,2021-04-23 14:59:17,Информер ВК. Закрытие
29232,2021-03-03 19:34:18,Информер ВК. Показ
29232,2021-03-10 19:11:43,Информер ВК. Показ
29232,2021-03-10 19:11:56,Включение интернета на 20 минут
29232,2021-03-14 19:08:02,Информер ВК. Показ
29232,2021-03-14 19:08:19,Включение интернета на 20 минут
29232,2021-03-20 20:37:46,Включение интернета на 20 минут
29232,2021-03-25 12:01:38,Включение интернета на 20 минут
29232,2021-03-26 13:33:04,Включение интернета на 20 минут
29232,2021-03-30 11:54:57,Включение интернета на 20 минут
29232,2021-03-31 15:13:39,Включение интернета на 20 минут
29232,2021-04-04 19:31:34,Информер ВК. Показ
29232,2021-04-04 19:32:55,Включение интернета на 20 минут
29232,2021-04-06 19:38:18,Включение интернета на 20 минут
29232,2021-04-08 19:29:46,Включение интернета на 20 минут
29232,2021-04-11 12:29:46,Информер ВК. Показ
29232,2021-04-11 12:29:53,Включение интернета на 20 минут
29232,2021-04-14 07:04:15,Включение интернета на 20 минут
29232,2021-04-18 06:47:38,Информер ВК. Показ
29232,2021-04-18 06:47:48,Включение интернета на 20 минут
29232,2021-04-19 07:11:39,Включение интернета на 20 минут
29232,2021-04-28 11:14:16,Включение интернета на 20 минут
29232,2021-04-29 13:09:58,Включение интернета на 20 минут
11236,2021-04-10 10:19:47,Информер ВК. Показ
11236,2021-04-10 10:20:04,Включение интернета на 20 минут
49108,2021-04-11 14:46:17,Гарантированный платеж за деньги
50412,2021-03-08 23:07:41,Включение интернета на 20 минут
50412,2021-03-21 13:03:21,Включение интернета на 20 минут
50412,2021-03-22 14:32:27,Гарантированный платеж за деньги
50412,2021-04-04 21:19:26,Включение интернета на 20 минут с IVR
50412,2021-04-26 20:56:44,Включение интернета на 20 минут с IVR
50415,2021-03-03 10:12:31,Информер ВК. Показ
50415,2021-03-05 16:38:24,Информер ВК. Показ
50415,2021-03-05 17:28:17,Информер ВК. Показ
11182,2021-03-01 19:14:06,Информер ВК. Показ
11182,2021-03-01 19:15:19,Информер ВК. Показ
11182,2021-04-19 14:06:59,Информер ВК. Показ
11182,2021-04-19 14:07:56,Информер ВК. Показ
50423,2021-03-16 23:43:36,Информер ВК. Показ
50423,2021-03-19 14:30:01,Информер ВК. Показ
50423,2021-03-19 23:22:27,Информер ВК. Показ
50423,2021-04-17 02:34:25,Информер ВК. Показ
50423,2021-04-21 22:54:05,Информер ВК. Показ
50423,2021-04-22 19:37:01,Информер ВК. Показ
50425,2021-03-06 09:27:58,Включение интернета на 20 минут с IVR
50427,2021-04-22 18:22:13,Включение интернета на 20 минут
50427,2021-04-23 12:20:46,Включение интернета на 20 минут с IVR
49187,2021-03-03 20:19:22,Включение интернета на 20 минут
49187,2021-03-04 21:34:04,Гарантированный платеж за деньги
49187,2021-03-05 09:28:18,Информер ВК. Показ
49187,2021-03-11 21:42:58,Гарантированный платеж за деньги
49187,2021-03-14 22:01:08,Включение интернета на 20 минут
49187,2021-03-22 18:36:40,Гарантированный платеж за деньги
49187,2021-03-25 14:46:25,Информер ВК. Показ
49187,2021-03-27 21:19:27,Гарантированный платеж за деньги
49187,2021-04-02 16:23:48,Гарантированный платеж за деньги
49187,2021-04-05 18:48:43,Включение интернета на 20 минут
49187,2021-04-07 17:57:02,Гарантированный платеж за деньги
49187,2021-04-11 13:30:24,Включение интернета на 20 минут
49187,2021-04-18 21:22:41,Гарантированный платеж за деньги
49187,2021-04-21 21:32:32,Включение интернета на 20 минут
49187,2021-04-28 07:27:12,Гарантированный платеж за деньги
50442,2021-03-04 21:33:07,Гарантированный платеж за деньги
50442,2021-04-26 09:04:06,Гарантированный платеж за деньги
50445,2021-03-15 19:17:33,Информер ВК. Показ
50445,2021-03-28 20:12:28,Информер ВК. Показ
50445,2021-03-28 20:12:50,Включение интернета на 20 минут
50445,2021-04-12 20:42:51,Информер ВК. Показ
50445,2021-04-12 20:47:41,Включение интернета на 20 минут с IVR
50445,2021-04-17 21:12:05,Информер ВК. Показ
50445,2021-04-17 21:12:17,Абонент оставил отзыв в Личном кабинете
50445,2021-04-17 21:12:55,Включение интернета на 20 минут
50458,2021-04-13 22:08:35,Информер ВК. Показ
9821,2021-04-07 21:49:20,Информер ВК. Показ
9821,2021-04-07 21:50:25,Информер ВК. Показ
28542,2021-03-30 19:31:49,Получение подарка в ЛК: 1 месяц бесплатного просмотра IPTV
28542,2021-03-30 19:32:20,Получение подарка в ЛК: сутки интернета на максимальной скорости
50465,2021-04-08 16:32:37,Информер ВК. Показ
50465,2021-04-08 16:36:46,Информер ВК. Показ
50465,2021-04-08 16:37:10,Информер ВК. Показ
50465,2021-04-08 16:47:56,Подписка на ivi. Включение триала
50465,2021-04-08 16:53:07,Подписка на ivi. Отключение автопродления подписки
50465,2021-04-15 14:54:35,Абонент оставил отзыв в Личном кабинете
49233,2021-04-18 20:30:02,Включение интернета на 20 минут с IVR
50470,2021-03-04 12:42:21,Гарантированный платеж за деньги
50470,2021-03-09 12:52:42,Гарантированный платеж за деньги
50470,2021-03-17 14:41:17,Гарантированный платеж за деньги
50470,2021-04-21 17:42:57,Информер ВК. Показ
50470,2021-04-23 23:15:36,Информер ВК. Показ
50470,2021-04-23 23:23:16,Турбокнопка платно (1 час)
32052,2021-03-14 00:14:20,Информер ВК. Показ
50481,2021-03-06 21:23:10,Гарантированный платеж за деньги
50481,2021-03-12 13:31:13,Включение интернета на 20 минут с IVR
50481,2021-04-12 15:09:16,Информер ВК. Показ
50498,2021-03-07 22:59:21,Турбокнопка платно (1 сутки)
50498,2021-03-12 20:29:04,Информер ВК. Показ
50498,2021-03-12 20:29:14,Турбокнопка платно (1 сутки)
50498,2021-03-19 13:03:54,Бонус-скорость
50498,2021-03-20 01:03:20,Информер ВК. Показ
50498,2021-03-28 19:03:50,Информер ВК. Показ
50498,2021-03-28 19:07:18,Турбокнопка платно (1 сутки)
50498,2021-04-09 09:47:18,Турбокнопка платно (1 сутки)
50498,2021-04-14 19:03:31,Информер ВК. Показ
50498,2021-04-14 19:03:47,Турбокнопка платно (1 сутки)
50498,2021-04-15 21:11:11,Турбокнопка платно (1 сутки)
50498,2021-04-19 13:46:09,Гарантированный платеж за деньги
50498,2021-04-19 22:21:29,Турбокнопка платно (1 час)
50498,2021-04-21 14:09:15,Информер ВК. Показ
50498,2021-04-22 15:05:06,Гарантированный платеж за деньги
50498,2021-04-25 15:18:24,Гарантированный платеж за деньги
50498,2021-04-29 19:42:08,Информер ВК. Показ
50498,2021-04-29 19:42:24,Бонус-скорость
14555,2021-03-12 06:02:45,Информер ВК. Показ
14555,2021-03-13 07:56:07,Информер ВК. Показ
14555,2021-03-13 07:56:17,Включение интернета на 20 минут
14555,2021-03-14 07:38:34,Информер ВК. Показ
14555,2021-04-17 10:47:43,Информер ВК. Показ
14555,2021-04-22 22:43:22,Информер ВК. Показ
14555,2021-04-22 22:44:08,Включение интернета на 20 минут
50503,2021-04-09 15:59:18,Гарантированный платеж за деньги
50505,2021-03-09 15:56:28,Информер ВК. Показ
50505,2021-03-09 15:56:59,Информер ВК. Показ
50505,2021-03-09 15:57:18,Информер ВК. Показ
50505,2021-03-09 15:58:43,Включение интернета на 20 минут
50505,2021-04-24 17:49:33,Информер ВК. Показ
50507,2021-03-22 22:47:51,Информер ВК. Показ
50507,2021-03-22 22:48:50,Информер ВК. Показ
50507,2021-03-22 22:49:30,Информер ВК. Показ
50507,2021-03-29 10:25:00,Гарантированный платеж за деньги
50507,2021-04-13 20:33:20,Гарантированный платеж за деньги
29757,2021-04-12 23:24:25,Включение интернета на 20 минут с IVR
50508,2021-03-10 15:21:56,Информер ВК. Показ
50508,2021-03-10 15:22:04,Информер ВК. Показ
50508,2021-03-10 15:22:09,Включение автоматической активации ГП
50508,2021-03-10 16:26:36,Информер ВК. Показ
50508,2021-03-19 18:22:52,Включение автоматической активации ГП
50508,2021-04-22 08:55:23,Информер ВК. Показ
50508,2021-04-22 08:55:46,Турбокнопка платно (1 сутки)
50508,2021-04-24 12:41:31,Информер ВК. Показ
50508,2021-04-24 12:41:42,Турбокнопка платно (1 сутки)
50508,2021-04-24 12:41:51,Информер ВК. Показ
50514,2021-03-02 20:25:48,Информер ВК. Показ
50514,2021-03-02 20:48:26,Информер ВК. Показ
50514,2021-03-06 13:55:10,Информер ВК. Показ
50514,2021-04-04 09:46:59,Информер ВК. Показ
50514,2021-04-04 09:50:46,Информер ВК. Показ
10504,2021-03-13 10:50:07,Информер ВК. Показ
10504,2021-03-13 10:50:29,Информер ВК. Показ
10504,2021-03-13 10:50:47,Информер ВК. Показ
10504,2021-04-01 09:21:40,Включение интернета на 20 минут
10504,2021-04-01 09:21:52,Включение интернета на 20 минут с IVR
50522,2021-03-17 22:48:33,Информер ВК. Показ
50522,2021-03-17 22:48:38,Абонент оставил отзыв в Личном кабинете
43619,2021-03-03 19:35:27,Гарантированный платеж за деньги
43619,2021-03-09 20:12:34,Гарантированный платеж за деньги
43619,2021-03-16 21:47:53,Гарантированный платеж за деньги
43619,2021-03-22 22:33:33,Гарантированный платеж за деньги
43619,2021-03-30 08:26:20,Гарантированный платеж за деньги
43619,2021-04-14 19:39:15,Гарантированный платеж за деньги
43619,2021-04-18 07:21:57,Включение интернета на 20 минут
43619,2021-04-18 07:21:58,Включение интернета на 20 минут
43619,2021-04-21 16:09:31,Гарантированный платеж за деньги
43619,2021-04-24 16:11:43,Включение интернета на 20 минут
43619,2021-04-24 16:11:44,Включение интернета на 20 минут
50539,2021-03-07 09:06:50,Информер ВК. Показ
50539,2021-03-30 23:37:03,Информер ВК. Показ
50541,2021-03-08 16:39:23,Информер ВК. Показ
50541,2021-03-15 23:13:18,Информер ВК. Показ
50541,2021-03-15 23:13:55,Гарантированный платеж за деньги
50541,2021-03-19 14:47:28,Включение интернета на 20 минут
50541,2021-03-19 14:47:29,Включение интернета на 20 минут
50541,2021-03-19 21:59:02,Информер ВК. Показ
50541,2021-03-19 21:59:16,Гарантированный платеж за деньги
50541,2021-04-01 14:57:52,Включение интернета на 20 минут
50541,2021-04-03 01:02:40,Гарантированный платеж за деньги
50543,2021-03-18 00:09:15,Гарантированный платеж за деньги
50543,2021-03-21 00:46:11,Информер ВК. Показ
50543,2021-03-21 00:46:28,Информер ВК. Показ
50543,2021-03-21 01:02:30,Информер ВК. Показ
50543,2021-03-21 13:46:13,Включение интернета на 20 минут
50543,2021-03-26 20:54:57,Включение интернета на 20 минут
50543,2021-04-26 22:50:00,Информер ВК. Показ
50543,2021-04-26 22:50:12,Гарантированный платеж за деньги
50543,2021-04-29 23:05:10,Включение интернета на 20 минут
50550,2021-04-24 15:49:22,Информер ВК. Показ
50550,2021-04-24 15:49:24,Информер ВК. Показ
50550,2021-04-24 15:49:26,Информер ВК. Показ
10023,2021-04-13 07:41:15,Информер ВК. Показ
10023,2021-04-13 07:41:24,Абонент оставил отзыв в Личном кабинете
50577,2021-03-03 10:17:24,Информер ВК. Показ
50577,2021-03-03 10:17:40,Включение интернета на 20 минут
50577,2021-03-11 20:27:49,Информер ВК. Показ
50577,2021-03-11 20:28:39,Информер ВК. Показ
50577,2021-03-11 20:31:06,Турбокнопка платно (1 сутки)
50577,2021-03-31 19:33:15,Включение интернета на 20 минут
50580,2021-03-01 20:14:59,Информер ВК. Показ
50580,2021-03-01 20:15:11,Турбокнопка платно (1 сутки)
50580,2021-03-02 18:47:15,Информер ВК. Показ
50580,2021-03-03 15:01:10,Турбокнопка бесплатно
50580,2021-03-03 19:49:47,Турбокнопка платно (1 сутки)
50580,2021-03-04 20:01:01,Информер ВК. Показ
50580,2021-03-04 20:02:23,Турбокнопка платно (1 сутки)
50580,2021-03-05 22:03:17,Турбокнопка платно (1 сутки)
50580,2021-03-09 20:05:34,Турбокнопка платно (1 сутки)
50580,2021-03-10 21:59:31,Турбокнопка платно (1 сутки)
50580,2021-03-15 22:07:37,Турбокнопка платно (1 сутки)
50580,2021-03-18 20:20:13,Гарантированный платеж за деньги
50580,2021-03-24 17:16:38,Турбокнопка бесплатно
50580,2021-03-24 18:46:54,Турбокнопка платно (1 сутки)
50580,2021-03-28 20:45:44,Включение автоматической активации ГП
50580,2021-03-29 15:43:00,Турбокнопка бесплатно
50580,2021-03-31 15:44:51,Турбокнопка платно (1 сутки)
50580,2021-04-03 08:59:51,Информер ВК. Показ
50580,2021-04-03 09:00:10,Включение автоматической активации ГП
50580,2021-04-03 09:00:21,Турбокнопка бесплатно
50580,2021-04-04 20:06:42,Информер ВК. Показ
50580,2021-04-04 20:06:50,Турбокнопка платно (1 сутки)
50580,2021-04-06 14:50:06,Информер ВК. Показ
50580,2021-04-06 14:50:15,Турбокнопка бесплатно
50580,2021-04-07 22:09:24,Турбокнопка платно (1 сутки)
50580,2021-04-11 08:41:28,Турбокнопка бесплатно
50580,2021-04-11 19:04:14,Турбокнопка платно (1 сутки)
50580,2021-04-13 10:55:55,Турбокнопка бесплатно
50580,2021-04-13 16:21:37,Турбокнопка платно (1 сутки)
50580,2021-04-22 07:18:10,Турбокнопка бесплатно
50580,2021-04-23 15:29:29,Турбокнопка бесплатно
50580,2021-04-24 12:12:19,Включение автоматической активации ГП
50580,2021-04-26 14:54:30,Турбокнопка бесплатно
50580,2021-04-27 18:39:30,Турбокнопка платно (1 сутки)
50582,2021-03-28 13:02:00,Информер ВК. Показ
50582,2021-03-28 13:02:51,Информер ВК. Показ
50582,2021-03-28 13:03:47,Информер ВК. Показ
50591,2021-03-03 21:26:02,Информер ВК. Показ
50591,2021-03-16 16:15:18,Информер ВК. Показ
50591,2021-03-16 16:18:17,Информер ВК. Показ
9975,2021-03-04 19:11:21,Включение интернета на 20 минут
9975,2021-03-08 14:16:01,Информер ВК. Показ
9975,2021-03-08 14:16:09,Включение интернета на 20 минут
9975,2021-03-26 15:43:23,Информер ВК. Показ
9975,2021-03-26 15:43:32,Включение интернета на 20 минут
9975,2021-04-04 20:01:31,Информер ВК. Показ
9975,2021-04-04 20:01:51,Включение интернета на 20 минут
9975,2021-04-13 20:20:39,Включение интернета на 20 минут
9975,2021-04-13 20:20:40,Включение интернета на 20 минут
9975,2021-04-22 12:04:53,Информер ВК. Показ
9975,2021-04-22 12:04:59,Включение интернета на 20 минут
9975,2021-04-27 15:10:09,Включение интернета на 20 минут
50603,2021-03-02 18:10:33,Турбокнопка бесплатно
50603,2021-03-03 17:56:26,Турбокнопка бесплатно
50603,2021-03-05 16:39:43,Турбокнопка бесплатно
50603,2021-03-06 07:32:32,Турбокнопка бесплатно
50603,2021-03-07 08:33:11,Турбокнопка бесплатно
50603,2021-03-08 08:12:25,Турбокнопка бесплатно
50603,2021-03-17 18:25:49,Информер ВК. Показ
50603,2021-03-17 18:26:01,Турбокнопка бесплатно
50603,2021-03-20 11:08:43,Информер ВК. Показ
50603,2021-03-20 11:08:59,Турбокнопка бесплатно
50603,2021-03-20 12:32:09,Информер ВК. Показ
50603,2021-03-21 08:03:28,Турбокнопка бесплатно
50603,2021-03-24 18:07:00,Турбокнопка бесплатно
50603,2021-03-26 20:12:56,Гарантированный платеж за деньги
50603,2021-04-02 17:11:30,Турбокнопка бесплатно
50603,2021-04-03 10:23:50,Турбокнопка бесплатно
50603,2021-04-04 12:44:27,Турбокнопка бесплатно
50603,2021-04-08 18:39:38,Турбокнопка бесплатно
50603,2021-04-10 18:28:09,Турбокнопка бесплатно
50603,2021-04-11 08:00:37,Турбокнопка бесплатно
50603,2021-04-16 17:38:28,Турбокнопка бесплатно
50603,2021-04-20 18:02:39,Информер ВК. Показ
50603,2021-04-20 18:02:57,Турбокнопка бесплатно
50603,2021-04-24 09:09:48,Информер ВК. Показ
50603,2021-04-24 09:09:59,Турбокнопка бесплатно
50605,2021-03-12 17:14:30,Информер ВК. Показ
50605,2021-04-09 18:14:09,Информер ВК. Показ
50605,2021-04-09 18:14:16,Информер ВК. Показ
35038,2021-04-06 11:33:35,Принято заявление и доп. соглашение по переезду
35038,2021-04-06 11:33:37,Информер ВК. Показ
9498,2021-03-12 23:49:03,Информер ВК. Показ
9498,2021-03-12 23:55:13,Информер ВК. Показ
49105,2021-03-03 16:25:50,Включение интернета на 20 минут
49105,2021-03-16 17:28:37,Включение интернета на 20 минут
49105,2021-04-07 12:09:01,Включение интернета на 20 минут
50608,2021-03-01 23:43:36,Включение интернета на 20 минут
50608,2021-03-05 08:44:06,Включение интернета на 20 минут
50608,2021-03-07 08:50:34,Включение интернета на 20 минут
50608,2021-03-09 09:05:22,Включение интернета на 20 минут
50608,2021-03-12 09:32:44,Включение интернета на 20 минут
50608,2021-03-15 09:44:49,Включение интернета на 20 минут
50608,2021-03-21 11:52:33,Включение интернета на 20 минут
50608,2021-03-21 11:52:34,Включение интернета на 20 минут
50608,2021-03-28 12:03:02,Включение интернета на 20 минут
50608,2021-04-12 12:20:52,Включение интернета на 20 минут
50608,2021-04-19 12:34:47,Включение интернета на 20 минут
50608,2021-04-25 12:43:03,Включение интернета на 20 минут
50614,2021-03-23 19:43:51,Гарантированный платеж за деньги
50617,2021-04-01 09:29:17,Информер ВК. Показ
50617,2021-04-01 09:29:19,Информер ВК. Показ
50617,2021-04-10 21:33:42,Информер ВК. Показ
50618,2021-03-05 13:35:31,Информер ВК. Показ
50618,2021-03-09 08:40:36,Информер ВК. Показ
50618,2021-03-28 11:22:29,Информер ВК. Показ
50618,2021-04-06 14:42:06,Информер ВК. Показ
50618,2021-04-23 21:02:52,Информер ВК. Показ
50619,2021-04-06 18:13:54,Информер ВК. Показ
50619,2021-04-06 18:19:58,Информер ВК. Показ
50619,2021-04-12 16:31:52,Информер ВК. Показ
50619,2021-04-12 20:57:39,Получение подарка в ЛК: 1 месяц бесплатного просмотра IPTV
50619,2021-04-12 20:57:47,Получение подарка в ЛК: сутки интернета на максимальной скорости
50619,2021-04-12 21:00:24,Абонент оставил отзыв в Личном кабинете
50623,2021-03-04 20:34:03,Информер ВК. Показ
50623,2021-03-04 20:34:10,Включение интернета на 20 минут
50623,2021-04-03 09:30:23,Информер ВК. Показ
50623,2021-04-03 09:31:37,Информер ВК. Показ
50623,2021-04-16 06:33:41,Информер ВК. Показ
50631,2021-03-17 21:33:03,Информер ВК. Показ
50631,2021-03-18 22:57:39,Информер ВК. Показ
50631,2021-04-11 13:29:40,Информер ВК. Показ
50631,2021-04-11 13:29:46,Информер ВК. Показ
34924,2021-04-18 17:36:14,Включение интернета на 20 минут
50637,2021-03-01 20:32:01,Включение интернета на 20 минут
50637,2021-03-01 20:32:03,Информер ВК. Показ
50637,2021-03-01 20:32:16,Гарантированный платеж за деньги
14068,2021-03-30 07:27:41,Информер ВК. Показ
14068,2021-03-30 07:28:13,Информер ВК. Показ
14068,2021-03-30 07:28:24,Информер ВК. Показ
50658,2021-03-18 16:50:08,Гарантированный платеж за деньги
50658,2021-03-22 13:16:23,Гарантированный платеж за деньги
50658,2021-03-22 13:16:36,Включение интернета на 20 минут
50658,2021-04-26 14:56:04,Гарантированный платеж за деньги
50662,2021-03-02 23:47:41,Включение интернета на 20 минут
50662,2021-03-18 05:16:03,Включение интернета на 20 минут
50662,2021-04-25 11:08:09,Включение интернета на 20 минут
50670,2021-03-08 18:44:41,Информер ВК. Показ
50670,2021-03-09 17:51:29,Включение интернета на 20 минут
50670,2021-03-09 18:19:18,Информер ВК. Показ
50670,2021-04-09 21:16:31,Включение интернета на 20 минут
40913,2021-03-05 01:05:36,Просмотр раздела Тайный покупатель
50673,2021-03-09 21:55:45,Информер ВК. Показ
50673,2021-03-16 16:42:47,Информер ВК. Показ
50673,2021-03-16 16:42:54,Турбокнопка бесплатно
50673,2021-03-19 21:16:45,Информер ВК. Показ
50673,2021-03-30 16:52:21,Турбокнопка бесплатно
50673,2021-04-02 19:18:24,Турбокнопка бесплатно
50673,2021-04-16 17:57:39,Информер ВК. Показ
50673,2021-04-18 12:13:23,Информер ВК. Показ
50673,2021-04-18 12:13:31,Турбокнопка бесплатно
50673,2021-04-21 22:49:51,Информер ВК. Показ
7795,2021-03-08 23:33:29,Информер ВК. Показ
7795,2021-03-08 23:33:51,Включение интернета на 20 минут
7795,2021-03-08 23:40:28,Информер ВК. Показ
7795,2021-03-18 22:45:05,Включение интернета на 20 минут
7795,2021-03-20 23:04:46,Информер ВК. Показ
7795,2021-03-20 23:05:31,Включение интернета на 20 минут
7795,2021-03-24 23:23:04,Включение интернета на 20 минут
50679,2021-03-14 16:27:28,Информер ВК. Показ
50683,2021-04-03 21:45:51,Информер ВК. Показ
50683,2021-04-03 21:46:31,Информер ВК. Показ
50683,2021-04-03 21:46:54,Информер ВК. Показ
50686,2021-03-11 09:37:34,Турбокнопка бесплатно
50686,2021-03-12 15:43:06,Турбокнопка бесплатно
50686,2021-03-16 16:15:27,Турбокнопка бесплатно
50686,2021-03-24 17:22:02,Информер ВК. Показ
50686,2021-03-24 17:22:08,Турбокнопка бесплатно
50686,2021-03-24 18:27:00,Включение интернета на 20 минут
50686,2021-03-24 18:28:29,Информер ВК. Показ
50686,2021-04-02 10:52:51,Информер ВК. Показ
50686,2021-04-24 21:13:36,Информер ВК. Показ
50686,2021-04-24 21:13:49,Включение интернета на 20 минут
30944,2021-03-11 20:43:00,Информер ВК. Показ
30944,2021-03-11 20:50:11,Информер ВК. Показ
30944,2021-03-12 09:03:02,Информер ВК. Показ
47780,2021-03-20 22:11:19,Информер ВК. Показ
47780,2021-03-20 22:11:48,Гарантированный платеж за деньги
47780,2021-03-25 19:34:02,Гарантированный платеж за деньги
47780,2021-03-29 21:22:34,Гарантированный платеж за деньги
49407,2021-03-16 09:41:36,Информер ВК. Показ
8982,2021-03-04 19:11:35,Включение интернета на 20 минут
8982,2021-03-08 00:02:02,Включение интернета на 20 минут
8982,2021-03-09 21:17:07,Включение интернета на 20 минут
8982,2021-03-25 18:12:52,Информер ВК. Показ
8982,2021-03-25 18:16:24,Информер ВК. Показ
8982,2021-04-11 14:41:21,Включение интернета на 20 минут
8982,2021-04-22 23:41:51,Включение интернета на 20 минут
49436,2021-03-02 15:30:48,Включение интернета на 20 минут
49436,2021-03-06 06:43:45,Включение интернета на 20 минут
49436,2021-03-10 16:31:10,Включение интернета на 20 минут
49436,2021-03-13 18:26:57,Включение интернета на 20 минут
49436,2021-03-19 19:37:11,Включение интернета на 20 минут
49436,2021-03-24 14:34:10,Информер ВК. Показ
49436,2021-03-27 18:15:15,Информер ВК. Показ
49436,2021-03-30 23:12:24,Информер ВК. Показ
49436,2021-03-31 16:58:06,Включение интернета на 20 минут
49436,2021-04-07 19:54:47,Включение интернета на 20 минут
49436,2021-04-11 18:39:43,Включение интернета на 20 минут
49436,2021-04-14 18:53:17,Отключение услуги Автоплатёж
33646,2021-03-11 17:16:27,Гарантированный платеж за деньги
33646,2021-03-14 18:10:38,Включение интернета на 20 минут
33646,2021-03-16 20:38:54,Гарантированный платеж за деньги
33646,2021-03-24 22:24:00,Информер ВК. Показ
33646,2021-03-24 22:24:08,Включение интернета на 20 минут
33646,2021-03-25 22:58:20,Гарантированный платеж за деньги
33646,2021-03-28 23:51:55,Включение интернета на 20 минут
33646,2021-03-31 13:43:15,Включение интернета на 20 минут
33646,2021-03-31 17:27:40,Гарантированный платеж за деньги
33646,2021-04-03 18:06:54,Включение интернета на 20 минут
33646,2021-04-05 20:11:57,Гарантированный платеж за деньги
33646,2021-04-08 20:41:26,Включение интернета на 20 минут
33646,2021-04-13 22:58:18,Гарантированный платеж за деньги
33646,2021-04-17 04:07:58,Включение интернета на 20 минут
33646,2021-04-18 06:47:52,Гарантированный платеж за деньги
33646,2021-04-21 07:21:00,Включение интернета на 20 минут
50697,2021-03-04 12:38:21,Информер ВК. Показ
50697,2021-03-04 12:39:08,Информер ВК. Показ
50697,2021-04-20 13:09:55,Информер ВК. Показ
13591,2021-03-10 21:16:31,Гарантированный платеж за деньги
13591,2021-03-14 12:16:00,Информер ВК. Показ
13591,2021-03-14 12:18:16,Информер ВК. Показ
13591,2021-03-14 13:38:43,Информер ВК. Показ
13591,2021-04-14 08:56:38,Гарантированный платеж за деньги
50706,2021-03-10 11:03:38,Включение интернета на 20 минут
50706,2021-03-10 12:54:33,Информер ВК. Показ
50706,2021-03-15 13:08:19,Информер ВК. Показ
50706,2021-03-17 16:09:34,Информер ВК. Показ
50706,2021-03-21 18:55:11,Включение интернета на 20 минут
50706,2021-03-21 19:58:28,Гарантированный платеж за деньги
50706,2021-04-09 13:41:36,Включение интернета на 20 минут
50706,2021-04-10 20:12:54,Информер ВК. Показ
50706,2021-04-12 16:39:39,Включение интернета на 20 минут
50706,2021-04-13 10:00:07,Гарантированный платеж за деньги
50706,2021-04-16 11:30:18,Информер ВК. Показ
50706,2021-04-20 23:33:27,Информер ВК. Показ
50706,2021-04-20 23:34:55,Включение интернета на 20 минут
50706,2021-04-24 16:09:13,Включение интернета на 20 минут
50706,2021-04-24 16:11:40,Гарантированный платеж за деньги
50706,2021-04-28 10:04:13,Включение интернета на 20 минут
50708,2021-03-04 13:38:11,Гарантированный платеж за деньги
50708,2021-03-08 15:06:39,Гарантированный платеж за деньги
50708,2021-03-15 12:59:06,Информер ВК. Показ
50708,2021-03-15 12:59:19,Включение интернета на 20 минут
50708,2021-03-15 15:31:17,Информер ВК. Показ
50708,2021-03-29 22:45:02,Информер ВК. Показ
50708,2021-03-30 14:48:04,Включение интернета на 20 минут
50708,2021-03-30 23:02:21,Гарантированный платеж за деньги
50708,2021-04-04 23:12:29,Гарантированный платеж за деньги
50708,2021-04-09 14:10:39,Просмотр раздела Тайный покупатель
50708,2021-04-09 23:25:07,Гарантированный платеж за деньги
50708,2021-04-14 00:19:49,Гарантированный платеж за деньги
50708,2021-04-27 09:19:14,Информер ВК. Показ
50708,2021-04-27 10:01:42,Информер ВК. Показ
50716,2021-03-07 15:17:56,Гарантированный платеж за деньги
50716,2021-03-07 15:18:40,Информер ВК. Показ
50716,2021-03-24 12:11:54,Информер ВК. Показ
50716,2021-04-02 13:54:14,Включение интернета на 20 минут
50716,2021-04-02 13:54:20,Информер ВК. Показ
50716,2021-04-07 14:40:38,Включение интернета на 20 минут
50716,2021-04-07 14:56:06,Гарантированный платеж за деньги
50716,2021-04-10 15:02:45,Информер ВК. Показ
50716,2021-04-10 15:59:32,Включение интернета на 20 минут
50716,2021-04-14 16:39:08,Гарантированный платеж за деньги
50716,2021-04-25 21:04:41,Информер ВК. Показ
40895,2021-03-11 23:26:33,Информер ВК. Показ
40895,2021-03-18 20:58:52,Информер ВК. Показ
40895,2021-03-25 20:42:14,Информер ВК. Показ
40895,2021-04-16 17:36:12,Информер ВК. Показ
40895,2021-04-26 18:06:47,Информер ВК. Показ
50742,2021-04-25 13:44:00,Информер ВК. Показ
50742,2021-04-25 13:45:11,Информер ВК. Показ
50744,2021-03-02 01:02:20,Турбокнопка бесплатно
50744,2021-03-02 20:39:14,Турбокнопка платно (1 час)
50744,2021-03-03 01:39:24,Турбокнопка бесплатно
50744,2021-03-04 20:39:24,Включение интернета на 20 минут
50744,2021-03-04 20:39:25,Включение интернета на 20 минут
50744,2021-03-06 01:36:23,Турбокнопка бесплатно
50744,2021-03-10 15:34:42,Турбокнопка бесплатно
50744,2021-03-15 18:49:24,Турбокнопка бесплатно
50744,2021-03-15 20:55:50,Турбокнопка платно (1 час)
50744,2021-03-15 23:40:58,Турбокнопка платно (1 час)
50744,2021-03-16 00:59:33,Турбокнопка бесплатно
50744,2021-03-16 19:18:09,Турбокнопка платно (1 час)
50744,2021-03-16 20:56:53,Турбокнопка платно (1 час)
50744,2021-03-16 22:04:48,Турбокнопка платно (1 час)
50744,2021-03-16 23:14:23,Турбокнопка платно (1 час)
50744,2021-03-19 15:57:47,Информер ВК. Показ
50744,2021-03-20 02:21:00,Информер ВК. Показ
50744,2021-03-20 02:21:03,Турбокнопка бесплатно
50744,2021-03-22 17:12:27,Информер ВК. Показ
50744,2021-03-25 20:53:27,Включение интернета на 20 минут
50744,2021-03-30 00:47:37,Турбокнопка бесплатно
50744,2021-04-06 18:11:52,Турбокнопка бесплатно
50744,2021-04-14 00:05:42,Турбокнопка бесплатно
50744,2021-04-22 17:50:04,Информер ВК. Показ
50744,2021-04-22 17:50:11,Турбокнопка бесплатно
50744,2021-04-24 00:48:42,Информер ВК. Показ
50744,2021-04-24 00:48:47,Турбокнопка бесплатно
50744,2021-04-24 21:07:27,Информер ВК. Показ
50744,2021-04-24 21:07:50,Включение интернета на 20 минут
50744,2021-04-25 18:56:10,Турбокнопка бесплатно
50744,2021-04-26 16:10:15,Турбокнопка бесплатно
50744,2021-04-29 12:38:55,Турбокнопка бесплатно
50746,2021-03-29 09:17:22,Включение интернета на 20 минут
50746,2021-03-30 22:50:41,Включение интернета на 20 минут
50746,2021-03-31 17:04:11,Гарантированный платеж за деньги
50746,2021-04-05 09:38:35,Включение интернета на 20 минут с IVR
50746,2021-04-11 18:38:07,Гарантированный платеж за деньги
50746,2021-04-15 11:11:08,Включение интернета на 20 минут
50751,2021-03-01 08:37:26,Информер ВК. Показ
50751,2021-03-15 15:32:46,Информер ВК. Показ
50751,2021-03-15 20:46:58,Информер ВК. Показ
50751,2021-04-01 09:38:34,Информер ВК. Показ
50751,2021-04-15 17:31:35,Информер ВК. Показ
50751,2021-04-15 22:07:41,Информер ВК. Показ
50759,2021-03-13 02:42:01,Информер ВК. Показ
50759,2021-03-14 19:11:36,Гарантированный платеж за деньги
50759,2021-03-17 19:34:20,Информер ВК. Показ
50760,2021-03-04 17:07:32,Информер ВК. Показ
50760,2021-03-04 18:11:46,Включение управления услугами по паролю
50760,2021-03-05 16:27:06,Родительский контроль. Включение
50760,2021-03-13 23:43:25,Информер ВК. Показ
50760,2021-03-14 12:07:09,Информер ВК. Показ
50760,2021-03-14 12:08:02,Родительский контроль. Выключение
50760,2021-03-14 12:09:53,Бонус-скорость
50760,2021-03-27 10:46:38,Выключение IPTV-пакета
50760,2021-03-28 23:08:22,Бонус-скорость
50760,2021-04-08 19:38:37,Включение IPTV-пакета
50760,2021-04-08 19:39:02,Включение IPTV-пакета
50760,2021-04-09 21:56:50,Информер ВК. Показ
50760,2021-04-09 21:59:17,Выключение IPTV-пакета
50760,2021-04-10 18:46:19,Включение IPTV-пакета
50760,2021-04-10 18:55:44,Выключение IPTV-пакета
50760,2021-04-10 18:56:25,Включение ограничения функций ТВ
50760,2021-04-17 21:56:34,Информер ВК. Показ
50760,2021-04-17 21:57:18,Информер ВК. Показ
50760,2021-04-17 21:59:55,Подписка на ivi. Включение триала
50760,2021-04-26 17:58:29,Подписка на ivi. Отключение автопродления подписки
50761,2021-03-17 14:12:08,Принято заявление и доп. соглашение по переезду
50761,2021-03-17 14:12:11,Информер ВК. Показ
50761,2021-03-17 14:32:34,Информер ВК. Показ
50762,2021-03-05 10:55:25,Информер ВК. Показ
50762,2021-03-14 17:00:18,Информер ВК. Показ
50762,2021-03-19 10:48:16,Информер ВК. Показ
50762,2021-04-12 08:41:16,Информер ВК. Показ
50762,2021-04-18 21:56:25,Информер ВК. Показ
50762,2021-04-21 13:57:07,Информер ВК. Показ
50766,2021-03-03 16:34:53,Включение интернета на 20 минут
50766,2021-03-03 17:26:19,Гарантированный платеж за деньги
50766,2021-03-06 20:50:01,Гарантированный платеж за деньги
50766,2021-03-11 18:58:00,Гарантированный платеж за деньги
50766,2021-03-16 18:33:25,Гарантированный платеж за деньги
50766,2021-03-23 12:59:08,Гарантированный платеж за деньги
50766,2021-03-27 17:15:59,Гарантированный платеж за деньги
50766,2021-03-30 17:34:30,Информер ВК. Показ
50766,2021-04-01 19:39:42,Гарантированный платеж за деньги
50766,2021-04-06 03:03:03,Гарантированный платеж за деньги
50766,2021-04-12 10:53:59,Гарантированный платеж за деньги
9367,2021-03-21 11:44:23,Гарантированный платеж за деньги
9367,2021-03-24 18:51:52,Включение интернета на 20 минут
9367,2021-04-24 20:30:16,Гарантированный платеж за деньги
50773,2021-03-16 16:19:27,Гарантированный платеж за деньги
50773,2021-03-19 16:52:46,Включение интернета на 20 минут
50773,2021-03-20 09:34:10,Включение интернета на 20 минут с IVR
50773,2021-04-20 14:13:44,Гарантированный платеж за деньги
50773,2021-04-23 21:03:43,Включение интернета на 20 минут с IVR
50789,2021-03-03 19:02:11,Информер ВК. Показ
50789,2021-03-20 20:07:35,Информер ВК. Показ
50789,2021-03-20 20:11:27,Информер ВК. Показ
50798,2021-03-01 09:47:02,Гарантированный платеж за деньги
50798,2021-04-12 18:40:23,Информер ВК. Показ
8360,2021-03-10 21:58:36,Информер ВК. Показ
8360,2021-04-11 22:56:56,Информер ВК. Показ
50800,2021-03-03 15:45:51,Информер ВК. Показ
50800,2021-03-03 16:02:17,Включение интернета на 20 минут
50800,2021-03-06 18:39:45,Информер ВК. Показ
50800,2021-03-06 18:40:32,Гарантированный платеж за деньги
50800,2021-03-09 20:32:45,Включение интернета на 20 минут
50800,2021-03-11 21:43:55,Гарантированный платеж за деньги
50800,2021-03-14 21:59:06,Включение интернета на 20 минут
50800,2021-03-17 22:25:50,Гарантированный платеж за деньги
50800,2021-03-20 17:48:59,Информер ВК. Показ
50800,2021-03-24 23:27:23,Гарантированный платеж за деньги
50800,2021-03-27 23:32:35,Включение интернета на 20 минут
50800,2021-03-30 23:42:18,Гарантированный платеж за деньги
50800,2021-04-06 12:37:31,Информер ВК. Показ
50800,2021-04-06 12:53:35,Гарантированный платеж за деньги
50800,2021-04-09 13:08:46,Информер ВК. Показ
50800,2021-04-13 15:22:00,Гарантированный платеж за деньги
50800,2021-04-16 15:58:11,Включение интернета на 20 минут
50800,2021-04-19 16:23:36,Гарантированный платеж за деньги
50800,2021-04-22 17:17:36,Информер ВК. Показ
50800,2021-04-22 17:17:48,Включение интернета на 20 минут
50800,2021-04-25 20:15:57,Гарантированный платеж за деньги
12405,2021-04-03 18:39:03,Включение интернета на 20 минут
12405,2021-04-06 09:06:54,Информер ВК. Показ
31650,2021-03-06 18:54:52,Включение интернета на 20 минут
31650,2021-04-06 06:26:33,Включение интернета на 20 минут
31650,2021-04-20 08:51:05,Включение интернета на 20 минут
50820,2021-03-14 13:35:52,Информер ВК. Показ
50823,2021-03-25 16:19:54,Информер ВК. Показ
50823,2021-03-25 16:40:21,Информер ВК. Показ
50823,2021-04-13 17:10:25,Информер ВК. Показ
50823,2021-04-27 22:08:27,Информер ВК. Показ
50823,2021-04-27 22:09:19,Информер ВК. Показ
50833,2021-03-01 22:39:46,Гарантированный платеж за деньги
50833,2021-03-28 22:35:38,Гарантированный платеж за деньги
50833,2021-03-31 22:47:11,Информер ВК. Показ
50833,2021-04-29 20:06:05,Гарантированный платеж за деньги
34532,2021-03-06 01:21:32,Информер ВК. Показ
34532,2021-03-12 14:10:04,Информер ВК. Показ
34532,2021-03-31 12:18:55,Информер ВК. Показ
34532,2021-04-06 17:02:09,Информер ВК. Показ
34532,2021-04-17 09:21:42,Информер ВК. Показ
34532,2021-04-23 16:49:21,Просмотр раздела Тайный покупатель
49832,2021-03-06 22:56:48,Включение интернета на 20 минут
49832,2021-03-06 22:56:49,Включение интернета на 20 минут
49832,2021-04-06 11:50:52,Включение интернета на 20 минут
49832,2021-04-06 11:50:53,Включение интернета на 20 минут
50840,2021-03-01 22:47:53,Включение интернета на 20 минут
50840,2021-03-01 22:47:54,Включение интернета на 20 минут
50840,2021-03-04 16:05:45,Гарантированный платеж за деньги
50840,2021-03-10 17:28:36,Гарантированный платеж за деньги
50840,2021-03-26 21:16:59,Включение интернета на 20 минут
50840,2021-03-26 21:17:00,Включение интернета на 20 минут
50840,2021-04-05 17:41:23,Включение интернета на 20 минут
50840,2021-04-05 17:41:24,Включение интернета на 20 минут
50840,2021-04-09 03:58:15,Включение интернета на 20 минут
50840,2021-04-09 03:58:16,Включение интернета на 20 минут
50840,2021-04-21 14:56:53,Гарантированный платеж за деньги
50848,2021-03-05 05:23:02,Гарантированный платеж за деньги
50848,2021-03-08 22:15:42,Информер ВК. Показ
50848,2021-03-08 22:16:15,Информер ВК. Показ
50848,2021-03-09 16:56:27,Включение интернета на 20 минут
50848,2021-03-17 17:01:32,Включение интернета на 20 минут
50848,2021-03-17 17:01:41,Информер ВК. Показ
50848,2021-03-17 17:01:54,Гарантированный платеж за деньги
50848,2021-03-20 17:16:26,Включение интернета на 20 минут
50848,2021-03-24 18:12:02,Включение интернета на 20 минут
50848,2021-04-01 18:30:31,Гарантированный платеж за деньги
50848,2021-04-04 22:32:15,Гарантированный платеж за деньги
50848,2021-04-08 20:08:18,Включение интернета на 20 минут
50848,2021-04-11 04:25:52,Гарантированный платеж за деньги
50848,2021-04-14 16:51:54,Включение интернета на 20 минут
50848,2021-04-15 17:11:24,Гарантированный платеж за деньги
50848,2021-04-19 02:21:38,Включение интернета на 20 минут
50848,2021-04-22 11:48:58,Включение интернета на 20 минут
50848,2021-04-22 11:49:12,Информер ВК. Показ
50848,2021-04-22 11:49:25,Гарантированный платеж за деньги
50848,2021-04-25 13:28:44,Включение интернета на 20 минут
50848,2021-04-29 20:10:38,Гарантированный платеж за деньги
50850,2021-04-28 21:55:15,Включение интернета на 20 минут
50850,2021-04-28 21:55:16,Включение интернета на 20 минут
50854,2021-04-17 13:28:18,Информер ВК. Показ
50854,2021-04-17 13:30:00,Информер ВК. Показ
50854,2021-04-17 13:36:19,Информер ВК. Показ
50854,2021-04-17 13:40:39,Смена пароля
50863,2021-03-04 20:40:58,Включение интернета на 20 минут с IVR
50864,2021-04-05 20:19:53,Информер ВК. Показ
50878,2021-03-09 21:27:39,Информер ВК. Показ
50878,2021-03-09 21:27:45,Гарантированный платеж за деньги
50878,2021-03-28 23:03:22,Гарантированный платеж за деньги
50878,2021-04-10 23:31:10,Включение интернета на 20 минут
50878,2021-04-16 12:39:09,Информер ВК. Показ
50878,2021-04-16 12:39:15,Турбокнопка бесплатно
50878,2021-04-27 12:43:14,Информер ВК. Показ
50878,2021-04-27 12:43:20,Турбокнопка бесплатно
30493,2021-03-28 13:53:55,Включение интернета на 20 минут
50195,2021-03-02 18:37:31,Информер ВК. Показ
50195,2021-03-02 18:37:38,Информер ВК. Показ
50195,2021-04-04 20:54:57,Информер ВК. Показ
50195,2021-04-04 20:55:06,Включение интернета на 20 минут
50195,2021-04-04 20:58:48,Информер ВК. Показ
50195,2021-04-21 14:37:47,Информер ВК. Показ
50195,2021-04-21 14:37:53,Абонент оставил отзыв в Личном кабинете
50907,2021-03-01 15:59:49,Включение автоматической активации ГП
50907,2021-03-01 16:00:26,Отключение автоматической активации ГП
50907,2021-03-01 16:01:55,Включение автоматической активации ГП
50907,2021-03-14 15:34:02,Включение автоматической активации ГП
50907,2021-03-16 14:59:08,Информер ВК. Показ
50907,2021-03-29 22:41:09,Информер ВК. Показ
50907,2021-04-03 09:17:06,Информер ВК. Показ
50907,2021-04-17 16:37:00,Информер ВК. Показ
50907,2021-04-22 16:24:38,Включение автоматической активации ГП
50908,2021-03-01 15:26:57,Информер ВК. Показ
50908,2021-03-01 15:28:03,Гарантированный платеж за деньги
50908,2021-03-05 02:08:12,Включение интернета на 20 минут
50908,2021-03-05 21:09:59,Информер ВК. Показ
50908,2021-03-05 23:34:22,Гарантированный платеж за деньги
50908,2021-03-12 12:03:00,Гарантированный платеж за деньги
50908,2021-03-21 16:00:09,Гарантированный платеж за деньги
50908,2021-03-24 16:12:47,Включение интернета на 20 минут
50908,2021-03-24 16:12:48,Включение интернета на 20 минут
50908,2021-03-30 18:57:53,Информер ВК. Показ
50908,2021-03-30 18:58:16,Гарантированный платеж за деньги
50908,2021-04-04 10:55:11,Информер ВК. Показ
50908,2021-04-04 10:55:40,Гарантированный платеж за деньги
50908,2021-04-08 08:35:24,Включение интернета на 20 минут
50908,2021-04-15 18:07:59,Информер ВК. Показ
50908,2021-04-15 18:08:43,Гарантированный платеж за деньги
50908,2021-04-19 19:00:21,Гарантированный платеж за деньги
50908,2021-04-26 17:46:38,Гарантированный платеж за деньги
50908,2021-04-29 18:23:24,Просмотр раздела Тайный покупатель
50908,2021-04-29 18:25:43,Гарантированный платеж за деньги
50921,2021-04-15 12:09:30,Информер ВК. Показ
50921,2021-04-15 12:23:55,Информер ВК. Показ
50921,2021-04-15 12:33:33,Информер ВК. Показ
50925,2021-03-14 17:28:17,Гарантированный платеж за деньги
50925,2021-04-14 19:05:26,Включение интернета на 20 минут с IVR
50935,2021-03-11 19:32:56,Включение интернета на 20 минут
50935,2021-03-11 19:32:57,Включение интернета на 20 минут
50935,2021-04-07 18:12:35,Включение интернета на 20 минут
50935,2021-04-07 18:12:36,Включение интернета на 20 минут
50935,2021-04-07 18:12:44,Гарантированный платеж за деньги
50936,2021-03-07 18:40:54,Гарантированный платеж за деньги
50936,2021-03-10 20:09:13,Включение интернета на 20 минут
50936,2021-03-23 22:32:57,Информер ВК. Показ
50936,2021-03-23 22:33:14,Гарантированный платеж за деньги
50936,2021-03-30 22:55:45,Информер ВК. Показ
50936,2021-03-30 22:56:04,Гарантированный платеж за деньги
50936,2021-04-02 23:05:34,Включение интернета на 20 минут
50936,2021-04-02 23:26:32,Информер ВК. Показ
50936,2021-04-02 23:26:46,Гарантированный платеж за деньги
50936,2021-04-07 23:31:26,Гарантированный платеж за деньги
50936,2021-04-11 23:42:17,Гарантированный платеж за деньги
50936,2021-04-25 23:54:24,Информер ВК. Показ
50936,2021-04-25 23:54:38,Гарантированный платеж за деньги
50936,2021-04-29 06:17:51,Включение интернета на 20 минут
50939,2021-03-07 08:45:45,Информер ВК. Показ
50939,2021-03-07 09:13:50,Информер ВК. Показ
50939,2021-03-09 18:31:45,Информер ВК. Показ
50939,2021-03-24 22:50:01,Турбокнопка платно (1 час)
38846,2021-03-26 07:58:47,Информер ВК. Показ
50940,2021-03-07 14:39:19,Информер ВК. Показ
50940,2021-03-07 14:39:33,Информер ВК. Показ
50940,2021-03-07 14:39:36,Информер ВК. Показ
50940,2021-03-21 20:09:07,Турбокнопка платно (1 сутки)
50949,2021-03-04 22:37:09,Гарантированный платеж за деньги
50949,2021-03-14 23:23:16,Информер ВК. Показ
50949,2021-03-14 23:28:39,Гарантированный платеж за деньги
50949,2021-04-28 00:45:07,Гарантированный платеж за деньги
50952,2021-04-14 06:42:29,Включение интернета на 20 минут
50953,2021-03-07 06:06:31,Включение интернета на 20 минут
50953,2021-03-20 22:41:46,Включение интернета на 20 минут
50953,2021-03-21 23:09:53,Включение интернета на 20 минут
50953,2021-04-21 22:08:34,Информер ВК. Показ
50953,2021-04-21 22:16:55,Информер ВК. Показ
50953,2021-04-21 22:17:25,Информер ВК. Показ
50954,2021-03-22 21:42:45,Информер ВК. Показ
50954,2021-03-22 21:44:31,Информер ВК. Показ
50954,2021-03-22 21:44:44,Информер ВК. Показ
50957,2021-03-12 19:03:52,Информер ВК. Показ
50959,2021-04-17 16:27:44,Информер ВК. Показ
50962,2021-03-10 19:02:39,Информер ВК. Показ
50962,2021-03-10 19:04:34,Информер ВК. Показ
50962,2021-04-10 22:14:24,Гарантированный платеж за деньги
50962,2021-04-13 22:24:50,Гарантированный платеж за деньги
50962,2021-04-16 22:34:18,Информер ВК. Показ
50962,2021-04-16 22:34:27,Абонент оставил отзыв в Личном кабинете
50962,2021-04-16 22:36:13,Информер ВК. Показ
50964,2021-03-12 20:19:17,Включение интернета на 20 минут
50964,2021-03-14 15:21:36,Информер ВК. Показ
30344,2021-03-18 17:44:14,Информер ВК. Показ
50992,2021-04-23 20:01:52,Включение интернета на 20 минут с IVR
28711,2021-03-02 21:08:18,Информер ВК. Показ
28711,2021-03-17 00:13:20,Информер ВК. Показ
28711,2021-03-28 10:44:55,Информер ВК. Показ
28711,2021-04-09 20:44:09,Информер ВК. Показ
49469,2021-03-02 22:50:51,Информер ВК. Показ
49469,2021-03-02 22:51:15,Турбокнопка платно (1 час)
49469,2021-03-12 11:22:49,Включение интернета на 20 минут
49469,2021-03-12 11:23:01,Информер ВК. Показ
49469,2021-04-12 14:32:45,Информер ВК. Показ
49469,2021-04-12 14:33:35,Информер ВК. Показ
49469,2021-04-29 23:40:20,Информер ВК. Показ
12615,2021-03-03 18:52:52,Информер ВК. Показ
12615,2021-03-03 18:52:56,Информер ВК. Показ
12615,2021-04-04 02:53:09,Информер ВК. Показ
12615,2021-04-04 02:53:29,Включение интернета на 20 минут
12615,2021-04-05 17:25:12,Информер ВК. Показ
12615,2021-04-05 17:54:41,Включение интернета на 20 минут
12615,2021-04-06 07:28:00,Информер ВК. Показ
8216,2021-03-29 21:35:13,Информер ВК. Показ
8216,2021-04-29 20:24:17,Информер ВК. Показ
8216,2021-04-29 20:24:24,Информер ВК. Показ
51009,2021-03-09 13:12:49,Информер ВК. Показ
51009,2021-03-09 13:12:53,Информер ВК. Показ
51009,2021-03-09 13:13:38,Информер ВК. Показ
51009,2021-03-17 20:20:11,Гарантированный платеж за деньги
51009,2021-03-21 20:49:31,Включение интернета на 20 минут
51009,2021-03-21 20:49:32,Включение интернета на 20 минут
51009,2021-04-27 10:56:04,Информер ВК. Показ
51013,2021-04-29 18:11:26,Принято заявление и доп. соглашение по переезду
51013,2021-04-29 18:11:28,Информер ВК. Показ
51017,2021-03-15 00:18:21,Информер ВК. Показ
51017,2021-04-06 18:21:05,Информер ВК. Показ
11287,2021-03-29 18:55:22,Информер ВК. Показ
51021,2021-03-02 02:23:39,Информер ВК. Показ
51021,2021-03-02 02:24:34,Информер ВК. Показ
51021,2021-03-02 02:24:51,Информер ВК. Показ
51021,2021-03-02 02:25:18,Гарантированный платеж за деньги
51021,2021-03-14 04:04:21,Гарантированный платеж за деньги
51021,2021-03-27 14:50:43,Гарантированный платеж за деньги
51021,2021-04-08 22:53:00,Включение интернета на 20 минут
51021,2021-04-08 22:53:10,Информер ВК. Показ
51021,2021-04-26 22:02:56,Информер ВК. Показ
50975,2021-03-21 12:41:47,Информер ВК. Показ
50975,2021-03-21 12:42:19,Бонус-скорость
50975,2021-03-26 20:29:44,Информер ВК. Показ
50975,2021-03-26 20:29:50,Включение интернета на 20 минут
50975,2021-03-26 20:31:10,Информер ВК. Показ
50975,2021-03-27 11:24:08,Бонус-скорость
50975,2021-04-03 13:10:57,Бонус-скорость
50975,2021-04-23 19:46:52,Информер ВК. Показ
51030,2021-03-18 22:56:26,Информер ВК. Показ
51030,2021-03-21 15:18:41,Информер ВК. Показ
51030,2021-04-11 22:32:29,Информер ВК. Показ
51030,2021-04-19 23:35:03,Информер ВК. Показ
51030,2021-04-19 23:35:07,Информер ВК. Показ
51031,2021-04-23 20:14:28,Включение интернета на 20 минут с IVR
51034,2021-03-03 22:39:33,Информер ВК. Показ
51034,2021-03-07 00:33:46,Информер ВК. Показ
51034,2021-03-14 19:52:10,Просмотр раздела Тайный покупатель
51034,2021-03-27 22:25:21,Информер ВК. Показ
51034,2021-04-06 18:36:20,Информер ВК. Показ
51034,2021-04-07 18:19:55,Информер ВК. Показ
51034,2021-04-29 22:57:58,Информер ВК. Показ
51038,2021-03-06 23:13:45,Информер ВК. Показ
51038,2021-03-06 23:16:13,Информер ВК. Показ
11646,2021-04-12 00:32:55,Информер ВК. Показ
11646,2021-04-12 00:33:03,Информер ВК. Показ
11646,2021-04-12 00:33:12,Информер ВК. Показ
9494,2021-03-04 01:54:22,Включение интернета на 20 минут
9494,2021-03-04 01:54:26,Информер ВК. Показ
9494,2021-03-04 09:02:33,Информер ВК. Показ
9494,2021-03-21 19:18:20,Информер ВК. Показ
9494,2021-04-04 15:15:51,Включение интернета на 20 минут
9494,2021-04-04 15:15:55,Информер ВК. Показ
9494,2021-04-04 15:18:16,Информер ВК. Показ
9494,2021-04-23 23:43:26,Информер ВК. Показ
10819,2021-03-25 09:27:23,Включение интернета на 20 минут
10819,2021-03-25 09:27:24,Включение интернета на 20 минут
51045,2021-04-15 10:21:08,Информер ВК. Показ
51045,2021-04-15 10:22:47,Информер ВК. Показ
51045,2021-04-15 10:23:06,Информер ВК. Показ
51053,2021-03-25 22:59:01,Информер ВК. Показ
51053,2021-03-25 23:00:36,Информер ВК. Показ
51053,2021-03-25 23:01:41,Информер ВК. Показ
51053,2021-04-21 09:07:10,Гарантированный платеж за деньги
51053,2021-04-24 10:13:27,Включение интернета на 20 минут
51053,2021-04-29 19:23:30,Информер ВК. Показ
51084,2021-03-04 23:29:56,Гарантированный платеж за деньги
51084,2021-03-11 15:37:42,Информер ВК. Показ
51084,2021-03-11 15:37:58,Гарантированный платеж за деньги
51084,2021-03-17 17:33:48,Гарантированный платеж за деньги
51084,2021-03-25 10:04:42,Информер ВК. Показ
51084,2021-03-25 11:56:28,Информер ВК. Показ
51084,2021-03-31 17:00:15,Гарантированный платеж за деньги
51084,2021-04-03 17:42:11,Включение интернета на 20 минут
51084,2021-04-13 14:57:17,Информер ВК. Показ
51084,2021-04-13 19:08:19,Включение автоматической активации ГП
51084,2021-04-29 17:40:53,Информер ВК. Показ
51084,2021-04-29 17:41:19,Включение автоматической активации ГП
51085,2021-03-01 10:23:30,Включение IPTV-пакета
51085,2021-04-19 23:24:38,Информер ВК. Показ
51089,2021-03-07 16:55:22,Информер ВК. Показ
51089,2021-03-07 16:55:28,Турбокнопка бесплатно
51089,2021-03-08 17:55:02,Турбокнопка бесплатно
51089,2021-03-10 19:00:12,Турбокнопка бесплатно
51089,2021-04-22 23:09:44,Информер ВК. Показ
51089,2021-04-22 23:09:54,Турбокнопка платно (1 час)
51089,2021-04-28 18:04:22,Информер ВК. Показ
51089,2021-04-28 18:04:42,Турбокнопка бесплатно
10187,2021-03-28 11:39:15,Информер ВК. Показ
10187,2021-04-26 23:12:16,Информер ВК. Показ
10187,2021-04-26 23:18:29,Информер ВК. Показ
10187,2021-04-26 23:22:18,Просмотр раздела Тайный покупатель
51094,2021-03-20 11:15:32,Информер ВК. Показ
51094,2021-03-20 11:18:34,Информер ВК. Показ
51094,2021-03-20 12:19:17,Получение подарка в ЛК: 1 месяц бесплатного просмотра IPTV
51094,2021-03-20 12:19:47,Получение подарка в ЛК: сутки интернета на максимальной скорости
51096,2021-03-12 23:32:21,Информер ВК. Показ
51096,2021-03-12 23:33:10,Информер ВК. Показ
51096,2021-03-27 13:23:20,Информер ВК. Показ
51098,2021-04-10 22:00:06,Информер ВК. Показ
51098,2021-04-10 22:00:30,Информер ВК. Показ
51098,2021-04-14 20:52:00,Информер ВК. Показ
51106,2021-04-29 19:27:47,Выключение IPTV-пакета
14131,2021-04-02 10:32:07,Информер ВК. Показ
10311,2021-03-24 09:25:36,Включение интернета на 20 минут
10311,2021-03-24 09:27:41,Информер ВК. Показ
10311,2021-04-07 16:37:26,Информер ВК. Показ
10311,2021-04-08 09:04:40,Информер ВК. Показ
10311,2021-04-24 12:34:58,Включение интернета на 20 минут
10311,2021-04-24 12:37:29,Информер ВК. Показ
51113,2021-03-03 14:52:01,Включение интернета на 20 минут
51113,2021-03-03 15:18:45,Гарантированный платеж за деньги
51113,2021-03-06 15:35:23,Включение интернета на 20 минут
51113,2021-03-06 16:22:39,Гарантированный платеж за деньги
51113,2021-03-09 16:41:28,Гарантированный платеж за деньги
51113,2021-03-12 17:50:12,Гарантированный платеж за деньги
51113,2021-03-12 17:53:16,Включение интернета на 20 минут
51113,2021-03-15 18:06:38,Включение интернета на 20 минут
51113,2021-03-15 18:33:58,Включение интернета на 20 минут с IVR
51118,2021-03-30 21:56:13,Гарантированный платеж за деньги
51118,2021-04-02 22:52:06,Включение IPTV-пакета
51118,2021-04-05 13:20:18,Гарантированный платеж за деньги
51118,2021-04-06 03:04:19,Информер ВК. Показ
51118,2021-04-06 03:05:04,Информер ВК. Показ
51118,2021-04-08 16:12:10,Гарантированный платеж за деньги
51118,2021-04-11 01:48:33,Информер ВК. Показ
51119,2021-03-05 10:47:22,Гарантированный платеж за деньги
51119,2021-03-09 10:53:03,Гарантированный платеж за деньги
51119,2021-03-13 11:09:09,Гарантированный платеж за деньги
51119,2021-03-17 17:53:25,Информер ВК. Показ
51119,2021-03-17 17:53:58,Гарантированный платеж за деньги
51119,2021-03-21 18:03:50,Информер ВК. Показ
51119,2021-03-21 18:04:24,Гарантированный платеж за деньги
51119,2021-03-23 08:21:19,Информер ВК. Показ
51119,2021-03-25 18:32:42,Гарантированный платеж за деньги
51119,2021-04-01 00:18:50,Гарантированный платеж за деньги
51119,2021-04-08 00:18:10,Гарантированный платеж за деньги
51119,2021-04-18 22:49:24,Информер ВК. Показ
51119,2021-04-19 19:36:37,Включение интернета на 20 минут
51119,2021-04-19 19:45:23,Гарантированный платеж за деньги
51119,2021-04-23 23:14:53,Информер ВК. Показ
51119,2021-04-23 23:15:51,Гарантированный платеж за деньги
51119,2021-04-28 02:41:44,Информер ВК. Показ
51119,2021-04-28 02:41:58,Гарантированный платеж за деньги
51123,2021-03-11 17:10:28,Гарантированный платеж за деньги
51128,2021-03-21 23:13:15,Информер ВК. Показ
51134,2021-03-02 20:22:34,Информер ВК. Показ
51134,2021-03-09 08:11:33,Гарантированный платеж за деньги
51134,2021-04-08 07:37:24,Информер ВК. Показ
51134,2021-04-08 07:41:30,Информер ВК. Показ
51134,2021-04-08 13:39:47,Информер ВК. Показ
51137,2021-03-03 18:37:26,Информер ВК. Показ
51137,2021-03-03 18:37:43,Гарантированный платеж за деньги
51137,2021-03-06 20:00:04,Гарантированный платеж за деньги
51137,2021-04-13 19:09:26,Включение интернета на 20 минут с IVR
51138,2021-03-09 15:27:35,Гарантированный платеж за деньги
51138,2021-03-20 17:22:18,Информер ВК. Показ
51138,2021-03-20 17:24:01,Информер ВК. Показ
51138,2021-03-31 18:21:06,Информер ВК. Показ
51138,2021-04-12 21:02:21,Гарантированный платеж за деньги
51138,2021-04-28 01:08:51,Информер ВК. Показ
51141,2021-03-06 10:00:55,Включение интернета на 20 минут
51141,2021-03-06 10:00:58,Информер ВК. Показ
51141,2021-03-06 10:01:07,Гарантированный платеж за деньги
51141,2021-03-14 11:47:49,Информер ВК. Показ
51141,2021-03-14 11:48:04,Включение автоматической активации ГП
51141,2021-03-16 10:36:17,Информер ВК. Показ
51141,2021-03-18 15:10:00,Включение интернета на 20 минут
51141,2021-03-18 15:10:12,Гарантированный платеж за деньги
51141,2021-03-21 15:40:51,Включение интернета на 20 минут
51141,2021-03-29 16:04:55,Гарантированный платеж за деньги
51141,2021-04-08 16:11:05,Гарантированный платеж за деньги
51141,2021-04-29 21:20:59,Включение интернета на 20 минут
51141,2021-04-29 21:21:03,Информер ВК. Показ
51141,2021-04-29 21:21:12,Гарантированный платеж за деньги
51142,2021-03-02 12:03:47,Информер ВК. Показ
51142,2021-03-02 12:03:52,Турбокнопка бесплатно
51142,2021-03-13 10:43:44,Информер ВК. Показ
51142,2021-03-13 10:43:50,Турбокнопка бесплатно
51142,2021-03-19 14:26:49,Информер ВК. Показ
51142,2021-03-19 14:26:55,Турбокнопка бесплатно
51142,2021-03-20 12:24:04,Турбокнопка бесплатно
51142,2021-03-25 17:10:33,Турбокнопка бесплатно
51142,2021-03-27 17:16:57,Турбокнопка бесплатно
51142,2021-03-30 18:09:55,Турбокнопка бесплатно
51142,2021-04-02 18:55:19,Информер ВК. Показ
51142,2021-04-02 18:55:24,Турбокнопка бесплатно
51142,2021-04-10 11:06:04,Турбокнопка бесплатно
51142,2021-04-11 10:05:10,Турбокнопка бесплатно
51142,2021-04-13 08:58:11,Турбокнопка бесплатно
51142,2021-04-14 09:46:58,Информер ВК. Показ
51142,2021-04-14 09:47:04,Турбокнопка бесплатно
51142,2021-04-17 11:47:14,Турбокнопка бесплатно
51142,2021-04-28 14:56:45,Информер ВК. Показ
51142,2021-04-28 14:56:53,Турбокнопка бесплатно
9294,2021-03-25 17:22:39,Включение интернета на 20 минут с IVR
51171,2021-03-02 16:04:04,Включение интернета на 20 минут
51171,2021-03-03 16:09:13,Турбокнопка бесплатно
51171,2021-03-13 02:18:25,Турбокнопка бесплатно
51171,2021-03-16 16:38:30,Гарантированный платеж за деньги
51171,2021-03-18 06:34:56,Турбокнопка бесплатно
51171,2021-03-20 08:04:17,Турбокнопка бесплатно
51171,2021-03-20 17:27:45,Информер ВК. Показ
51171,2021-03-21 19:12:51,Турбокнопка бесплатно
51171,2021-03-23 15:10:26,Информер ВК. Показ
51171,2021-03-25 01:18:55,Турбокнопка бесплатно
51171,2021-03-28 19:09:38,Информер ВК. Показ
51171,2021-03-28 19:09:46,Турбокнопка бесплатно
51171,2021-04-04 00:54:20,Турбокнопка бесплатно
51171,2021-04-12 16:42:11,Включение интернета на 20 минут
51171,2021-04-14 19:13:58,Турбокнопка бесплатно
51171,2021-04-19 17:13:50,Включение интернета на 20 минут
51171,2021-04-19 17:41:56,Гарантированный платеж за деньги
51171,2021-04-23 14:58:17,Информер ВК. Показ
51171,2021-04-24 22:00:50,Информер ВК. Показ
51171,2021-04-25 17:53:04,Включение интернета на 20 минут
51171,2021-04-29 06:33:19,Информер ВК. Показ
51171,2021-04-29 06:33:24,Турбокнопка бесплатно
51174,2021-04-19 19:03:37,Информер ВК. Показ
51175,2021-03-09 20:22:30,Информер ВК. Показ
51175,2021-03-09 20:26:31,Информер ВК. Показ
51175,2021-03-27 14:34:41,Информер ВК. Показ
51186,2021-03-04 11:46:55,Включение интернета на 20 минут с IVR
51186,2021-04-09 15:41:54,Информер ВК. Показ
51194,2021-03-12 00:41:56,Включение интернета на 20 минут
51194,2021-04-17 01:12:50,Включение интернета на 20 минут
51194,2021-04-17 01:14:14,Информер ВК. Показ
51202,2021-03-01 17:08:53,Включение интернета на 20 минут
51202,2021-03-03 19:04:17,Гарантированный платеж за деньги
51202,2021-03-12 19:31:14,Гарантированный платеж за деньги
51216,2021-03-11 15:04:08,Информер ВК. Показ
51216,2021-03-11 15:04:25,Включение интернета на 20 минут
51216,2021-03-25 12:49:09,Информер ВК. Показ
51216,2021-04-14 15:49:58,Информер ВК. Показ
51221,2021-03-01 15:18:43,Включение интернета на 20 минут
51221,2021-03-09 14:25:00,Информер ВК. Показ
51221,2021-03-11 12:30:30,Информер ВК. Показ
51221,2021-04-24 11:59:16,Включение интернета на 20 минут
51225,2021-03-03 01:01:15,Включение интернета на 20 минут
51225,2021-04-03 01:12:43,Включение интернета на 20 минут
51237,2021-03-21 11:04:10,Гарантированный платеж за деньги
51237,2021-03-24 11:23:01,Включение интернета на 20 минут
51237,2021-03-24 12:14:04,Гарантированный платеж за деньги
51245,2021-03-04 17:31:03,Гарантированный платеж за деньги
51245,2021-04-01 21:39:12,Гарантированный платеж за деньги
36563,2021-03-19 13:49:30,Информер ВК. Показ
50886,2021-04-25 19:54:33,Изменение пакета HD. Закрытие лендинг-информера
50886,2021-04-25 19:54:38,Включение IPTV-пакета
51264,2021-03-25 09:33:21,Включение интернета на 20 минут
51264,2021-03-25 09:33:22,Включение интернета на 20 минут
51266,2021-03-06 02:39:40,Гарантированный платеж за деньги
51266,2021-04-08 11:09:16,Информер ВК. Показ
51266,2021-04-09 12:52:55,Гарантированный платеж за деньги
51266,2021-04-09 22:18:08,Информер ВК. Показ
51266,2021-04-10 09:46:40,Информер ВК. Показ
51266,2021-04-10 16:20:39,Турбокнопка бесплатно
51266,2021-04-12 19:50:39,Включение интернета на 20 минут с IVR
51266,2021-04-14 18:41:32,Турбокнопка бесплатно
51267,2021-03-15 22:28:59,Информер ВК. Показ
51267,2021-03-19 21:12:45,Информер ВК. Показ
51267,2021-04-21 22:13:06,Информер ВК. Показ
51267,2021-04-21 22:16:10,Информер ВК. Показ
51267,2021-04-21 22:18:52,Информер ВК. Показ
11969,2021-03-01 20:31:20,Информер ВК. Показ
11969,2021-03-02 13:46:37,Информер ВК. Показ
11969,2021-03-02 13:46:40,Информер ВК. Закрытие
11969,2021-03-03 20:14:10,Включение интернета на 20 минут
11969,2021-04-05 21:10:46,Информер ВК. Показ
11969,2021-04-05 21:10:49,Информер ВК. Закрытие
11969,2021-04-25 16:25:50,Бонус-скорость
51284,2021-03-03 22:15:29,Включение интернета на 20 минут
51284,2021-03-07 02:05:09,Включение интернета на 20 минут с IVR
51284,2021-03-30 18:51:02,Информер ВК. Показ
51284,2021-04-01 17:29:19,Информер ВК. Показ
51284,2021-04-02 14:43:14,Информер ВК. Показ
51284,2021-04-12 18:43:17,Включение интернета на 20 минут
51284,2021-04-12 18:43:18,Включение интернета на 20 минут
51284,2021-04-24 23:12:46,Включение интернета на 20 минут
51284,2021-04-27 23:25:48,Включение интернета на 20 минут
51289,2021-03-14 22:21:38,Информер ВК. Показ
51289,2021-03-14 22:23:49,Информер ВК. Показ
51289,2021-03-14 22:24:41,Информер ВК. Показ
51289,2021-04-14 22:44:22,Информер ВК. Показ
51289,2021-04-28 22:55:44,Информер ВК. Показ
13390,2021-03-03 16:34:26,Гарантированный платеж за деньги
13390,2021-03-06 17:46:10,Включение интернета на 20 минут
13390,2021-03-10 17:23:49,Гарантированный платеж за деньги
13390,2021-03-15 17:36:43,Гарантированный платеж за деньги
13390,2021-03-18 18:49:13,Включение интернета на 20 минут
13390,2021-03-20 10:53:26,Гарантированный платеж за деньги
13390,2021-03-26 15:40:30,Включение интернета на 20 минут
13390,2021-04-02 12:24:09,Гарантированный платеж за деньги
13390,2021-04-05 17:40:32,Включение интернета на 20 минут
13390,2021-04-07 21:44:08,Гарантированный платеж за деньги
51322,2021-03-29 19:52:38,Просмотр раздела Тайный покупатель
51322,2021-03-30 11:16:10,Информер ВК. Показ
51322,2021-03-30 11:16:38,Информер ВК. Показ
51322,2021-03-30 11:17:27,Информер ВК. Показ
8519,2021-03-03 21:30:55,Информер ВК. Показ
8519,2021-03-15 19:24:28,Информер ВК. Показ
8519,2021-03-16 20:36:45,Информер ВК. Показ
8519,2021-04-10 18:58:11,Информер ВК. Показ
51331,2021-03-02 23:12:15,Информер ВК. Показ
51331,2021-03-15 20:54:08,Информер ВК. Показ
51331,2021-03-20 21:59:28,Информер ВК. Показ
51331,2021-03-24 00:23:56,Турбокнопка бесплатно
51331,2021-03-31 17:30:39,Турбокнопка бесплатно
51331,2021-04-06 12:56:04,Информер ВК. Показ
51331,2021-04-17 16:59:37,Информер ВК. Показ
51331,2021-04-25 22:04:37,Информер ВК. Показ
51337,2021-03-02 09:00:53,Включение интернета на 20 минут
51337,2021-03-05 16:55:17,Показ информатора об изменении уведомлений через ВК платформу
51337,2021-03-06 15:18:10,Включение интернета на 20 минут
51337,2021-03-10 00:05:33,Включение интернета на 20 минут
51337,2021-03-13 19:35:43,Показ информатора об изменении уведомлений через ВК платформу
51337,2021-03-13 19:35:47,Включение интернета на 20 минут
51337,2021-03-15 15:52:47,Включение интернета на 20 минут
51337,2021-03-18 17:34:38,Показ информатора об изменении уведомлений через ВК платформу
51337,2021-03-18 17:34:58,Включение интернета на 20 минут
51337,2021-03-25 08:26:22,Включение интернета на 20 минут
51337,2021-03-31 16:26:59,Включение интернета на 20 минут
51337,2021-04-01 18:46:28,Включение интернета на 20 минут
51337,2021-04-10 16:08:43,Показ информатора об изменении уведомлений через ВК платформу
51337,2021-04-11 16:44:20,Включение интернета на 20 минут
51337,2021-04-15 07:23:30,Показ информатора об изменении уведомлений через ВК платформу
51337,2021-04-16 17:11:26,Включение интернета на 20 минут
51337,2021-04-19 17:02:58,Показ информатора об изменении уведомлений через ВК платформу
51337,2021-04-29 14:10:57,Включение интернета на 20 минут
51114,2021-04-26 00:07:39,Информер ВК. Показ
51114,2021-04-26 00:08:49,Информер ВК. Показ
51114,2021-04-26 00:11:12,Информер ВК. Показ
51355,2021-03-10 23:57:48,Информер ВК. Показ
51355,2021-03-18 01:10:24,Информер ВК. Показ
51355,2021-03-21 22:33:13,Информер ВК. Показ
51355,2021-04-14 23:06:56,Информер ВК. Показ
51355,2021-04-21 22:44:55,Информер ВК. Показ
51355,2021-04-21 22:47:58,Информер ВК. Показ
51362,2021-03-30 23:04:10,Информер ВК. Показ
51362,2021-03-30 23:04:17,Информер ВК. Показ
51362,2021-04-20 13:58:38,Информер ВК. Показ
51366,2021-03-21 18:42:14,Информер ВК. Показ
51366,2021-04-04 18:27:05,Информер ВК. Показ
51366,2021-04-22 18:22:03,Информер ВК. Показ
51366,2021-04-22 18:25:32,Информер ВК. Показ
51368,2021-03-13 13:17:22,Информер ВК. Показ
51368,2021-03-13 21:08:36,Информер ВК. Показ
51368,2021-03-14 16:04:38,Информер ВК. Показ
51368,2021-04-22 22:44:37,Информер ВК. Показ
51368,2021-04-23 22:03:13,Гарантированный платеж за деньги
51368,2021-04-23 22:03:21,Информер ВК. Показ
51368,2021-04-24 13:56:23,Информер ВК. Показ
30816,2021-03-22 23:29:55,Гарантированный платеж за деньги
30816,2021-03-26 18:10:12,Включение интернета на 20 минут
30816,2021-04-08 21:04:37,Включение интернета на 20 минут
51372,2021-03-12 14:08:19,Информер ВК. Показ
51372,2021-03-12 14:09:07,Гарантированный платеж за деньги
51372,2021-03-15 14:34:51,Информер ВК. Показ
51372,2021-03-18 16:06:58,Информер ВК. Показ
51374,2021-03-31 18:31:22,Включение интернета на 20 минут
51374,2021-04-22 00:17:06,Включение интернета на 20 минут
51381,2021-03-02 01:54:51,Включение интернета на 20 минут
51381,2021-03-02 01:54:52,Включение интернета на 20 минут
51381,2021-03-05 02:06:14,Гарантированный платеж за деньги
51381,2021-03-11 16:04:09,Гарантированный платеж за деньги
51381,2021-03-14 02:34:38,Информер ВК. Показ
51381,2021-03-14 15:01:03,Информер ВК. Показ
51381,2021-03-17 16:31:46,Гарантированный платеж за деньги
51381,2021-03-23 20:40:19,Информер ВК. Показ
51381,2021-03-23 20:40:34,Гарантированный платеж за деньги
51381,2021-03-31 03:01:18,Включение интернета на 20 минут
51381,2021-03-31 03:22:48,Гарантированный платеж за деньги
51381,2021-04-03 09:07:37,Включение интернета на 20 минут
51381,2021-04-06 15:35:16,Гарантированный платеж за деньги
51381,2021-04-09 18:46:50,Включение интернета на 20 минут
51381,2021-04-09 18:46:51,Включение интернета на 20 минут
51381,2021-04-12 23:45:44,Гарантированный платеж за деньги
51381,2021-04-15 23:54:05,Информер ВК. Показ
51381,2021-04-15 23:56:12,Информер ВК. Показ
51381,2021-04-19 01:47:11,Гарантированный платеж за деньги
51381,2021-04-22 16:49:34,Включение интернета на 20 минут
51381,2021-04-27 23:25:49,Информер ВК. Показ
51381,2021-04-27 23:26:02,Гарантированный платеж за деньги
28928,2021-03-09 18:05:52,Информер ВК. Показ
28928,2021-03-09 18:06:13,Турбокнопка бесплатно
28928,2021-03-14 19:56:00,Информер ВК. Показ
28928,2021-03-14 19:56:25,Информер ВК. Показ
28928,2021-03-14 20:17:52,Турбокнопка платно (1 час)
28928,2021-03-21 19:05:40,Турбокнопка бесплатно
28928,2021-03-30 19:01:01,Турбокнопка бесплатно
28928,2021-04-21 16:26:03,Информер ВК. Показ
28928,2021-04-21 16:26:14,Турбокнопка бесплатно
28928,2021-04-22 17:30:19,Информер ВК. Показ
28928,2021-04-29 14:03:11,Информер ВК. Показ
28928,2021-04-29 14:03:33,Турбокнопка бесплатно
30163,2021-03-02 14:01:19,Информер ВК. Показ
30163,2021-03-07 16:50:06,Гарантированный платеж за деньги
30163,2021-03-16 08:14:06,Информер ВК. Показ
30163,2021-03-30 12:23:17,Информер ВК. Показ
30163,2021-04-02 15:36:24,Информер ВК. Показ
30163,2021-04-18 03:00:50,Информер ВК. Показ
51396,2021-03-07 10:25:30,Информер ВК. Показ
51396,2021-03-07 10:28:46,Информер ВК. Показ
51396,2021-03-07 10:30:07,Смена тарифа
51396,2021-03-07 10:30:18,Информер ВК. Показ
51398,2021-03-14 13:02:38,Информер ВК. Показ
51400,2021-03-08 20:42:59,Включение интернета на 20 минут
51400,2021-03-14 19:45:50,Включение интернета на 20 минут
51400,2021-03-15 07:03:48,Гарантированный платеж за деньги
51400,2021-04-20 14:18:21,Гарантированный платеж за деньги
51403,2021-04-21 20:54:33,Получение подарка в ЛК: 1 месяц бесплатного просмотра IPTV
51403,2021-04-21 20:54:42,Получение подарка в ЛК: сутки интернета на максимальной скорости
51407,2021-03-14 09:12:25,Информер ВК. Показ
51407,2021-03-14 09:12:42,Гарантированный платеж за деньги
51407,2021-03-14 09:13:05,Информер ВК. Показ
51407,2021-03-17 13:05:20,Включение интернета на 20 минут
51407,2021-03-22 10:12:29,Включение интернета на 20 минут
51407,2021-03-22 10:13:45,Информер ВК. Показ
51407,2021-03-22 10:13:59,Гарантированный платеж за деньги
51407,2021-03-25 10:39:37,Включение интернета на 20 минут
51407,2021-03-25 11:17:55,Гарантированный платеж за деньги
51407,2021-03-29 19:54:36,Включение интернета на 20 минут
51407,2021-03-29 19:54:37,Включение интернета на 20 минут
51407,2021-03-30 08:56:54,Гарантированный платеж за деньги
51407,2021-04-03 09:04:43,Включение интернета на 20 минут
51407,2021-04-03 09:25:13,Гарантированный платеж за деньги
51407,2021-04-06 19:46:11,Включение интернета на 20 минут
51407,2021-04-07 09:11:25,Гарантированный платеж за деньги
51407,2021-04-10 10:16:59,Включение интернета на 20 минут
51407,2021-04-10 23:11:33,Гарантированный платеж за деньги
51407,2021-04-14 09:38:55,Включение интернета на 20 минут
51407,2021-04-14 10:00:24,Информер ВК. Показ
51407,2021-04-14 10:00:33,Гарантированный платеж за деньги
51407,2021-04-19 14:09:15,Информер ВК. Показ
51407,2021-04-19 14:09:24,Гарантированный платеж за деньги
51407,2021-04-22 14:36:28,Включение интернета на 20 минут
51407,2021-04-23 08:45:38,Информер ВК. Показ
51407,2021-04-23 08:45:47,Гарантированный платеж за деньги
51407,2021-04-26 09:16:26,Включение интернета на 20 минут
51407,2021-04-28 17:39:59,Включение интернета на 20 минут
51408,2021-03-15 22:11:53,Информер ВК. Показ
51408,2021-03-15 22:12:06,Информер ВК. Показ
51408,2021-03-15 22:14:57,Информер ВК. Показ
51408,2021-04-16 08:35:13,Информер ВК. Показ
51408,2021-04-26 09:31:45,Информер ВК. Показ
51405,2021-04-05 17:23:18,Информер ВК. Показ
51405,2021-04-06 17:11:08,Информер ВК. Показ
51405,2021-04-06 17:12:31,Гарантированный платеж за деньги
51405,2021-04-14 17:19:18,Информер ВК. Показ
51405,2021-04-14 17:19:39,Гарантированный платеж за деньги
51405,2021-04-29 21:26:36,Гарантированный платеж за деньги
9338,2021-03-20 07:55:41,Информер ВК. Показ
9338,2021-03-20 07:56:28,Выключение IPTV-пакета
9338,2021-04-09 07:23:09,Информер ВК. Показ
9338,2021-04-09 07:29:57,Информер ВК. Показ
9338,2021-04-22 07:28:13,Информер ВК. Показ
31429,2021-04-29 19:19:19,Включение интернета на 20 минут
31429,2021-04-29 19:19:24,Включение интернета на 20 минут
48083,2021-03-01 17:26:44,Информер ВК. Показ
48083,2021-03-01 17:26:50,Включение интернета на 20 минут
48083,2021-03-01 17:28:22,Информер ВК. Показ
48083,2021-03-05 23:40:33,Информер ВК. Показ
48083,2021-04-03 20:17:57,Информер ВК. Показ
48083,2021-04-12 17:29:26,Информер ВК. Показ
48083,2021-04-12 17:29:28,Информер ВК. Показ
48083,2021-04-12 17:29:30,Включение интернета на 20 минут
48083,2021-04-20 18:54:23,Включение интернета на 20 минут
51416,2021-03-22 22:03:58,Включение интернета на 20 минут
51416,2021-03-22 22:04:08,Информер ВК. Показ
51416,2021-03-22 22:04:27,Гарантированный платеж за деньги
51416,2021-04-18 22:26:20,Включение интернета на 20 минут
51416,2021-04-18 22:26:38,Информер ВК. Показ
51416,2021-04-18 22:26:47,Гарантированный платеж за деньги
51416,2021-04-21 23:37:56,Включение интернета на 20 минут
51416,2021-04-24 08:04:44,Информер ВК. Показ
51417,2021-03-01 11:31:38,Информер ВК. Показ
51417,2021-03-01 16:43:11,Информер ВК. Показ
51417,2021-03-02 11:44:34,Информер ВК. Показ
51417,2021-03-12 00:30:16,Турбокнопка бесплатно
51417,2021-03-17 18:20:57,Турбокнопка бесплатно
51417,2021-04-01 13:25:28,Информер ВК. Показ
51417,2021-04-07 11:35:44,Информер ВК. Показ
51417,2021-04-07 11:36:15,Информер ВК. Показ
51417,2021-04-09 15:21:10,Турбокнопка бесплатно
51417,2021-04-09 15:21:44,Виртуальное бессмертие. Включение
51418,2021-03-14 16:05:43,Информер ВК. Показ
51418,2021-04-10 14:53:22,Информер ВК. Показ
51418,2021-04-10 14:57:57,Информер ВК. Показ
29570,2021-04-02 12:55:17,Информер ВК. Показ
29570,2021-04-02 12:56:17,Включение интернета на 20 минут
29570,2021-04-02 13:01:48,Информер ВК. Показ
51433,2021-03-22 16:56:18,Информер ВК. Показ
51433,2021-04-22 20:59:22,Информер ВК. Показ
51435,2021-03-02 19:19:18,Информер ВК. Показ
51435,2021-03-02 19:20:46,Гарантированный платеж за деньги
51435,2021-03-02 19:21:12,Информер ВК. Показ
51435,2021-03-05 21:05:58,Информер ВК. Показ
51435,2021-03-12 04:04:16,Включение интернета на 20 минут
51435,2021-03-12 04:04:30,Гарантированный платеж за деньги
51435,2021-03-31 22:32:36,Гарантированный платеж за деньги
51435,2021-04-06 22:46:19,Информер ВК. Показ
51435,2021-04-07 10:29:40,Информер ВК. Показ
51435,2021-04-07 10:29:51,Гарантированный платеж за деньги
51435,2021-04-17 11:42:08,Информер ВК. Показ
51435,2021-04-17 11:42:21,Гарантированный платеж за деньги
51435,2021-04-24 00:13:18,Гарантированный платеж за деньги
51435,2021-04-27 14:06:53,Гарантированный платеж за деньги
51438,2021-03-10 13:48:09,Информер ВК. Показ
51438,2021-03-19 15:34:17,Информер ВК. Показ
51438,2021-04-09 14:13:40,Информер ВК. Показ
51438,2021-04-13 13:21:48,Информер ВК. Показ
51438,2021-04-29 17:33:48,Информер ВК. Показ
51448,2021-04-09 09:27:56,Информер ВК. Показ
51451,2021-03-23 14:39:04,Информер ВК. Показ
51451,2021-03-26 22:01:06,Информер ВК. Показ
51466,2021-03-23 13:03:00,Информер ВК. Показ
51467,2021-03-31 10:47:07,Информер ВК. Показ
51467,2021-03-31 10:48:04,Информер ВК. Показ
51467,2021-03-31 10:48:56,Просмотр раздела Тайный покупатель
51467,2021-03-31 10:49:00,Информер ВК. Показ
51467,2021-04-03 16:05:49,Гарантированный платеж за деньги
51469,2021-03-03 23:08:12,Включение автоматической активации ГП
51469,2021-03-11 20:51:29,Гарантированный платеж за деньги
51469,2021-03-15 18:48:24,Турбокнопка бесплатно
51469,2021-03-16 14:28:22,Информер ВК. Показ
51469,2021-03-16 14:28:30,Турбокнопка платно (1 час)
51469,2021-03-19 00:10:37,Включение автоматической активации ГП
51469,2021-03-26 16:24:00,Информер ВК. Показ
51469,2021-03-27 23:14:36,Информер ВК. Показ
51469,2021-03-27 23:14:46,Гарантированный платеж за деньги
51469,2021-04-04 17:42:51,Турбокнопка платно (1 час)
51469,2021-04-10 16:13:53,Турбокнопка платно (1 сутки)
51469,2021-04-11 12:51:59,Гарантированный платеж за деньги
51469,2021-04-23 19:17:21,Информер ВК. Показ
51469,2021-04-23 19:17:30,Гарантированный платеж за деньги
51469,2021-04-27 21:22:28,Информер ВК. Показ
51469,2021-04-28 19:27:27,Информер ВК. Показ
51469,2021-04-28 19:27:36,Гарантированный платеж за деньги
51476,2021-03-17 18:22:44,Информер ВК. Показ
51476,2021-03-17 18:23:15,Включение интернета на 20 минут
51476,2021-03-17 18:31:05,Информер ВК. Показ
51476,2021-03-30 13:21:24,Информер ВК. Показ
51476,2021-04-17 19:14:55,Информер ВК. Показ
51476,2021-04-17 19:15:39,Информер ВК. Показ
12242,2021-03-14 15:18:56,Информер ВК. Показ
12242,2021-03-18 12:33:40,Информер ВК. Показ
12242,2021-03-18 12:37:31,Информер ВК. Показ
30269,2021-03-08 23:02:17,Информер ВК. Показ
30269,2021-03-09 15:47:26,Информер ВК. Показ
30269,2021-03-13 16:56:43,Информер ВК. Показ
30269,2021-04-07 19:48:06,Просмотр раздела Тайный покупатель
30269,2021-04-10 20:27:12,Информер ВК. Показ
30269,2021-04-11 11:06:07,Информер ВК. Показ
30269,2021-04-15 23:15:19,Информер ВК. Показ
51485,2021-04-07 08:35:25,Гарантированный платеж за деньги
51507,2021-03-02 12:52:49,Включение интернета на 20 минут
51518,2021-04-11 06:44:29,Информер ВК. Показ
51518,2021-04-11 06:46:00,Информер ВК. Показ
51518,2021-04-11 06:46:43,Информер ВК. Показ
51527,2021-04-22 08:21:18,Информер ВК. Показ
48252,2021-03-09 23:53:07,Информер ВК. Показ
48252,2021-03-09 23:53:08,Информер ВК. Показ
48252,2021-04-09 23:58:12,Информер ВК. Показ
51540,2021-03-25 10:34:16,Включение интернета на 20 минут
51540,2021-03-25 10:34:17,Включение интернета на 20 минут
51540,2021-03-29 07:25:04,Гарантированный платеж за деньги
51541,2021-03-15 01:28:02,Информер ВК. Показ
51541,2021-04-27 23:35:37,Информер ВК. Показ
51547,2021-03-19 16:51:57,Включение IPTV-пакета
51547,2021-03-27 11:13:11,Информер ВК. Показ
51547,2021-03-28 22:46:57,Гарантированный платеж за деньги
51547,2021-04-04 10:38:52,Информер ВК. Показ
51547,2021-04-04 10:39:04,Информер ВК. Показ
51547,2021-04-05 23:00:54,Гарантированный платеж за деньги
51549,2021-03-28 21:59:56,Информер ВК. Показ
51549,2021-03-28 22:00:17,Включение интернета на 20 минут
51549,2021-03-28 22:01:19,Информер ВК. Показ
51549,2021-03-28 22:02:40,Информер ВК. Показ
51549,2021-04-28 22:12:27,Информер ВК. Показ
51549,2021-04-28 22:12:48,Включение интернета на 20 минут
51549,2021-04-28 22:15:32,Информер ВК. Показ
51549,2021-04-28 22:20:31,Информер ВК. Показ
10535,2021-03-09 14:36:04,Информер ВК. Показ
10535,2021-03-18 13:07:22,Информер ВК. Показ
10535,2021-04-05 19:59:51,Информер ВК. Показ
10535,2021-04-17 08:02:57,Информер ВК. Показ
10535,2021-04-22 07:18:46,Информер ВК. Показ
8950,2021-03-07 08:19:56,Информер ВК. Показ
8950,2021-03-07 08:19:59,Информер ВК. Показ
51585,2021-03-24 18:51:10,Информер ВК. Показ
51585,2021-04-28 20:24:49,Информер ВК. Показ
51587,2021-03-01 15:33:52,Включение интернета на 20 минут
51587,2021-03-31 20:37:11,Включение интернета на 20 минут
51591,2021-03-23 23:59:23,Гарантированный платеж за деньги
51600,2021-03-10 01:55:18,Информер ВК. Показ
51600,2021-03-10 01:55:27,Гарантированный платеж за деньги
51600,2021-04-04 21:14:16,Гарантированный платеж за деньги
51600,2021-04-07 21:24:00,Включение интернета на 20 минут
51600,2021-04-28 22:37:23,Гарантированный платеж за деньги
51614,2021-03-03 20:15:28,Включение интернета на 20 минут
51614,2021-03-03 20:15:30,Включение интернета на 20 минут
51615,2021-03-05 20:46:07,Информер ВК. Показ
51615,2021-03-07 19:21:08,Информер ВК. Показ
51615,2021-03-13 21:27:20,Информер ВК. Показ
9286,2021-03-14 21:11:45,Информер ВК. Показ
51616,2021-03-02 22:04:35,Информер ВК. Показ
51616,2021-03-28 21:49:29,Информер ВК. Показ
51616,2021-03-28 21:50:48,Информер ВК. Показ
51616,2021-04-08 19:56:15,Информер ВК. Показ
51616,2021-04-29 21:03:36,Информер ВК. Показ
51616,2021-04-29 21:04:33,Информер ВК. Показ
51621,2021-03-28 20:13:24,Информер ВК. Показ
51621,2021-04-16 18:01:07,Информер ВК. Показ
51621,2021-04-16 18:03:12,Информер ВК. Показ
47723,2021-03-04 19:19:57,Показ информатора об изменении уведомлений через ВК платформу
47723,2021-03-04 19:20:08,Гарантированный платеж за деньги
47723,2021-03-07 19:46:27,Показ информатора об изменении уведомлений через ВК платформу
47723,2021-03-07 19:46:47,Гарантированный платеж за деньги
47723,2021-03-10 19:52:13,Гарантированный платеж за деньги
47723,2021-03-25 20:13:47,Гарантированный платеж за деньги
47723,2021-03-27 20:31:15,Гарантированный платеж за деньги
47723,2021-04-02 09:04:02,Показ информатора об изменении уведомлений через ВК платформу
47723,2021-04-02 09:04:19,Включение автоматической активации ГП
47723,2021-04-07 14:11:42,Показ информатора об изменении уведомлений через ВК платформу
47723,2021-04-08 13:18:25,Показ информатора об изменении уведомлений через ВК платформу
47723,2021-04-12 20:44:20,Гарантированный платеж за деньги
47723,2021-04-23 17:59:10,Включение автоматической активации ГП
51636,2021-03-03 16:09:38,Включение интернета на 20 минут
51636,2021-03-03 16:09:45,Информер ВК. Показ
51636,2021-03-03 16:09:56,Абонент оставил отзыв в Личном кабинете
51636,2021-03-03 16:10:08,Информер ВК. Показ
51636,2021-03-03 16:10:23,Гарантированный платеж за деньги
51636,2021-03-03 16:10:35,Информер ВК. Показ
51636,2021-04-07 15:55:13,Включение интернета на 20 минут
51642,2021-03-07 18:15:30,Информер ВК. Показ
51642,2021-03-08 11:38:15,Информер ВК. Показ
51642,2021-03-09 16:57:10,Информер ВК. Показ
51642,2021-03-19 18:27:31,Включение интернета на 20 минут с IVR
51642,2021-03-23 11:26:03,Получение подарка в ЛК: 1 месяц бесплатного просмотра IPTV
51642,2021-04-04 12:11:45,Получение подарка в ЛК: сутки интернета на максимальной скорости
51642,2021-04-07 18:26:15,Информер ВК. Показ
51642,2021-04-08 14:52:28,Информер ВК. Показ
51642,2021-04-09 18:39:18,Информер ВК. Показ
11452,2021-04-08 19:09:40,Информер ВК. Показ
51646,2021-03-01 20:58:23,Информер ВК. Показ
51646,2021-03-04 17:46:35,Информер ВК. Показ
51646,2021-03-04 17:59:49,Информер ВК. Показ
51646,2021-03-04 18:01:53,Турбокнопка бесплатно
51646,2021-04-11 21:15:39,Информер ВК. Показ
51646,2021-04-11 21:15:44,Информер ВК. Показ
51646,2021-04-22 20:19:26,Информер ВК. Показ
51646,2021-04-22 20:20:35,Гарантированный платеж за деньги
51646,2021-04-26 02:12:00,Включение интернета на 20 минут
41525,2021-04-25 16:04:35,Гарантированный платеж за деньги
41525,2021-04-28 16:16:02,Гарантированный платеж за деньги
51657,2021-03-28 21:48:31,Гарантированный платеж за деньги
51669,2021-03-03 18:48:46,Информер ВК. Показ
51669,2021-03-03 18:49:06,Гарантированный платеж за деньги
51669,2021-03-06 18:54:12,Включение автоматической активации ГП
51669,2021-03-09 19:16:35,Гарантированный платеж за деньги
51669,2021-03-22 12:44:37,Включение интернета на 20 минут
51669,2021-04-12 19:27:23,Информер ВК. Показ
51669,2021-04-12 19:27:49,Включение интернета на 20 минут
51669,2021-04-12 19:27:57,Гарантированный платеж за деньги
51669,2021-04-14 18:06:34,Информер ВК. Показ
51683,2021-04-21 23:56:13,Включение интернета на 20 минут
44552,2021-03-11 16:36:14,Информер ВК. Показ
44552,2021-03-11 16:37:14,Просмотр раздела Тайный покупатель
44552,2021-03-11 16:37:34,Информер ВК. Показ
51713,2021-04-11 21:31:04,Информер ВК. Показ
8375,2021-04-24 18:49:04,Информер ВК. Показ
8375,2021-04-24 18:49:34,Информер ВК. Показ
8475,2021-04-03 17:48:03,Включение интернета на 20 минут
51723,2021-04-20 16:31:46,Информер ВК. Показ
51723,2021-04-28 21:14:38,Гарантированный платеж за деньги
51727,2021-04-07 06:07:01,Включение интернета на 20 минут
51727,2021-04-07 06:08:15,Информер ВК. Показ
51727,2021-04-07 06:08:47,Смена тарифа
51727,2021-04-07 06:09:53,Гарантированный платеж за деньги
8365,2021-03-02 18:29:53,Информер ВК. Показ
8365,2021-03-02 18:30:17,Включение интернета на 20 минут
8365,2021-04-02 19:11:49,Включение интернета на 20 минут
8365,2021-04-28 09:56:59,Информер ВК. Показ
51728,2021-03-04 19:07:47,Информер ВК. Показ
51728,2021-03-04 19:08:12,Включение интернета на 20 минут
51728,2021-04-07 20:39:06,Информер ВК. Показ
51728,2021-04-07 20:39:20,Включение интернета на 20 минут
14653,2021-03-04 17:24:14,Включение интернета на 20 минут
14653,2021-03-07 18:23:00,Информер ВК. Показ
14653,2021-03-07 18:23:35,Гарантированный платеж за деньги
14653,2021-03-13 02:00:15,Включение автоматической активации ГП
14653,2021-03-16 18:38:08,Гарантированный платеж за деньги
14653,2021-03-19 20:16:51,Без границ бесплатно. Отключение
14653,2021-03-20 20:45:58,Гарантированный платеж за деньги
14653,2021-03-22 17:22:11,Информер ВК. Показ
14653,2021-03-31 17:39:33,Информер ВК. Показ
14653,2021-04-09 20:19:45,Информер ВК. Показ
14653,2021-04-09 20:19:56,Информер ВК. Показ
14653,2021-04-11 22:25:49,Гарантированный платеж за деньги
14653,2021-04-11 22:27:25,Включение интернета на 20 минут
14653,2021-04-14 23:00:03,Включение интернета на 20 минут
14653,2021-04-17 13:50:53,Гарантированный платеж за деньги
14653,2021-04-20 16:49:43,Включение интернета на 20 минут
14653,2021-04-23 21:47:40,Включение автоматической активации ГП
51734,2021-03-07 23:32:48,Информер ВК. Показ
51734,2021-03-07 23:33:00,Гарантированный платеж за деньги
51734,2021-04-06 09:11:04,Информер ВК. Показ
51734,2021-04-06 09:11:29,Гарантированный платеж за деньги
51742,2021-04-02 16:29:20,Информер ВК. Показ
51742,2021-04-21 07:22:42,Информер ВК. Показ
51742,2021-04-22 17:44:39,Информер ВК. Показ
39264,2021-03-15 15:10:20,Информер ВК. Показ
39264,2021-04-15 16:44:01,Информер ВК. Показ
10094,2021-03-25 16:52:20,Информер ВК. Показ
48613,2021-04-12 14:37:09,Информер ВК. Показ
48613,2021-04-12 15:01:12,Гарантированный платеж за деньги
48613,2021-04-12 18:48:37,Информер ВК. Показ
48613,2021-04-14 22:15:08,Информер ВК. Показ
12654,2021-03-03 11:52:16,Информер ВК. Показ
12654,2021-03-04 13:52:38,Информер ВК. Показ
12654,2021-03-04 17:39:47,Гарантированный платеж за деньги
12654,2021-03-07 18:14:15,Включение интернета на 20 минут
12654,2021-03-07 18:15:20,Без границ бесплатно. Отключение
12654,2021-03-08 08:28:48,Без границ бесплатно. Включение
12654,2021-03-08 08:33:20,Без границ бесплатно. Отключение
12654,2021-03-08 08:50:13,Без границ бесплатно. Включение
12654,2021-03-08 08:51:51,Без границ бесплатно. Отключение
12654,2021-03-08 08:54:06,Без границ бесплатно. Включение
12654,2021-03-08 08:56:18,Без границ бесплатно. Отключение
12654,2021-03-08 09:04:07,Без границ бесплатно. Включение
12654,2021-03-08 09:04:16,Без границ бесплатно. Отключение
12654,2021-03-08 09:07:15,Без границ бесплатно. Включение
12654,2021-03-08 09:08:13,Без границ бесплатно. Отключение
12654,2021-03-08 09:39:48,Без границ бесплатно. Включение
12654,2021-03-08 09:41:44,Без границ бесплатно. Отключение
12654,2021-03-08 10:05:31,Без границ бесплатно. Включение
12654,2021-03-08 11:15:01,Без границ бесплатно. Отключение
12654,2021-03-08 11:19:21,Без границ бесплатно. Включение
12654,2021-03-08 11:38:44,Без границ бесплатно. Отключение
12654,2021-03-08 11:40:44,Без границ бесплатно. Включение
12654,2021-03-08 11:44:32,Без границ бесплатно. Отключение
12654,2021-03-08 11:58:41,Без границ бесплатно. Включение
12654,2021-03-08 12:00:24,Без границ бесплатно. Отключение
12654,2021-03-08 12:08:44,Без границ бесплатно. Включение
12654,2021-03-08 12:11:21,Без границ бесплатно. Отключение
12654,2021-03-11 20:31:45,Включение интернета на 20 минут
12654,2021-03-11 20:32:24,Без границ бесплатно. Включение
12654,2021-03-11 20:58:32,Без границ бесплатно. Отключение
12654,2021-03-12 18:41:45,Гарантированный платеж за деньги
12654,2021-03-15 19:08:05,Включение интернета на 20 минут
12654,2021-03-16 17:55:48,Без границ бесплатно. Включение
12654,2021-03-16 17:57:01,Без границ бесплатно. Отключение
12654,2021-03-17 17:27:13,Включение интернета на 20 минут
12654,2021-03-17 17:27:38,Без границ бесплатно. Включение
12654,2021-03-17 17:51:22,Без границ бесплатно. Отключение
12654,2021-03-17 17:51:30,Без границ бесплатно. Включение
12654,2021-03-17 17:52:35,Без границ бесплатно. Отключение
12654,2021-03-17 17:53:09,Без границ бесплатно. Включение
12654,2021-03-17 17:54:00,Без границ бесплатно. Отключение
12654,2021-03-21 18:32:39,Гарантированный платеж за деньги
12654,2021-03-24 18:57:51,Без границ бесплатно. Включение
12654,2021-03-24 19:40:01,Включение интернета на 20 минут
12654,2021-03-24 19:40:02,Включение интернета на 20 минут
12654,2021-03-24 22:39:02,Без границ бесплатно. Отключение
12654,2021-03-24 22:41:45,Без границ бесплатно. Включение
12654,2021-03-24 22:41:52,Без границ бесплатно. Отключение
12654,2021-03-24 22:52:26,Просмотр раздела Тайный покупатель
12654,2021-03-27 07:50:47,Гарантированный платеж за деньги
12654,2021-03-30 08:08:31,Включение интернета на 20 минут
12654,2021-03-30 09:36:06,Информер ВК. Показ
12654,2021-03-30 11:02:46,Без границ бесплатно. Включение
12654,2021-03-30 11:03:28,Без границ бесплатно. Отключение
12654,2021-03-30 15:29:19,Без границ платно. Включение
12654,2021-03-30 15:29:23,Без границ платно. Отключение
12654,2021-03-30 15:29:33,Без границ бесплатно. Включение
12654,2021-03-30 15:29:38,Без границ бесплатно. Отключение
12654,2021-03-30 15:33:20,Без границ бесплатно. Включение
12654,2021-03-30 15:33:36,Без границ бесплатно. Отключение
12654,2021-03-30 15:33:44,Без границ платно. Включение
12654,2021-03-30 15:35:55,Без границ платно. Отключение
12654,2021-04-02 17:52:40,Включение интернета на 20 минут
12654,2021-04-02 18:25:28,Без границ бесплатно. Включение
12654,2021-04-02 19:07:00,Гарантированный платеж за деньги
12654,2021-04-04 12:16:42,Информер ВК. Показ
12654,2021-04-08 19:18:27,Информер ВК. Показ
12654,2021-04-08 19:19:23,Включение интернета на 20 минут
12654,2021-04-08 19:44:11,Гарантированный платеж за деньги
12654,2021-04-11 20:16:47,Включение интернета на 20 минут
12654,2021-04-12 06:26:41,Без границ бесплатно. Отключение
12654,2021-04-12 07:25:30,Без границ бесплатно. Включение
12654,2021-04-12 07:25:53,Без границ бесплатно. Отключение
12654,2021-04-12 07:26:01,Без границ платно. Включение
12654,2021-04-14 18:14:09,Без границ платно. Отключение
12654,2021-04-14 18:14:42,Гарантированный платеж за деньги
12654,2021-04-18 09:53:50,Без границ бесплатно. Включение
12654,2021-04-18 09:54:24,Без границ бесплатно. Отключение
12654,2021-04-18 09:54:43,Без границ бесплатно. Включение
12654,2021-04-18 09:56:11,Включение интернета на 20 минут
12654,2021-04-22 15:01:43,Включение автоматической активации ГП
12654,2021-04-22 15:02:22,Отключение автоматической активации ГП
12654,2021-04-22 15:03:00,Без границ бесплатно. Отключение
12654,2021-04-22 19:15:05,Гарантированный платеж за деньги
12654,2021-04-25 20:07:43,Включение интернета на 20 минут
12654,2021-04-28 15:59:02,Гарантированный платеж за деньги
9051,2021-03-08 23:31:14,Информер ВК. Показ
9051,2021-04-01 17:07:20,Информер ВК. Показ
9051,2021-04-24 12:51:29,Информер ВК. Показ
11792,2021-03-17 21:14:49,Включение интернета на 20 минут
11792,2021-03-17 21:15:21,Информер ВК. Показ
11792,2021-03-17 21:18:47,Информер ВК. Показ
11792,2021-04-04 00:13:26,Информер ВК. Показ
11792,2021-04-21 19:03:11,Информер ВК. Показ
51755,2021-03-03 15:10:03,Информер ВК. Показ
51755,2021-03-03 15:11:55,Информер ВК. Показ
51755,2021-03-05 16:02:57,Информер ВК. Показ
51755,2021-04-05 07:04:15,Информер ВК. Показ
51755,2021-04-05 07:06:22,Информер ВК. Показ
51755,2021-04-06 07:37:22,Информер ВК. Показ
51765,2021-04-05 12:14:08,Гарантированный платеж за деньги
51771,2021-03-30 00:23:40,Гарантированный платеж за деньги
51772,2021-03-05 21:11:24,Информер ВК. Показ
51772,2021-03-05 21:11:46,Информер ВК. Показ
51772,2021-03-07 20:01:35,Информер ВК. Показ
51772,2021-04-04 18:05:27,Включение IPTV-пакета
51772,2021-04-08 20:15:09,Информер ВК. Показ
51775,2021-04-05 11:04:24,Информер ВК. Показ
51775,2021-04-21 15:00:58,Информер ВК. Показ
51775,2021-04-21 15:01:27,Родительский контроль. Включение
51775,2021-04-21 20:27:51,Информер ВК. Показ
51775,2021-04-21 21:40:11,Родительский контроль. Выключение
51784,2021-03-18 00:17:38,Информер ВК. Показ
51784,2021-03-18 16:45:14,Информер ВК. Показ
51784,2021-03-18 16:45:53,Включение автоматической активации ГП
51784,2021-03-22 11:26:51,Информер ВК. Показ
51784,2021-03-22 15:38:09,Включение автоматической активации ГП
51784,2021-04-16 19:37:40,Включение интернета на 20 минут
13362,2021-03-12 00:12:03,Включение интернета на 20 минут
51793,2021-03-15 07:41:46,Информер ВК. Показ
51793,2021-03-18 08:30:22,Информер ВК. Показ
51793,2021-03-24 06:59:07,Информер ВК. Показ
51793,2021-04-28 09:46:53,Информер ВК. Показ
51796,2021-04-24 11:18:18,Информер ВК. Показ
51796,2021-04-24 11:18:41,Турбокнопка бесплатно
51799,2021-03-26 20:44:39,Информер ВК. Показ
51799,2021-03-27 19:34:38,Информер ВК. Показ
51799,2021-04-01 09:04:44,Информер ВК. Показ
51799,2021-04-27 08:35:11,Информер ВК. Показ
51801,2021-04-01 15:36:41,Получение подарка в ЛК: 1 месяц бесплатного просмотра IPTV
51801,2021-04-01 15:36:44,Получение подарка в ЛК: сутки интернета на максимальной скорости
51801,2021-04-01 15:37:00,Информер ВК. Показ
51807,2021-04-06 20:23:34,Информер ВК. Показ
8750,2021-03-10 21:31:43,Гарантированный платеж за деньги
8750,2021-03-10 21:32:07,Включение интернета на 20 минут
51821,2021-03-22 21:05:47,Показ информатора об изменении уведомлений через ВК платформу
51821,2021-03-22 21:09:29,Показ информатора об изменении уведомлений через ВК платформу
51821,2021-03-22 21:10:17,Показ информатора об изменении уведомлений через ВК платформу
51821,2021-03-25 19:07:11,Включение интернета на 20 минут
51821,2021-04-21 20:55:51,Включение интернета на 20 минут
51827,2021-03-21 15:20:21,Гарантированный платеж за деньги
51827,2021-03-21 15:20:22,Включение интернета на 20 минут
51829,2021-03-03 15:32:29,Гарантированный платеж за деньги
51829,2021-03-07 16:15:18,Гарантированный платеж за деньги
51829,2021-03-15 20:37:04,Гарантированный платеж за деньги
51829,2021-04-03 21:15:56,Гарантированный платеж за деньги
51829,2021-04-11 13:59:54,Гарантированный платеж за деньги
14846,2021-04-09 14:31:05,Информер ВК. Показ
14846,2021-04-09 14:31:47,Информер ВК. Показ
14846,2021-04-09 14:32:38,Информер ВК. Показ
30397,2021-03-12 22:58:20,Информер ВК. Показ
51844,2021-03-11 10:21:32,Информер ВК. Показ
51844,2021-04-05 19:21:16,Информер ВК. Показ
51849,2021-04-01 19:07:43,Информер ВК. Показ
51853,2021-04-02 23:23:07,Информер ВК. Показ
51853,2021-04-02 23:24:13,Информер ВК. Показ
51853,2021-04-02 23:33:59,Информер ВК. Показ
51853,2021-04-02 23:34:10,Выключение IPTV-пакета
48358,2021-03-04 15:54:19,Включение интернета на 20 минут
48358,2021-03-05 22:54:42,Включение интернета на 20 минут
48358,2021-03-07 17:59:33,Включение интернета на 20 минут
48358,2021-03-08 20:44:53,Включение интернета на 20 минут
48358,2021-03-19 22:17:49,Включение интернета на 20 минут
48358,2021-03-20 23:36:37,Включение интернета на 20 минут
48358,2021-03-22 22:02:16,Включение интернета на 20 минут
48358,2021-03-26 23:18:06,Включение интернета на 20 минут
48358,2021-03-27 23:20:36,Включение интернета на 20 минут
48358,2021-03-28 23:52:55,Включение интернета на 20 минут
48358,2021-04-06 22:45:31,Включение интернета на 20 минут
48358,2021-04-09 22:48:37,Включение интернета на 20 минут
51860,2021-03-14 15:09:56,Информер ВК. Показ
9459,2021-03-30 21:55:24,Включение IPTV-пакета
9459,2021-04-02 19:15:10,Выключение IPTV-пакета
9459,2021-04-05 20:15:23,Выключение IPTV-пакета
9459,2021-04-11 04:27:53,Гарантированный платеж за деньги
51861,2021-04-07 17:45:04,Включение интернета на 20 минут
51862,2021-03-25 14:36:00,Гарантированный платеж за деньги
51862,2021-03-29 22:12:06,Включение интернета на 20 минут
51862,2021-03-29 22:12:07,Включение интернета на 20 минут
51862,2021-03-31 01:23:15,Гарантированный платеж за деньги
51862,2021-04-11 10:27:52,Гарантированный платеж за деньги
51863,2021-03-09 01:05:56,Включение интернета на 20 минут
51863,2021-03-09 01:05:57,Включение интернета на 20 минут
51863,2021-03-09 01:06:19,Информер ВК. Показ
51863,2021-03-09 01:06:31,Гарантированный платеж за деньги
51863,2021-03-10 22:27:50,Информер ВК. Показ
51863,2021-03-23 19:39:11,Информер ВК. Показ
51863,2021-04-22 06:38:25,Информер ВК. Показ
51863,2021-04-28 20:44:45,Информер ВК. Показ
9563,2021-03-03 18:44:28,Гарантированный платеж за деньги
9563,2021-03-05 19:02:19,Гарантированный платеж за деньги
9563,2021-03-08 11:44:32,Информер ВК. Показ
9563,2021-03-10 19:18:09,Гарантированный платеж за деньги
9563,2021-03-19 19:29:15,Гарантированный платеж за деньги
9563,2021-03-21 23:00:02,Информер ВК. Показ
9563,2021-03-22 22:07:30,Включение интернета на 20 минут
9563,2021-03-22 22:07:34,Включение интернета на 20 минут
9563,2021-03-24 22:32:50,Гарантированный платеж за деньги
9563,2021-03-26 21:13:34,Информер ВК. Показ
9563,2021-03-28 23:06:21,Гарантированный платеж за деньги
9563,2021-04-14 23:20:49,Гарантированный платеж за деньги
9563,2021-04-20 07:01:40,Гарантированный платеж за деньги
9563,2021-04-22 13:54:54,Информер ВК. Показ
9563,2021-04-22 23:09:39,Информер ВК. Показ
9563,2021-04-23 07:16:53,Включение интернета на 20 минут
9563,2021-04-23 07:16:54,Включение интернета на 20 минут
51877,2021-03-01 22:15:39,Информер ВК. Показ
51877,2021-03-01 22:15:53,Информер ВК. Показ
51877,2021-03-11 23:25:20,Информер ВК. Показ
51877,2021-04-04 18:30:19,Информер ВК. Показ
51877,2021-04-18 21:28:01,Получение подарка в ЛК: сутки интернета на максимальной скорости
51877,2021-04-18 21:28:06,Получение подарка в ЛК: 1 месяц бесплатного просмотра IPTV
51877,2021-04-18 21:28:23,Информер ВК. Показ
51886,2021-04-02 16:42:34,Информер ВК. Показ
51886,2021-04-02 16:42:47,Гарантированный платеж за деньги
51886,2021-04-12 22:27:29,Информер ВК. Показ
51886,2021-04-12 22:27:49,Информер ВК. Показ
51886,2021-04-25 10:25:53,Включение автоматической активации ГП
51891,2021-04-04 10:23:28,Информер ВК. Показ
51891,2021-04-04 11:08:24,Выключение IPTV-пакета
51891,2021-04-04 11:08:38,Информер ВК. Показ
51891,2021-04-04 11:09:09,Информер ВК. Показ
51893,2021-04-06 19:04:28,Включение интернета на 20 минут с IVR
51899,2021-04-27 19:17:51,Принято заявление и доп. соглашение по переезду
51899,2021-04-27 19:17:54,Информер ВК. Показ
51899,2021-04-27 19:25:53,Информер ВК. Показ
51899,2021-04-27 19:29:07,Информер ВК. Показ
51903,2021-03-27 03:28:35,Информер ВК. Показ
51903,2021-04-25 02:05:18,Информер ВК. Показ
51906,2021-03-28 22:03:45,Включение интернета на 20 минут с IVR
51906,2021-04-26 18:07:19,Включение интернета на 20 минут с IVR
51908,2021-03-06 16:58:06,Включение интернета на 20 минут
51908,2021-03-06 17:03:38,Информер ВК. Показ
51908,2021-03-10 10:21:11,Информер ВК. Показ
51908,2021-03-12 17:38:34,Информер ВК. Показ
51908,2021-03-17 16:10:10,Включение интернета на 20 минут
51908,2021-03-23 16:34:46,Включение интернета на 20 минут
51908,2021-03-26 19:23:58,Включение интернета на 20 минут
51908,2021-03-30 12:49:50,Включение интернета на 20 минут
51908,2021-04-09 13:21:59,Включение интернета на 20 минут
51908,2021-04-19 15:59:38,Включение интернета на 20 минут
51908,2021-04-23 16:12:15,Включение интернета на 20 минут
51908,2021-04-27 15:59:49,Включение интернета на 20 минут
51911,2021-04-24 17:08:47,Восстановление пароля
51911,2021-04-24 17:09:22,Информер ВК. Показ
51911,2021-04-24 17:13:09,Информер ВК. Показ
51919,2021-03-07 14:32:26,Информер ВК. Показ
51919,2021-04-02 15:30:23,Информер ВК. Показ
51919,2021-04-02 21:27:17,Информер ВК. Показ
51919,2021-04-25 22:31:50,Информер ВК. Показ
51921,2021-03-02 06:06:25,Гарантированный платеж за деньги
51921,2021-03-15 19:22:29,Информер ВК. Показ
51921,2021-04-01 22:11:07,Информер ВК. Показ
51921,2021-04-01 22:11:36,Гарантированный платеж за деньги
51921,2021-04-12 22:58:08,Включение интернета на 20 минут
51921,2021-04-12 22:58:49,Гарантированный платеж за деньги
51921,2021-04-17 23:46:14,Включение интернета на 20 минут
51921,2021-04-17 23:46:15,Включение интернета на 20 минут
51928,2021-03-03 09:36:49,Информер ВК. Показ
51928,2021-03-17 21:55:45,Включение интернета на 20 минут
51928,2021-04-17 10:58:59,Информер ВК. Показ
51928,2021-04-17 10:59:16,Включение интернета на 20 минут
51929,2021-04-23 20:13:12,Информер ВК. Показ
51931,2021-03-13 14:03:18,Информер ВК. Показ
51931,2021-03-13 14:03:22,Включение интернета на 20 минут
51931,2021-03-20 10:05:48,Информер ВК. Показ
51931,2021-03-20 10:05:52,Включение интернета на 20 минут
51931,2021-03-30 18:34:28,Информер ВК. Показ
51931,2021-04-14 16:52:20,Информер ВК. Показ
51931,2021-04-14 16:52:27,Включение интернета на 20 минут
51931,2021-04-22 20:48:32,Информер ВК. Показ
51931,2021-04-22 20:48:36,Включение интернета на 20 минут
51944,2021-03-19 19:29:44,Просмотр раздела Тайный покупатель
51944,2021-03-19 19:30:12,Информер ВК. Показ
51944,2021-03-19 19:31:02,Информер ВК. Показ
51944,2021-03-19 19:32:05,Информер ВК. Показ
9465,2021-04-06 23:15:31,Информер ВК. Показ
51948,2021-04-14 21:13:25,Информер ВК. Показ
29729,2021-04-04 04:30:41,Информер ВК. Показ
29729,2021-04-04 04:31:24,Включение интернета на 20 минут
29729,2021-04-04 04:43:32,Информер ВК. Показ
29729,2021-04-04 05:02:56,Информер ВК. Показ
51963,2021-03-20 19:56:25,Информер ВК. Показ
51963,2021-03-20 19:56:28,Информер ВК. Показ
51963,2021-03-20 19:56:38,Просмотр раздела Тайный покупатель
51963,2021-03-20 19:56:59,Информер ВК. Показ
51971,2021-04-22 13:57:50,Информер ВК. Показ
51975,2021-03-15 22:12:00,Включение интернета на 20 минут
51975,2021-04-15 06:37:11,Информер ВК. Показ
51975,2021-04-15 06:37:20,Включение интернета на 20 минут
51982,2021-03-18 18:54:56,Информер ВК. Показ
51982,2021-03-18 18:55:09,Включение интернета на 20 минут
51989,2021-03-25 21:54:07,Включение интернета на 20 минут
51989,2021-04-11 09:02:17,Включение интернета на 20 минут
51999,2021-03-28 13:01:03,Информер ВК. Показ
51999,2021-03-28 13:06:03,Восстановление пароля
51999,2021-03-28 13:09:35,Выключение IPTV-пакета
51999,2021-03-28 13:10:08,Информер ВК. Показ
51999,2021-04-28 13:28:17,Информер ВК. Показ
52004,2021-03-05 06:52:41,Просмотр раздела Тайный покупатель
52004,2021-03-25 21:28:36,Гарантированный платеж за деньги
52004,2021-03-28 21:53:37,Гарантированный платеж за деньги
52004,2021-03-31 23:29:57,Гарантированный платеж за деньги
52004,2021-04-03 23:50:50,Гарантированный платеж за деньги
52004,2021-04-07 00:08:21,Гарантированный платеж за деньги
52004,2021-04-10 22:01:55,Гарантированный платеж за деньги
52004,2021-04-18 03:29:47,Гарантированный платеж за деньги
52004,2021-04-21 09:08:47,Гарантированный платеж за деньги
10447,2021-03-09 18:55:03,Принято заявление и доп. соглашение по переезду
10447,2021-03-09 18:55:05,Информер ВК. Показ
10447,2021-03-09 18:55:46,Информер ВК. Показ
10447,2021-03-09 19:23:10,Информер ВК. Показ
10447,2021-03-09 19:23:50,Включение управления услугами по паролю
10447,2021-03-10 19:37:47,Включение интернета на 20 минут с IVR
10447,2021-03-24 20:25:46,Принято заявление и доп. соглашение по переезду
10447,2021-03-24 20:26:23,Абонент оставил отзыв в Личном кабинете
29903,2021-04-10 12:41:17,Включение интернета на 20 минут
30203,2021-03-14 18:02:00,Информер ВК. Показ
30203,2021-03-14 18:02:40,Информер ВК. Показ
52035,2021-03-30 23:58:30,Включение интернета на 20 минут
52035,2021-04-04 00:19:10,Включение интернета на 20 минут
52035,2021-04-26 00:35:42,Включение интернета на 20 минут
52035,2021-04-26 00:35:43,Включение интернета на 20 минут
52039,2021-03-22 10:17:40,Гарантированный платеж за деньги
52039,2021-04-13 20:03:19,Гарантированный платеж за деньги
52045,2021-03-19 22:06:05,Информер ВК. Показ
52045,2021-04-18 13:47:36,Информер ВК. Показ
52045,2021-04-18 13:48:54,Смена тарифа
52048,2021-04-05 01:40:47,Информер ВК. Показ
30302,2021-03-27 17:42:30,Включение интернета на 20 минут с IVR
52052,2021-03-18 11:51:41,Информер ВК. Показ
52057,2021-03-10 22:43:00,Информер ВК. Показ
52057,2021-03-16 16:51:41,Информер ВК. Показ
52057,2021-03-18 12:27:13,Информер ВК. Показ
52057,2021-04-15 21:41:58,Информер ВК. Показ
52057,2021-04-16 21:45:06,Информер ВК. Показ
52057,2021-04-19 09:44:24,Информер ВК. Показ
52062,2021-03-05 23:47:14,Показ информатора об изменении уведомлений через ВК платформу
52062,2021-03-05 23:47:28,Гарантированный платеж за деньги
52062,2021-03-17 22:15:08,Показ информатора об изменении уведомлений через ВК платформу
52062,2021-03-17 22:15:18,Гарантированный платеж за деньги
52063,2021-03-15 04:02:46,Включение интернета на 20 минут
52063,2021-03-15 04:37:08,Гарантированный платеж за деньги
52063,2021-03-18 23:07:40,Включение интернета на 20 минут
52066,2021-03-21 09:59:45,Информер ВК. Показ
52066,2021-03-23 16:35:09,Информер ВК. Показ
52066,2021-04-24 10:51:31,Информер ВК. Показ
52070,2021-03-20 20:35:22,Включение интернета на 20 минут
52070,2021-03-20 20:56:50,Информер ВК. Показ
52070,2021-03-20 20:57:54,Информер ВК. Показ
52071,2021-03-10 21:22:43,Информер ВК. Показ
52071,2021-03-11 13:11:31,Информер ВК. Показ
52071,2021-03-27 17:33:05,Информер ВК. Показ
52071,2021-04-13 15:58:32,Информер ВК. Показ
52073,2021-03-02 21:10:43,Включение интернета на 20 минут с IVR
52078,2021-03-20 11:47:13,Информер ВК. Показ
52078,2021-03-20 12:03:49,Информер ВК. Показ
52084,2021-03-27 16:50:33,Гарантированный платеж за деньги
52084,2021-03-30 19:02:49,Включение интернета на 20 минут
49740,2021-03-10 22:33:49,Включение интернета на 20 минут
51165,2021-03-17 15:42:46,Информер ВК. Показ
51165,2021-03-17 15:43:33,Информер ВК. Показ
51165,2021-03-17 15:43:55,Гарантированный платеж за деньги
51165,2021-03-22 22:04:29,Информер ВК. Показ
51165,2021-04-15 19:54:58,Гарантированный платеж за деньги
10121,2021-04-09 20:25:49,Информер ВК. Показ
52086,2021-03-08 20:08:23,Информер ВК. Показ
52086,2021-03-08 20:08:30,Турбокнопка платно (1 сутки)
52086,2021-03-13 21:55:27,Информер ВК. Показ
52086,2021-03-14 17:55:07,Турбокнопка бесплатно
52086,2021-03-23 17:36:05,Информер ВК. Показ
52086,2021-03-23 17:36:15,Турбокнопка бесплатно
52086,2021-04-04 20:16:08,Турбокнопка платно (1 сутки)
52086,2021-04-06 14:54:59,Турбокнопка бесплатно
52086,2021-04-16 17:42:08,Информер ВК. Показ
52086,2021-04-16 17:42:16,Турбокнопка бесплатно
52086,2021-04-25 20:19:59,Информер ВК. Показ
52086,2021-04-26 18:44:50,Информер ВК. Показ
52086,2021-04-26 18:44:58,Турбокнопка бесплатно
52088,2021-03-03 18:58:12,Турбокнопка бесплатно
52088,2021-03-04 17:05:07,Турбокнопка бесплатно
52088,2021-03-06 16:12:18,Турбокнопка бесплатно
52088,2021-03-10 18:07:40,Турбокнопка бесплатно
52088,2021-03-12 18:53:14,Показ информатора об изменении уведомлений через ВК платформу
52088,2021-03-12 18:53:20,Турбокнопка бесплатно
52088,2021-03-19 13:27:42,Турбокнопка бесплатно
52088,2021-03-27 18:58:24,Показ информатора об изменении уведомлений через ВК платформу
52088,2021-03-27 18:58:33,Турбокнопка бесплатно
52088,2021-03-27 18:58:38,Показ информатора об изменении уведомлений через ВК платформу
52088,2021-03-27 18:58:44,Абонент оставил отзыв в Личном кабинете
52088,2021-03-29 18:01:00,Турбокнопка бесплатно
52088,2021-03-30 19:27:21,Турбокнопка бесплатно
52088,2021-04-10 17:38:12,Турбокнопка бесплатно
52088,2021-04-12 20:54:23,Показ информатора об изменении уведомлений через ВК платформу
52093,2021-03-04 19:12:54,Информер ВК. Показ
52093,2021-03-04 19:16:06,Информер ВК. Показ
52093,2021-03-23 18:44:18,Гарантированный платеж за деньги
52093,2021-03-28 10:21:26,Информер ВК. Показ
52093,2021-03-28 10:21:27,Информер ВК. Показ
52093,2021-04-09 12:32:08,Гарантированный платеж за деньги
52093,2021-04-14 14:04:16,Гарантированный платеж за деньги
52093,2021-04-19 22:26:14,Информер ВК. Показ
52093,2021-04-20 14:11:21,Гарантированный платеж за деньги
52093,2021-04-27 14:01:33,Включение интернета на 20 минут
52106,2021-04-01 21:29:10,Включение интернета на 20 минут
52106,2021-04-01 21:29:11,Включение интернета на 20 минут
52108,2021-03-21 13:54:00,Информер ВК. Показ
52108,2021-04-14 15:21:36,Информер ВК. Показ
52108,2021-04-14 15:22:31,Информер ВК. Показ
52118,2021-03-27 00:02:11,Информер ВК. Показ
52118,2021-03-28 15:50:49,Информер ВК. Показ
52118,2021-03-28 15:51:45,Турбокнопка платно (1 час)
52118,2021-04-14 19:25:32,Включение интернета на 20 минут с IVR
52118,2021-04-16 17:58:17,Информер ВК. Показ
52118,2021-04-27 21:21:24,Включение интернета на 20 минут с IVR
14998,2021-03-09 12:31:00,Информер ВК. Показ
52141,2021-04-27 16:09:31,Информер ВК. Показ
52143,2021-03-03 17:52:21,Гарантированный платеж за деньги
52143,2021-04-06 18:08:44,Гарантированный платеж за деньги
52163,2021-04-22 23:19:53,Просмотр раздела Тайный покупатель
52163,2021-04-22 23:20:56,Информер ВК. Показ
52163,2021-04-22 23:22:48,Информер ВК. Показ
52163,2021-04-22 23:42:48,Информер ВК. Показ
10321,2021-04-18 19:41:20,Включение интернета на 20 минут
52196,2021-03-06 18:14:38,Гарантированный платеж за деньги
52196,2021-03-09 20:24:14,Включение интернета на 20 минут с IVR
52196,2021-03-10 21:30:43,Информер ВК. Показ
52196,2021-03-10 21:31:08,Гарантированный платеж за деньги
52196,2021-03-15 17:55:58,Гарантированный платеж за деньги
52196,2021-04-04 01:07:23,Информер ВК. Показ
52196,2021-04-06 05:23:32,Информер ВК. Показ
52196,2021-04-06 05:24:00,Гарантированный платеж за деньги
52196,2021-04-11 18:39:36,Информер ВК. Показ
52196,2021-04-11 18:40:01,Гарантированный платеж за деньги
52196,2021-04-15 18:53:34,Получение подарка в ЛК: 1 месяц бесплатного просмотра IPTV
52196,2021-04-15 18:53:58,Гарантированный платеж за деньги
52196,2021-04-21 05:27:39,Получение подарка в ЛК: сутки интернета на максимальной скорости
52196,2021-04-22 23:17:28,Гарантированный платеж за деньги
52202,2021-03-17 20:06:14,Включение IPTV-пакета
52202,2021-03-27 18:59:28,Информер ВК. Показ
52202,2021-04-29 12:41:30,Информер ВК. Показ
52202,2021-04-29 12:41:48,Информер ВК. Показ
52202,2021-04-29 12:42:25,Информер ВК. Показ
52202,2021-04-29 12:44:49,Включение IPTV-пакета
52212,2021-03-18 10:53:23,Гарантированный платеж за деньги
52212,2021-03-21 12:02:08,Включение интернета на 20 минут
52212,2021-04-20 12:17:20,Гарантированный платеж за деньги
38475,2021-03-09 06:40:03,Гарантированный платеж за деньги
38475,2021-03-20 21:45:09,Информер ВК. Показ
38475,2021-03-20 21:46:47,Информер ВК. Показ
38475,2021-03-20 21:49:18,Информер ВК. Показ
38475,2021-03-25 10:36:13,Включение IPTV-пакета
38475,2021-03-25 11:05:59,Выключение IPTV-пакета
38475,2021-03-25 11:06:20,Включение IPTV-пакета
9158,2021-03-23 18:11:52,Информер ВК. Показ
9158,2021-03-23 18:12:07,Включение интернета на 20 минут
9158,2021-04-06 10:48:01,Информер ВК. Показ
9158,2021-04-06 10:48:40,Просмотр раздела Тайный покупатель
9158,2021-04-23 19:25:26,Включение интернета на 20 минут
9158,2021-04-23 19:33:22,Информер ВК. Показ
10936,2021-03-12 14:25:09,Гарантированный платеж за деньги
10936,2021-04-15 19:30:07,Гарантированный платеж за деньги
10936,2021-04-18 19:42:25,Гарантированный платеж за деньги
13507,2021-03-07 11:59:59,Включение интернета на 20 минут
13507,2021-04-05 14:11:03,Информер ВК. Показ
52222,2021-03-27 15:56:08,Принято заявление и доп. соглашение по переезду
52222,2021-03-27 15:56:11,Информер ВК. Показ
52245,2021-03-30 19:18:09,Информер ВК. Показ
52251,2021-04-02 12:54:26,Включение интернета на 20 минут с IVR
52251,2021-04-27 09:22:25,Гарантированный платеж за деньги
52251,2021-04-28 10:08:11,Информер ВК. Показ
52251,2021-04-28 10:09:04,Просмотр раздела Тайный покупатель
52251,2021-04-28 16:13:20,Информер ВК. Показ
52251,2021-04-28 16:13:42,Без границ бесплатно. Отключение
52251,2021-04-28 16:13:57,Информер ВК. Показ
52251,2021-04-28 17:31:02,Смена тарифа
49655,2021-03-08 19:42:28,Информер ВК. Показ
38001,2021-04-26 11:07:38,Информер ВК. Показ
38001,2021-04-26 11:25:34,Информер ВК. Показ
38001,2021-04-26 11:26:48,Смена тарифа
38001,2021-04-26 11:27:42,Информер ВК. Показ
51285,2021-03-16 01:31:46,Информер ВК. Показ
51285,2021-03-17 02:09:18,Информер ВК. Показ
51285,2021-03-17 13:35:59,Информер ВК. Показ
51285,2021-03-17 13:37:40,Включение интернета на 20 минут
51285,2021-04-16 15:05:50,Информер ВК. Показ
51285,2021-04-16 15:06:37,Включение интернета на 20 минут
50728,2021-03-06 22:22:57,Информер ВК. Показ
50728,2021-03-08 19:50:10,Информер ВК. Показ
50728,2021-03-12 02:38:04,Информер ВК. Показ
50728,2021-04-12 14:19:57,Информер ВК. Показ
52289,2021-04-01 07:26:16,Информер ВК. Показ
52289,2021-04-01 07:26:50,Турбокнопка платно (1 сутки)
52289,2021-04-01 07:27:26,Просмотр раздела Тайный покупатель
52289,2021-04-01 07:27:44,Информер ВК. Показ
52289,2021-04-01 23:54:24,Информер ВК. Показ
52293,2021-03-07 21:05:50,Включение интернета на 20 минут с IVR
52293,2021-03-07 21:07:49,Включение интернета на 20 минут
52293,2021-04-22 21:51:52,Включение интернета на 20 минут
52299,2021-03-01 09:25:47,Включение интернета на 20 минут
52299,2021-03-07 22:26:13,Информер ВК. Показ
52299,2021-03-21 10:27:15,Включение интернета на 20 минут
52299,2021-03-30 18:44:27,Информер ВК. Показ
52299,2021-03-30 18:51:42,Информер ВК. Показ
52299,2021-04-16 02:22:21,Информер ВК. Показ
52299,2021-04-20 08:37:30,Включение интернета на 20 минут
52299,2021-04-25 15:03:04,Включение интернета на 20 минут с IVR
52299,2021-04-25 15:04:23,Включение интернета на 20 минут
52002,2021-03-19 21:22:02,Информер ВК. Показ
52002,2021-03-19 21:22:50,Информер ВК. Показ
52002,2021-03-20 17:22:35,Информер ВК. Показ
9969,2021-03-01 01:28:09,Информер ВК. Показ
9969,2021-03-02 18:23:59,Гарантированный платеж за деньги
9969,2021-03-12 19:02:33,Гарантированный платеж за деньги
9969,2021-03-18 19:12:15,Гарантированный платеж за деньги
9969,2021-03-21 19:12:47,Включение автоматической активации ГП
9969,2021-03-27 18:54:33,Информер ВК. Показ
9969,2021-03-27 19:42:06,Информер ВК. Показ
9969,2021-03-28 19:24:14,Гарантированный платеж за деньги
9969,2021-03-31 19:31:12,Гарантированный платеж за деньги
9969,2021-04-02 11:11:55,Информер ВК. Показ
9969,2021-04-10 19:40:22,Гарантированный платеж за деньги
9969,2021-04-13 20:14:48,Включение интернета на 20 минут
9969,2021-04-16 20:27:26,Гарантированный платеж за деньги
9969,2021-04-19 20:37:26,Гарантированный платеж за деньги
9969,2021-04-27 19:28:51,Информер ВК. Показ
9969,2021-04-27 19:52:57,Информер ВК. Показ
9969,2021-04-27 20:42:51,Гарантированный платеж за деньги
52328,2021-03-26 22:21:14,Гарантированный платеж за деньги
52328,2021-03-30 22:34:19,Включение интернета на 20 минут
52328,2021-04-02 22:55:44,Включение интернета на 20 минут
52328,2021-04-06 23:21:50,Включение интернета на 20 минут
52328,2021-04-14 22:48:38,Гарантированный платеж за деньги
52328,2021-04-17 01:51:54,Информер ВК. Показ
52328,2021-04-22 23:35:29,Включение интернета на 20 минут
52328,2021-04-22 23:35:30,Включение интернета на 20 минут
52338,2021-03-10 21:17:56,Гарантированный платеж за деньги
52338,2021-04-02 23:38:29,Информер ВК. Показ
52338,2021-04-03 13:38:09,Информер ВК. Показ
52338,2021-04-08 22:00:21,Информер ВК. Показ
52338,2021-04-08 22:00:42,Гарантированный платеж за деньги
30859,2021-03-22 19:39:08,Включение интернета на 20 минут
30859,2021-04-18 20:37:34,Информер ВК. Показ
52346,2021-03-01 19:41:19,Информер ВК. Показ
52346,2021-04-14 08:03:27,Получение подарка в ЛК: 1 месяц бесплатного просмотра IPTV
52346,2021-04-14 08:03:40,Информер ВК. Показ
52346,2021-04-14 14:09:33,Получение подарка в ЛК: сутки интернета на максимальной скорости
52346,2021-04-14 14:09:38,Информер ВК. Показ
52346,2021-04-15 12:14:57,Информер ВК. Показ
8440,2021-04-26 15:15:12,Информер ВК. Показ
8440,2021-04-26 15:15:45,Информер ВК. Показ
8640,2021-03-12 15:29:30,Информер ВК. Показ
52350,2021-03-09 10:38:12,Гарантированный платеж за деньги
52350,2021-03-15 10:42:49,Гарантированный платеж за деньги
52350,2021-04-08 18:47:18,Информер ВК. Показ
52350,2021-04-18 19:11:02,Включение интернета на 20 минут
52350,2021-04-18 19:11:03,Включение интернета на 20 минут
52350,2021-04-25 14:22:29,Гарантированный платеж за деньги
52351,2021-03-06 12:47:26,Включение интернета на 20 минут
52351,2021-03-06 13:21:59,Информер ВК. Показ
52351,2021-03-06 13:28:02,Информер ВК. Показ
52351,2021-03-15 20:12:27,Гарантированный платеж за деньги
52351,2021-03-18 20:39:09,Включение интернета на 20 минут
52351,2021-03-27 21:49:34,Включение интернета на 20 минут
52351,2021-03-31 22:18:35,Включение интернета на 20 минут
52351,2021-04-02 01:31:39,Информер ВК. Показ
52351,2021-04-04 22:45:38,Включение интернета на 20 минут
52351,2021-04-13 11:31:12,Информер ВК. Показ
52351,2021-04-13 11:31:42,Включение автоматической активации ГП
52351,2021-04-16 23:31:05,Включение интернета на 20 минут
52351,2021-04-28 00:13:32,Информер ВК. Показ
32989,2021-03-03 12:31:29,Информер ВК. Показ
32989,2021-03-17 01:09:48,Информер ВК. Показ
32989,2021-03-27 11:31:54,Информер ВК. Показ
32989,2021-04-04 10:45:28,Информер ВК. Показ
32989,2021-04-04 10:45:30,Информер ВК. Показ
49412,2021-03-22 11:24:47,Гарантированный платеж за деньги
49412,2021-03-25 11:35:42,Включение интернета на 20 минут
49412,2021-04-25 11:49:47,Включение интернета на 20 минут
49412,2021-04-25 12:23:11,Информер ВК. Показ
49412,2021-04-25 12:26:08,Гарантированный платеж за деньги
49412,2021-04-28 12:35:00,Включение интернета на 20 минут
52357,2021-03-07 01:45:42,Гарантированный платеж за деньги
52357,2021-03-13 12:29:48,Гарантированный платеж за деньги
52357,2021-03-21 16:47:51,Гарантированный платеж за деньги
52357,2021-03-25 17:43:08,Гарантированный платеж за деньги
52357,2021-03-30 22:15:22,Гарантированный платеж за деньги
52357,2021-04-09 14:12:51,Гарантированный платеж за деньги
52357,2021-04-17 18:43:42,Гарантированный платеж за деньги
52357,2021-04-22 18:01:17,Гарантированный платеж за деньги
52357,2021-04-27 16:23:36,Информер ВК. Показ
52359,2021-04-23 21:31:07,Информер ВК. Показ
43416,2021-03-11 16:02:17,Гарантированный платеж за деньги
43416,2021-03-11 16:03:21,Включение интернета на 20 минут
43416,2021-03-11 16:03:29,Информер ВК. Показ
52373,2021-03-09 18:49:03,Включение интернета на 20 минут
52373,2021-03-09 18:54:39,Гарантированный платеж за деньги
52373,2021-03-13 14:21:32,Просмотр раздела Тайный покупатель
52373,2021-04-10 18:04:52,Информер ВК. Показ
52376,2021-04-07 16:55:38,Включение интернета на 20 минут
52376,2021-04-07 16:55:39,Включение интернета на 20 минут
52376,2021-04-28 22:52:47,Информер ВК. Показ
52384,2021-03-08 19:53:24,Информер ВК. Показ
52384,2021-03-08 19:53:51,Информер ВК. Показ
52384,2021-03-08 19:54:04,Информер ВК. Показ
52384,2021-04-18 14:09:15,Информер ВК. Показ
52384,2021-04-18 14:09:23,Информер ВК. Закрытие
52392,2021-03-14 21:57:52,Гарантированный платеж за деньги
52399,2021-03-16 18:46:26,Информер ВК. Показ
52399,2021-03-30 14:40:13,Информер ВК. Показ
52399,2021-04-01 19:56:05,Информер ВК. Показ
52408,2021-04-06 14:32:14,Информер ВК. Показ
52408,2021-04-06 14:32:24,Включение интернета на 20 минут
52408,2021-04-06 15:06:15,Информер ВК. Показ
52408,2021-04-06 15:07:10,Включение интернета на 20 минут с IVR
52408,2021-04-06 15:29:17,Информер ВК. Показ
52412,2021-03-06 15:23:52,Информер ВК. Показ
52412,2021-03-06 15:24:31,Информер ВК. Показ
52412,2021-03-18 15:29:31,Информер ВК. Показ
8348,2021-04-24 08:46:43,Включение интернета на 20 минут
8348,2021-04-24 09:28:10,Гарантированный платеж за деньги
30954,2021-03-17 12:46:05,Включение интернета на 20 минут
30954,2021-04-17 15:30:21,Включение интернета на 20 минут
30954,2021-04-17 15:30:22,Включение интернета на 20 минут
52433,2021-03-11 12:26:20,Информер ВК. Показ
52433,2021-04-18 19:34:47,Включение интернета на 20 минут с IVR
52437,2021-03-05 22:46:14,Информер ВК. Показ
32686,2021-04-14 22:39:35,Получение подарка в ЛК: 1 месяц бесплатного просмотра IPTV
32686,2021-04-14 22:39:58,Получение подарка в ЛК: сутки интернета на максимальной скорости
32686,2021-04-14 22:40:50,Информер ВК. Показ
32686,2021-04-14 22:41:36,Восстановление пароля
32686,2021-04-14 22:42:11,Родительский контроль. Включение
32686,2021-04-14 22:50:23,Информер ВК. Показ
32686,2021-04-15 17:53:44,Информер ВК. Показ
32686,2021-04-15 17:54:35,Родительский контроль. Выключение
52460,2021-03-01 12:11:39,Абонент оставил отзыв в Личном кабинете
52460,2021-03-25 13:13:16,Информер ВК. Показ
52460,2021-03-25 20:45:34,Информер ВК. Показ
52460,2021-03-26 06:56:59,Информер ВК. Показ
52460,2021-04-02 19:21:22,Включение IPTV-пакета
52473,2021-03-27 21:49:36,Информер ВК. Показ
52473,2021-03-27 21:49:53,Информер ВК. Показ
52473,2021-04-05 11:41:50,Информер ВК. Показ
52473,2021-04-05 11:42:07,Смена тарифа
52476,2021-04-25 18:57:22,Включение интернета на 20 минут
52478,2021-03-09 19:42:36,Информер ВК. Показ
52478,2021-03-09 19:43:13,Информер ВК. Показ
52479,2021-03-05 12:17:29,Включение интернета на 20 минут
52479,2021-03-07 17:25:36,Гарантированный платеж за деньги
52479,2021-03-10 18:20:30,Включение интернета на 20 минут
52479,2021-03-12 22:55:56,Гарантированный платеж за деньги
52479,2021-03-15 23:15:41,Включение интернета на 20 минут
52479,2021-03-23 01:51:28,Включение интернета на 20 минут
52479,2021-03-27 02:08:21,Включение интернета на 20 минут
52479,2021-04-03 02:13:55,Включение интернета на 20 минут
52479,2021-04-03 02:13:56,Включение интернета на 20 минут
52479,2021-04-05 02:26:58,Включение интернета на 20 минут
52479,2021-04-05 02:30:03,Информер ВК. Показ
52479,2021-04-05 02:30:34,Гарантированный платеж за деньги
52479,2021-04-09 03:19:05,Гарантированный платеж за деньги
52479,2021-04-22 23:08:52,Информер ВК. Показ
52486,2021-04-04 17:34:23,Включение IPTV-пакета
34182,2021-03-14 13:13:04,Информер ВК. Показ
34182,2021-03-27 21:59:22,Информер ВК. Показ
52496,2021-03-17 20:34:04,Включение интернета на 20 минут
52496,2021-03-17 20:34:05,Включение интернета на 20 минут
52496,2021-03-17 20:57:21,Включение интернета на 20 минут с IVR
52501,2021-03-22 06:09:24,Информер ВК. Показ
52503,2021-03-04 19:05:31,Информер ВК. Показ
52510,2021-03-02 19:37:23,Информер ВК. Показ
52510,2021-03-02 20:09:53,Информер ВК. Показ
52510,2021-03-26 16:26:38,Информер ВК. Показ
52510,2021-04-03 13:15:33,Информер ВК. Показ
52510,2021-04-05 08:49:34,Информер ВК. Показ
52510,2021-04-17 13:43:41,Включение интернета на 20 минут
52510,2021-04-22 21:14:43,Включение интернета на 20 минут
52510,2021-04-25 21:45:03,Включение интернета на 20 минут
52513,2021-03-04 19:51:20,Информер ВК. Показ
52513,2021-03-04 19:51:27,Гарантированный платеж за деньги
52513,2021-03-09 21:31:29,Гарантированный платеж за деньги
52513,2021-03-14 21:45:50,Гарантированный платеж за деньги
52513,2021-03-19 22:10:54,Включение автоматической активации ГП
52513,2021-03-28 08:02:33,Информер ВК. Показ
52513,2021-03-28 08:02:43,Гарантированный платеж за деньги
52513,2021-04-02 23:24:33,Информер ВК. Показ
52513,2021-04-02 23:24:38,Включение автоматической активации ГП
52513,2021-04-10 05:12:26,Информер ВК. Показ
52513,2021-04-10 05:12:33,Гарантированный платеж за деньги
52513,2021-04-15 21:46:29,Гарантированный платеж за деньги
52513,2021-04-22 17:46:41,Включение автоматической активации ГП
52513,2021-04-29 00:17:27,Информер ВК. Показ
52513,2021-04-29 00:17:38,Гарантированный платеж за деньги
52520,2021-03-05 17:33:28,Информер ВК. Показ
52520,2021-03-05 17:33:40,Просмотр раздела Тайный покупатель
52520,2021-03-05 17:35:32,Информер ВК. Показ
52520,2021-03-05 17:41:27,Смена тарифа
52520,2021-03-31 17:47:09,Информер ВК. Показ
52520,2021-04-06 15:00:43,Информер ВК. Показ
52520,2021-04-29 11:28:17,Информер ВК. Показ
36375,2021-04-28 13:25:11,Информер ВК. Показ
11411,2021-03-28 21:32:17,Включение интернета на 20 минут
11411,2021-03-28 21:32:18,Включение интернета на 20 минут
52528,2021-03-18 22:45:24,Информер ВК. Показ
52528,2021-03-18 22:45:44,Гарантированный платеж за деньги
52528,2021-03-23 23:22:33,Информер ВК. Показ
52528,2021-03-28 20:12:01,Информер ВК. Показ
52528,2021-04-01 23:56:55,Включение автоматической активации ГП
52528,2021-04-07 01:02:18,Гарантированный платеж за деньги
52528,2021-04-21 01:00:23,Информер ВК. Показ
52528,2021-04-27 00:20:19,Информер ВК. Показ
52534,2021-04-06 17:13:20,Информер ВК. Показ
52534,2021-04-06 17:13:49,Информер ВК. Показ
52534,2021-04-06 17:14:07,Информер ВК. Показ
52535,2021-03-13 16:55:48,Гарантированный платеж за деньги
52535,2021-03-16 17:37:41,Включение интернета на 20 минут
52535,2021-03-16 20:33:52,Гарантированный платеж за деньги
52535,2021-03-19 20:54:10,Гарантированный платеж за деньги
52535,2021-03-22 21:31:22,Включение интернета на 20 минут
52535,2021-03-22 22:05:27,Информер ВК. Показ
52535,2021-03-22 22:06:43,Гарантированный платеж за деньги
52535,2021-03-25 22:44:51,Гарантированный платеж за деньги
52535,2021-03-29 07:04:24,Информер ВК. Показ
52535,2021-03-29 07:06:10,Включение интернета на 20 минут
52535,2021-03-29 07:10:43,Информер ВК. Показ
52535,2021-03-29 07:11:13,Гарантированный платеж за деньги
52535,2021-03-29 07:11:23,Информер ВК. Показ
52535,2021-03-29 07:11:29,Без границ платно. Включение
52535,2021-03-29 07:11:45,Турбокнопка платно (1 час)
52535,2021-03-29 07:12:05,Смена тарифа
52535,2021-03-29 07:12:05,Без границ бесплатно. Включение
52535,2021-04-01 07:26:09,Включение интернета на 20 минут
52535,2021-04-01 07:26:11,Включение интернета на 20 минут
52535,2021-04-01 09:26:11,Включение IPTV-пакета
52535,2021-04-01 09:26:23,Включение IPTV-пакета
52535,2021-04-01 09:26:36,Включение IPTV-пакета
52535,2021-04-01 09:26:49,Включение IPTV-пакета
52535,2021-04-01 09:27:00,Включение IPTV-пакета
52535,2021-04-01 09:27:13,Включение IPTV-пакета
52535,2021-04-01 09:37:44,Восстановление пароля
52535,2021-04-01 10:58:34,Гарантированный платеж за деньги
52535,2021-04-04 11:25:04,Гарантированный платеж за деньги
52535,2021-04-06 22:52:53,Выключение IPTV-пакета
52535,2021-04-06 22:53:40,Выключение IPTV-пакета
52535,2021-04-06 22:55:42,Выключение IPTV-пакета
52535,2021-04-06 22:56:10,Выключение IPTV-пакета
52535,2021-04-06 22:57:13,Выключение IPTV-пакета
52535,2021-04-06 23:04:32,Выключение IPTV-пакета
52535,2021-04-07 11:25:34,Включение IPTV-пакета
52535,2021-04-07 14:45:19,Включение интернета на 20 минут
52535,2021-04-08 14:53:00,Включение интернета на 20 минут
52535,2021-04-09 14:42:14,Гарантированный платеж за деньги
52535,2021-04-12 15:49:51,Включение интернета на 20 минут
52535,2021-04-13 20:17:57,Включение интернета на 20 минут
52535,2021-04-14 20:05:41,Гарантированный платеж за деньги
52535,2021-04-17 20:56:17,Гарантированный платеж за деньги
52535,2021-04-20 21:27:28,Гарантированный платеж за деньги
52535,2021-04-24 07:37:15,Включение интернета на 20 минут
52535,2021-04-25 10:05:52,Включение интернета на 20 минут
52535,2021-04-25 14:56:40,Гарантированный платеж за деньги
52535,2021-04-28 16:29:33,Включение интернета на 20 минут
52535,2021-04-28 19:04:47,Без границ бесплатно. Отключение
52535,2021-04-28 19:05:15,Гарантированный платеж за деньги
52543,2021-03-01 15:40:49,Гарантированный платеж за деньги
52543,2021-03-04 15:56:02,Информер ВК. Показ
52543,2021-03-04 15:56:13,Включение интернета на 20 минут
52543,2021-03-08 18:56:25,Турбокнопка бесплатно
52543,2021-03-14 17:06:04,Турбокнопка бесплатно
52543,2021-03-16 18:09:18,Турбокнопка бесплатно
52543,2021-03-17 17:53:19,Турбокнопка бесплатно
52543,2021-03-19 16:16:54,Турбокнопка бесплатно
52543,2021-03-19 18:00:59,Гарантированный платеж за деньги
52543,2021-03-20 13:16:03,Турбокнопка бесплатно
52543,2021-03-21 13:39:26,Турбокнопка бесплатно
52543,2021-03-22 18:20:51,Включение интернета на 20 минут
52543,2021-03-27 20:37:20,Гарантированный платеж за деньги
52543,2021-03-29 14:51:20,Турбокнопка бесплатно
52543,2021-03-30 18:11:57,Турбокнопка бесплатно
52543,2021-03-30 21:05:49,Включение интернета на 20 минут
52543,2021-04-01 18:35:59,Турбокнопка бесплатно
52543,2021-04-03 17:32:55,Турбокнопка бесплатно
52543,2021-04-06 17:45:17,Информер ВК. Показ
52543,2021-04-06 17:45:35,Турбокнопка бесплатно
52543,2021-04-07 21:16:50,Информер ВК. Показ
52543,2021-04-07 21:17:01,Гарантированный платеж за деньги
52543,2021-04-08 19:42:57,Информер ВК. Показ
52543,2021-04-09 15:04:07,Турбокнопка бесплатно
52543,2021-04-10 22:27:34,Включение интернета на 20 минут
52543,2021-04-20 23:10:26,Включение интернета на 20 минут
52543,2021-04-20 23:12:09,Гарантированный платеж за деньги
28457,2021-03-15 20:03:22,Информер ВК. Показ
28457,2021-04-19 20:49:33,Информер ВК. Показ
28457,2021-04-19 20:49:57,Информер ВК. Показ
28457,2021-04-19 20:54:19,Отключение услуги Автоплатёж
28457,2021-04-19 20:54:49,Информер ВК. Показ
52548,2021-03-10 20:08:26,Информер ВК. Показ
52548,2021-03-11 21:11:29,Информер ВК. Показ
52548,2021-03-23 19:20:02,Информер ВК. Показ
52548,2021-03-23 19:20:25,Включение автоматической активации ГП
12921,2021-03-26 11:52:30,Информер ВК. Показ
12921,2021-03-26 11:52:41,Гарантированный платеж за деньги
12921,2021-03-29 15:20:42,Информер ВК. Показ
12921,2021-03-29 15:20:51,Гарантированный платеж за деньги
52550,2021-04-01 01:05:12,Информер ВК. Показ
52550,2021-04-01 01:30:01,Информер ВК. Показ
52550,2021-04-01 02:03:19,Информер ВК. Показ
30788,2021-03-28 10:51:02,Информер ВК. Показ
30788,2021-04-19 08:33:03,Информер ВК. Показ
30788,2021-04-19 08:33:41,Информер ВК. Показ
30788,2021-04-19 08:37:57,Смена тарифа
36726,2021-03-02 15:21:15,Включение интернета на 20 минут
36726,2021-03-02 15:21:16,Включение интернета на 20 минут
36726,2021-03-03 16:48:04,Включение интернета на 20 минут
36726,2021-03-03 16:48:05,Включение интернета на 20 минут
36726,2021-03-04 17:18:03,Включение интернета на 20 минут
36726,2021-03-08 19:19:14,Включение интернета на 20 минут
36726,2021-03-09 19:47:37,Включение интернета на 20 минут
36726,2021-03-12 17:25:48,Включение интернета на 20 минут
36726,2021-03-12 17:25:49,Включение интернета на 20 минут
36726,2021-03-15 13:41:39,Включение интернета на 20 минут
36726,2021-03-15 13:41:40,Включение интернета на 20 минут
36726,2021-03-18 15:31:13,Включение интернета на 20 минут
36726,2021-03-24 16:35:29,Информер ВК. Показ
36726,2021-04-04 21:36:22,Включение интернета на 20 минут
36726,2021-04-04 21:36:23,Включение интернета на 20 минут
36726,2021-04-05 21:51:27,Включение интернета на 20 минут
36726,2021-04-05 21:51:28,Включение интернета на 20 минут
36726,2021-04-10 12:39:45,Включение интернета на 20 минут
36726,2021-04-12 19:20:18,Включение интернета на 20 минут
36726,2021-04-13 21:14:17,Включение интернета на 20 минут
36726,2021-04-13 21:14:18,Включение интернета на 20 минут
36726,2021-04-15 14:30:43,Включение интернета на 20 минут
36726,2021-04-17 20:02:16,Включение интернета на 20 минут
36726,2021-04-19 18:23:49,Включение интернета на 20 минут
36726,2021-04-20 18:56:04,Включение интернета на 20 минут
36726,2021-04-21 19:03:36,Информер ВК. Показ
36726,2021-04-23 20:14:24,Включение интернета на 20 минут
36726,2021-04-25 11:15:38,Включение интернета на 20 минут
36726,2021-04-25 11:15:39,Включение интернета на 20 минут
36726,2021-04-26 21:44:30,Включение интернета на 20 минут
36726,2021-04-26 21:44:31,Включение интернета на 20 минут
36726,2021-04-29 21:29:43,Информер ВК. Показ
52562,2021-04-18 14:39:56,Информер ВК. Показ
52573,2021-03-18 21:35:38,Информер ВК. Показ
52573,2021-03-18 21:40:18,Гарантированный платеж за деньги
52573,2021-03-18 21:47:28,Включение интернета на 20 минут
52596,2021-03-04 17:15:26,Включение интернета на 20 минут
52596,2021-03-11 17:23:09,Включение интернета на 20 минут
52596,2021-03-18 17:34:04,Включение интернета на 20 минут
52596,2021-03-25 17:49:07,Информер ВК. Показ
52596,2021-03-25 17:49:13,Информер ВК. Закрытие
52596,2021-03-25 17:49:15,Включение интернета на 20 минут
52596,2021-04-17 01:24:04,Гарантированный платеж за деньги
52596,2021-04-20 08:40:27,Включение интернета на 20 минут
52596,2021-04-20 08:40:28,Включение интернета на 20 минут
52596,2021-04-26 19:36:59,Информер ВК. Показ
52596,2021-04-27 08:52:33,Включение интернета на 20 минут
13348,2021-04-13 19:53:21,Гарантированный платеж за деньги
13348,2021-04-16 21:05:07,Включение интернета на 20 минут
52603,2021-03-03 22:38:05,Гарантированный платеж за деньги
52603,2021-03-10 00:48:08,Гарантированный платеж за деньги
52603,2021-03-13 01:01:22,Включение интернета на 20 минут
52603,2021-03-23 14:29:43,Гарантированный платеж за деньги
52603,2021-04-23 20:14:45,Смена пароля
52603,2021-04-23 20:15:02,Смена пароля
52603,2021-04-25 12:21:13,Информер ВК. Показ
52605,2021-04-15 14:43:43,Информер ВК. Показ
52605,2021-04-17 14:44:23,Информер ВК. Показ
52605,2021-04-24 23:40:59,Информер ВК. Показ
52609,2021-03-09 19:38:36,Информер ВК. Показ
52609,2021-03-15 17:36:25,Информер ВК. Показ
52609,2021-03-19 10:36:20,Информер ВК. Показ
52615,2021-03-01 15:39:56,Информер ВК. Показ
9150,2021-03-10 18:40:41,Информер ВК. Показ
9150,2021-03-13 09:20:24,Включение интернета на 20 минут
9150,2021-04-13 19:10:31,Включение интернета на 20 минут
52634,2021-03-19 07:40:50,Информер ВК. Показ
52634,2021-03-24 18:37:59,Абонент оставил отзыв в Личном кабинете
52638,2021-03-18 21:12:19,Включение интернета на 20 минут с IVR
52648,2021-03-03 03:47:35,Информер ВК. Показ
52648,2021-03-10 13:58:24,Информер ВК. Показ
52648,2021-03-10 14:00:27,Бонус-скорость
52648,2021-03-10 14:00:49,Информер ВК. Показ
52648,2021-03-27 13:25:27,Бонус-скорость
52648,2021-04-04 08:11:48,Информер ВК. Показ
52648,2021-04-11 12:39:24,Информер ВК. Показ
52648,2021-04-14 11:21:48,Информер ВК. Показ
52648,2021-04-14 11:23:02,Бонус-скорость
32199,2021-04-14 23:45:43,Информер ВК. Показ
39625,2021-04-12 16:08:32,Гарантированный платеж за деньги
52665,2021-04-03 10:59:53,Включение интернета на 20 минут
13097,2021-03-28 02:04:17,Информер ВК. Показ
13097,2021-03-28 02:08:01,Информер ВК. Показ
52683,2021-03-09 20:42:15,Информер ВК. Показ
52694,2021-03-27 17:58:58,Информер ВК. Показ
52694,2021-04-05 12:22:44,Информер ВК. Показ
52694,2021-04-09 14:11:40,Гарантированный платеж за деньги
52694,2021-04-29 18:11:02,Информер ВК. Показ
52704,2021-03-23 20:44:10,Включение интернета на 20 минут
52704,2021-03-23 20:44:11,Включение интернета на 20 минут
52709,2021-03-05 18:48:14,Включение интернета на 20 минут
52709,2021-03-09 12:32:35,Информер ВК. Показ
52709,2021-03-09 12:32:49,Гарантированный платеж за деньги
52709,2021-03-16 12:46:37,Информер ВК. Показ
52709,2021-03-16 12:47:26,Гарантированный платеж за деньги
52709,2021-03-18 19:06:30,Информер ВК. Показ
52709,2021-03-30 13:13:02,Включение интернета на 20 минут
52709,2021-03-30 13:13:26,Гарантированный платеж за деньги
52709,2021-04-06 19:03:19,Гарантированный платеж за деньги
52710,2021-03-17 21:32:31,Включение интернета на 20 минут с IVR
52710,2021-04-20 22:26:14,Включение интернета на 20 минут с IVR
52710,2021-04-23 22:55:21,Включение интернета на 20 минут с IVR
14280,2021-03-17 21:10:54,Информер ВК. Показ
14280,2021-03-18 08:13:29,Информер ВК. Показ
14280,2021-03-18 12:40:23,Информер ВК. Показ
14280,2021-04-03 12:29:58,Включение интернета на 20 минут
14280,2021-04-07 12:44:05,Включение интернета на 20 минут
14280,2021-04-22 21:57:24,Включение интернета на 20 минут
52659,2021-03-14 19:47:06,Гарантированный платеж за деньги
52659,2021-03-27 21:39:34,Информер ВК. Показ
52659,2021-03-27 21:40:15,Гарантированный платеж за деньги
52659,2021-03-27 21:45:15,Информер ВК. Показ
52717,2021-03-03 08:50:23,Информер ВК. Показ
52717,2021-03-03 08:50:54,Гарантированный платеж за деньги
52717,2021-03-06 15:34:19,Включение интернета на 20 минут
52717,2021-03-06 15:34:20,Включение интернета на 20 минут
52717,2021-03-06 15:42:49,Информер ВК. Показ
52717,2021-03-06 18:33:03,Информер ВК. Показ
52717,2021-04-12 12:40:05,Информер ВК. Показ
52717,2021-04-12 12:40:26,Гарантированный платеж за деньги
52717,2021-04-15 12:55:04,Информер ВК. Показ
52717,2021-04-15 12:55:53,Информер ВК. Показ
52717,2021-04-15 12:56:59,Включение интернета на 20 минут
52717,2021-04-18 13:11:15,Без границ платно. Включение
52717,2021-04-18 13:12:46,Включение интернета на 20 минут
9097,2021-03-06 18:21:16,Информер ВК. Показ
9097,2021-03-06 18:21:35,Просмотр раздела Тайный покупатель
9097,2021-03-06 18:21:47,Информер ВК. Показ
52726,2021-04-07 04:31:51,Гарантированный платеж за деньги
52726,2021-04-16 18:49:08,Гарантированный платеж за деньги
49925,2021-03-31 19:17:01,Информер ВК. Показ
49925,2021-03-31 19:17:19,Включение интернета на 20 минут
49925,2021-03-31 19:18:25,Гарантированный платеж за деньги
49925,2021-03-31 19:19:22,Информер ВК. Показ
49925,2021-04-17 21:56:53,Информер ВК. Показ
52732,2021-03-20 23:29:11,Гарантированный платеж за деньги
52732,2021-04-23 23:59:29,Гарантированный платеж за деньги
49162,2021-03-02 12:41:03,Информер ВК. Показ
49162,2021-03-31 18:31:15,Информер ВК. Показ
49162,2021-03-31 18:34:20,Информер ВК. Показ
49162,2021-04-06 12:57:36,Информер ВК. Показ
14560,2021-03-03 16:57:51,Информер ВК. Показ
14560,2021-03-18 09:58:53,Информер ВК. Показ
14560,2021-03-25 04:05:42,Информер ВК. Показ
14560,2021-04-18 17:55:32,Информер ВК. Показ
14560,2021-04-18 17:58:23,Информер ВК. Показ
52738,2021-04-05 19:55:16,Гарантированный платеж за деньги
52738,2021-04-07 20:01:58,Гарантированный платеж за деньги
52739,2021-03-08 04:03:07,Включение интернета на 20 минут
52739,2021-03-08 04:03:48,Информер ВК. Показ
52739,2021-03-08 04:04:14,Информер ВК. Показ
52739,2021-03-08 04:18:06,Гарантированный платеж за деньги
52739,2021-03-16 10:36:10,Гарантированный платеж за деньги
52739,2021-03-19 18:15:42,Включение интернета на 20 минут
52739,2021-03-19 18:15:43,Включение интернета на 20 минут
52739,2021-03-27 23:46:13,Информер ВК. Показ
52739,2021-03-27 23:47:48,Включение интернета на 20 минут
52739,2021-03-28 00:08:19,Гарантированный платеж за деньги
52739,2021-04-05 20:17:42,Получение подарка в ЛК: 1 месяц бесплатного просмотра IPTV
52739,2021-04-05 20:18:15,Получение подарка в ЛК: сутки интернета на максимальной скорости
52739,2021-04-05 20:24:14,Включение интернета на 20 минут
52739,2021-04-05 20:26:00,Гарантированный платеж за деньги
52739,2021-04-08 20:37:45,Информер ВК. Показ
52739,2021-04-13 16:19:47,Включение интернета на 20 минут
52739,2021-04-13 16:43:26,Информер ВК. Показ
52739,2021-04-13 17:02:22,Гарантированный платеж за деньги
52739,2021-04-19 11:32:04,Включение интернета на 20 минут
52739,2021-04-19 11:32:05,Включение интернета на 20 минут
31601,2021-04-24 20:06:37,Включение интернета на 20 минут
52740,2021-03-04 22:53:56,Информер ВК. Показ
52740,2021-03-05 22:08:41,Информер ВК. Показ
52740,2021-03-09 21:59:04,Информер ВК. Показ
52740,2021-04-05 22:19:22,Информер ВК. Показ
52740,2021-04-08 23:32:10,Информер ВК. Показ
52740,2021-04-13 22:39:05,Информер ВК. Показ
30773,2021-03-09 00:53:22,Включение интернета на 20 минут
52748,2021-03-14 09:53:39,Информер ВК. Показ
52748,2021-03-14 09:55:30,Включение интернета на 20 минут
52748,2021-03-14 09:57:01,Информер ВК. Показ
52748,2021-03-29 12:07:39,Информер ВК. Показ
52748,2021-04-14 14:23:48,Информер ВК. Показ
52748,2021-04-14 14:23:56,Включение интернета на 20 минут
52758,2021-03-01 00:32:12,Информер ВК. Показ
52758,2021-03-19 16:54:08,Информер ВК. Показ
52758,2021-03-19 16:55:13,Информер ВК. Показ
52758,2021-04-01 22:51:21,Информер ВК. Показ
52758,2021-04-23 21:07:39,Информер ВК. Показ
52759,2021-03-06 15:57:52,Включение интернета на 20 минут
52759,2021-03-06 15:57:53,Включение интернета на 20 минут
52759,2021-03-13 13:30:36,Включение интернета на 20 минут
52759,2021-03-28 22:26:09,Включение интернета на 20 минут
52759,2021-04-04 00:40:18,Включение интернета на 20 минут
52759,2021-04-29 20:23:06,Включение интернета на 20 минут
52771,2021-04-12 16:47:08,Информер ВК. Показ
52773,2021-03-27 10:16:08,Информер ВК. Показ
52773,2021-03-27 10:26:14,Информер ВК. Показ
52781,2021-04-11 22:21:01,Информер ВК. Показ
52781,2021-04-11 22:34:31,Информер ВК. Показ
49793,2021-03-01 16:09:58,Информер ВК. Показ
49793,2021-03-01 16:11:15,Информер ВК. Показ
49793,2021-03-02 08:34:13,Включение интернета на 20 минут с IVR
49793,2021-03-10 19:33:14,Включение интернета на 20 минут с IVR
49793,2021-03-19 21:28:39,Включение интернета на 20 минут с IVR
49793,2021-03-22 21:33:40,Включение интернета на 20 минут с IVR
49793,2021-03-26 22:40:34,Включение интернета на 20 минут с IVR
49793,2021-03-30 12:59:12,Включение интернета на 20 минут с IVR
49793,2021-04-13 16:45:57,Включение интернета на 20 минут с IVR
49793,2021-04-25 18:16:46,Включение интернета на 20 минут с IVR
49793,2021-04-29 11:07:08,Включение интернета на 20 минут с IVR
11093,2021-03-13 10:17:50,Информер ВК. Показ
8879,2021-04-13 23:11:14,Информер ВК. Показ
10544,2021-04-17 20:33:31,Информер ВК. Показ
52799,2021-04-01 21:33:20,Включение интернета на 20 минут
52800,2021-03-02 08:50:29,Информер ВК. Показ
52800,2021-03-02 08:52:01,Информер ВК. Показ
52800,2021-03-12 12:07:52,Информер ВК. Показ
52800,2021-04-03 12:47:37,Информер ВК. Показ
52800,2021-04-28 21:15:06,Информер ВК. Показ
52800,2021-04-28 21:16:00,Информер ВК. Показ
52811,2021-03-04 19:50:54,Гарантированный платеж за деньги
52811,2021-03-09 22:38:16,Гарантированный платеж за деньги
52811,2021-03-15 08:33:01,Гарантированный платеж за деньги
52811,2021-03-20 11:11:17,Гарантированный платеж за деньги
52811,2021-04-01 00:02:36,Гарантированный платеж за деньги
52811,2021-04-06 01:05:30,Гарантированный платеж за деньги
52811,2021-04-19 21:32:31,Гарантированный платеж за деньги
52811,2021-04-26 16:02:57,Гарантированный платеж за деньги
52811,2021-04-29 18:24:06,Включение интернета на 20 минут
52811,2021-04-29 18:24:07,Включение интернета на 20 минут
52817,2021-03-02 19:56:34,Информер ВК. Показ
52817,2021-03-07 17:20:39,Информер ВК. Показ
52817,2021-04-10 21:23:47,Информер ВК. Показ
12045,2021-03-02 17:19:02,Включение интернета на 20 минут
12045,2021-03-04 02:35:12,Информер ВК. Показ
12045,2021-03-04 02:42:17,Информер ВК. Показ
12045,2021-03-05 00:49:26,Турбокнопка платно (1 час)
12045,2021-03-05 12:05:12,Включение автоматической активации ГП
12045,2021-03-06 23:37:14,Информер ВК. Показ
12045,2021-03-08 17:37:14,Включение интернета на 20 минут
12045,2021-03-08 17:37:15,Включение интернета на 20 минут
12045,2021-03-11 19:02:39,Включение интернета на 20 минут
12045,2021-03-11 19:02:54,Гарантированный платеж за деньги
12045,2021-03-12 04:26:49,Бонус-скорость
12045,2021-03-15 10:08:21,Включение интернета на 20 минут
12045,2021-03-18 15:20:32,Включение интернета на 20 минут
12045,2021-03-18 15:21:18,Гарантированный платеж за деньги
12045,2021-03-22 22:37:20,Включение интернета на 20 минут
12045,2021-03-23 00:05:17,Гарантированный платеж за деньги
12045,2021-03-29 00:30:38,Включение интернета на 20 минут
12045,2021-03-30 02:56:08,Включение интернета на 20 минут
12045,2021-03-30 02:57:15,Гарантированный платеж за деньги
12045,2021-04-02 03:01:44,Включение интернета на 20 минут
12045,2021-04-04 20:03:45,Включение интернета на 20 минут
12045,2021-04-05 21:48:51,Включение интернета на 20 минут
12045,2021-04-08 18:54:27,Информер ВК. Показ
12045,2021-04-08 18:54:41,Гарантированный платеж за деньги
12045,2021-04-09 03:29:26,Информер ВК. Показ
12045,2021-04-09 03:30:32,Информер ВК. Показ
12045,2021-04-09 05:18:37,Без границ платно. Включение
12045,2021-04-12 11:35:27,Включение интернета на 20 минут
12045,2021-04-12 11:35:28,Включение интернета на 20 минут
12045,2021-04-13 17:24:12,Включение интернета на 20 минут
12045,2021-04-13 17:32:14,Турбокнопка бесплатно
12045,2021-04-16 01:01:31,Включение интернета на 20 минут
12045,2021-04-22 00:45:45,Включение интернета на 20 минут
12045,2021-04-22 00:46:34,Гарантированный платеж за деньги
12045,2021-04-25 05:59:36,Включение интернета на 20 минут
12045,2021-04-25 05:59:37,Включение интернета на 20 минут
12045,2021-04-26 00:58:23,Гарантированный платеж за деньги
12045,2021-04-29 06:26:02,Включение интернета на 20 минут
52839,2021-03-02 21:44:53,Родительский контроль. Выключение
52839,2021-03-03 09:00:44,Родительский контроль. Включение
52839,2021-03-03 21:39:45,Родительский контроль. Выключение
52839,2021-03-06 12:28:41,Родительский контроль. Включение
52839,2021-03-09 21:44:12,Родительский контроль. Выключение
52839,2021-03-10 14:42:12,Родительский контроль. Включение
52839,2021-03-12 12:58:49,Информер ВК. Показ
52839,2021-03-12 17:41:31,Родительский контроль. Выключение
52839,2021-03-14 09:11:56,Включение интернета на 20 минут
52839,2021-03-14 09:11:57,Включение интернета на 20 минут
52839,2021-03-14 13:11:51,Родительский контроль. Включение
52839,2021-03-15 13:53:12,Информер ВК. Показ
52839,2021-03-16 19:45:40,Информер ВК. Показ
52839,2021-03-19 20:41:44,Родительский контроль. Выключение
52839,2021-03-22 15:58:41,Родительский контроль. Включение
52839,2021-03-26 21:23:18,Родительский контроль. Выключение
52839,2021-04-01 13:46:14,Родительский контроль. Включение
52839,2021-04-02 15:49:35,Родительский контроль. Выключение
52839,2021-04-02 16:59:34,Родительский контроль. Включение
52839,2021-04-09 21:06:48,Родительский контроль. Выключение
52839,2021-04-10 19:45:08,Включение интернета на 20 минут
52839,2021-04-13 18:45:23,Информер ВК. Показ
52839,2021-04-16 16:06:08,Информер ВК. Показ
52839,2021-04-16 16:06:26,Родительский контроль. Включение
52839,2021-04-19 09:20:27,Информер ВК. Показ
52839,2021-04-20 20:20:06,Родительский контроль. Выключение
52839,2021-04-20 20:51:26,Родительский контроль. Включение
52839,2021-04-23 20:39:15,Родительский контроль. Выключение
52839,2021-04-26 08:37:17,Родительский контроль. Включение
52839,2021-04-27 21:54:05,Родительский контроль. Выключение
52839,2021-04-27 23:23:43,Включение интернета на 20 минут
52849,2021-03-08 19:32:42,Включение интернета на 20 минут с IVR
13798,2021-04-01 19:09:01,Информер ВК. Показ
13798,2021-04-01 19:10:11,Информер ВК. Показ
9668,2021-03-19 21:01:49,Информер ВК. Показ
48887,2021-03-27 16:30:21,Информер ВК. Показ
48887,2021-03-27 21:58:38,Информер ВК. Показ
48887,2021-04-05 22:49:32,Информер ВК. Показ
48887,2021-04-21 15:04:47,Родительский контроль. Выключение
48887,2021-04-21 15:06:50,Родительский контроль. Включение
48887,2021-04-21 15:09:53,Родительский контроль. Выключение
48887,2021-04-21 15:12:23,Родительский контроль. Включение
52863,2021-03-29 17:05:35,Информер ВК. Показ
52863,2021-03-29 17:05:36,Информер ВК. Показ
52863,2021-03-29 17:05:43,Информер ВК. Показ
52864,2021-03-16 20:05:27,Информер ВК. Показ
52873,2021-03-16 14:29:23,Принято заявление и доп. соглашение по переезду
52873,2021-03-16 14:29:26,Информер ВК. Показ
52873,2021-03-29 17:43:00,Информер ВК. Показ
52874,2021-03-08 14:26:01,Информер ВК. Показ
52874,2021-03-13 09:53:03,Информер ВК. Показ
52874,2021-03-16 19:35:40,Информер ВК. Показ
52874,2021-04-08 19:08:40,Информер ВК. Показ
52874,2021-04-14 07:12:51,Информер ВК. Показ
52874,2021-04-22 20:46:07,Информер ВК. Показ
52876,2021-04-26 16:23:58,Восстановление пароля
52876,2021-04-26 17:17:31,Восстановление пароля
52876,2021-04-26 17:27:40,Показ информатора об изменении уведомлений через ВК платформу
52876,2021-04-26 17:29:09,Показ информатора об изменении уведомлений через ВК платформу
52883,2021-03-11 13:16:01,Информер ВК. Показ
52883,2021-03-11 13:16:34,Информер ВК. Показ
52883,2021-03-11 17:51:20,Информер ВК. Показ
52883,2021-03-11 17:51:31,Гарантированный платеж за деньги
52883,2021-03-14 19:10:46,Включение интернета на 20 минут
52883,2021-03-15 19:28:16,Гарантированный платеж за деньги
52883,2021-03-18 19:39:19,Включение интернета на 20 минут
52883,2021-03-18 20:03:15,Гарантированный платеж за деньги
52883,2021-03-21 20:34:23,Включение интернета на 20 минут
52883,2021-03-25 20:50:42,Гарантированный платеж за деньги
52883,2021-04-28 21:55:30,Информер ВК. Показ
52883,2021-04-28 21:55:49,Гарантированный платеж за деньги
52889,2021-03-10 18:11:00,Включение интернета на 20 минут
52889,2021-03-17 18:42:04,Включение интернета на 20 минут
52889,2021-04-20 17:05:41,Информер ВК. Показ
52889,2021-04-20 17:10:09,Информер ВК. Показ
28048,2021-03-03 19:53:59,Информер ВК. Показ
28048,2021-03-03 19:55:39,Информер ВК. Показ
28048,2021-03-03 19:55:59,Информер ВК. Показ
51421,2021-03-01 12:43:52,Информер ВК. Показ
51421,2021-03-08 22:06:36,Информер ВК. Показ
51421,2021-03-16 12:11:31,Информер ВК. Показ
51421,2021-04-15 12:19:25,Информер ВК. Показ
52940,2021-03-20 10:09:00,Информер ВК. Показ
52940,2021-03-23 14:17:31,Информер ВК. Показ
52940,2021-03-28 11:49:34,Информер ВК. Показ
52940,2021-04-21 07:12:50,Информер ВК. Показ
52940,2021-04-27 07:03:07,Информер ВК. Показ
52940,2021-04-28 16:56:38,Информер ВК. Показ
52946,2021-03-15 08:41:17,Информер ВК. Показ
52946,2021-03-15 08:42:11,Информер ВК. Показ
52946,2021-03-24 12:00:00,Информер ВК. Показ
52946,2021-04-07 13:07:14,Включение интернета на 20 минут
52946,2021-04-07 13:07:19,Включение интернета на 20 минут
52946,2021-04-16 09:41:00,Информер ВК. Показ
52946,2021-04-19 19:36:08,Информер ВК. Показ
52946,2021-04-28 10:31:45,Информер ВК. Показ
52948,2021-04-05 08:43:35,Включение интернета на 20 минут
52953,2021-03-31 10:17:52,Информер ВК. Показ
52953,2021-03-31 10:19:17,Информер ВК. Показ
52953,2021-03-31 10:19:36,Информер ВК. Показ
52974,2021-03-30 22:27:41,Информер ВК. Показ
52974,2021-03-30 22:28:25,Информер ВК. Показ
52974,2021-03-30 22:29:27,Включение интернета на 20 минут с IVR
52974,2021-04-07 20:00:19,Гарантированный платеж за деньги
48896,2021-03-20 14:01:18,Информер ВК. Показ
52982,2021-03-02 20:34:02,Включение автоматической активации ГП
52982,2021-03-04 20:09:30,Показ информатора об изменении уведомлений через ВК платформу
52982,2021-03-05 21:44:24,Включение автоматической активации ГП
52982,2021-03-08 16:18:19,Включение автоматической активации ГП
52982,2021-03-11 21:25:16,Включение автоматической активации ГП
52982,2021-03-13 22:58:35,Показ информатора об изменении уведомлений через ВК платформу
52982,2021-03-14 17:28:13,Включение автоматической активации ГП
52982,2021-03-17 21:56:40,Включение автоматической активации ГП
52982,2021-03-20 17:32:28,Включение автоматической активации ГП
52982,2021-03-23 18:49:29,Включение автоматической активации ГП
52982,2021-03-26 16:50:17,Включение автоматической активации ГП
52982,2021-03-29 13:37:55,Показ информатора об изменении уведомлений через ВК платформу
52982,2021-03-29 13:38:13,Включение автоматической активации ГП
52982,2021-04-01 21:38:48,Включение автоматической активации ГП
52982,2021-04-04 20:32:33,Показ информатора об изменении уведомлений через ВК платформу
52982,2021-04-04 20:34:08,Включение автоматической активации ГП
52982,2021-04-07 21:45:25,Включение автоматической активации ГП
52982,2021-04-10 23:25:36,Включение автоматической активации ГП
52982,2021-04-13 23:00:21,Показ информатора об изменении уведомлений через ВК платформу
52982,2021-04-13 23:12:30,Включение автоматической активации ГП
52982,2021-04-16 20:30:47,Включение автоматической активации ГП
52982,2021-04-19 22:01:43,Включение автоматической активации ГП
52982,2021-04-22 16:53:36,Включение автоматической активации ГП
52982,2021-04-25 23:19:56,Включение автоматической активации ГП
52982,2021-04-28 22:44:17,Включение автоматической активации ГП
52984,2021-03-11 12:45:32,Информер ВК. Показ
52984,2021-03-21 19:45:27,Информер ВК. Показ
52984,2021-03-23 17:47:32,Информер ВК. Показ
52984,2021-03-31 00:08:47,Абонент оставил отзыв в Личном кабинете
52984,2021-04-11 13:05:56,Информер ВК. Показ
52989,2021-04-05 15:57:55,Включение интернета на 20 минут
52989,2021-04-05 15:57:59,Информер ВК. Показ
52989,2021-04-05 15:59:30,Информер ВК. Показ
52989,2021-04-05 15:59:35,Информер ВК. Показ
52989,2021-04-26 23:11:17,Включение интернета на 20 минут
52989,2021-04-26 23:15:34,Гарантированный платеж за деньги
52994,2021-03-10 22:40:05,Информер ВК. Показ
52994,2021-03-14 21:11:39,Информер ВК. Показ
53005,2021-03-01 08:47:18,Включение интернета на 20 минут
53012,2021-03-05 22:22:49,Включение интернета на 20 минут
53012,2021-03-11 07:34:04,Включение интернета на 20 минут
51473,2021-04-06 07:01:42,Информер ВК. Показ
51473,2021-04-06 07:02:34,Информер ВК. Показ
51473,2021-04-29 18:18:46,Информер ВК. Показ
51473,2021-04-29 18:19:57,Гарантированный платеж за деньги
53016,2021-03-06 11:04:19,Гарантированный платеж за деньги
53016,2021-03-09 19:50:40,Включение интернета на 20 минут
53016,2021-03-09 19:50:41,Включение интернета на 20 минут
53016,2021-03-10 20:03:16,Информер ВК. Показ
53016,2021-03-10 21:26:50,Турбокнопка платно (1 час)
53016,2021-03-30 21:15:21,Гарантированный платеж за деньги
53016,2021-04-10 21:35:42,Гарантированный платеж за деньги
53016,2021-04-21 16:55:51,Гарантированный платеж за деньги
53016,2021-04-26 10:07:15,Гарантированный платеж за деньги
53018,2021-04-08 21:44:14,Включение интернета на 20 минут
53018,2021-04-08 21:45:07,Информер ВК. Показ
31384,2021-03-27 23:26:42,Информер ВК. Показ
31384,2021-03-27 23:27:10,Включение интернета на 20 минут
31384,2021-03-27 23:56:23,Информер ВК. Показ
31384,2021-03-27 23:57:08,Просмотр раздела Тайный покупатель
31384,2021-03-27 23:57:15,Информер ВК. Показ
53038,2021-03-07 18:35:00,Турбокнопка бесплатно
53038,2021-03-21 12:59:26,Информер ВК. Показ
53038,2021-03-21 12:59:38,Турбокнопка бесплатно
53038,2021-03-25 10:45:55,Информер ВК. Показ
53038,2021-03-25 10:46:01,Турбокнопка бесплатно
53038,2021-03-28 09:40:44,Информер ВК. Показ
53038,2021-03-28 09:41:11,Турбокнопка бесплатно
53038,2021-04-10 20:32:18,Турбокнопка платно (1 час)
53038,2021-04-21 13:52:51,Информер ВК. Показ
53038,2021-04-21 13:53:00,Турбокнопка бесплатно
53038,2021-04-21 17:07:26,Турбокнопка платно (1 час)
53038,2021-04-22 00:29:05,Турбокнопка бесплатно
53038,2021-04-22 12:06:28,Турбокнопка платно (1 час)
53038,2021-04-23 10:17:09,Турбокнопка бесплатно
53044,2021-03-04 01:57:19,Включение интернета на 20 минут
53044,2021-03-04 01:57:23,Включение интернета на 20 минут
53044,2021-03-04 01:58:23,Информер ВК. Показ
53044,2021-03-04 01:58:50,Информер ВК. Показ
53044,2021-03-05 02:11:52,Гарантированный платеж за деньги
53044,2021-03-22 08:29:10,Гарантированный платеж за деньги
53044,2021-03-28 07:54:40,Информер ВК. Показ
53044,2021-03-28 07:55:03,Гарантированный платеж за деньги
53044,2021-04-01 16:28:46,Гарантированный платеж за деньги
53044,2021-04-06 20:51:45,Информер ВК. Показ
53044,2021-04-06 20:51:58,Гарантированный платеж за деньги
53044,2021-04-20 22:28:38,Информер ВК. Показ
53044,2021-04-20 22:28:48,Гарантированный платеж за деньги
39659,2021-04-20 23:02:24,Включение интернета на 20 минут
53072,2021-03-19 20:51:14,Включение интернета на 20 минут
53072,2021-03-19 20:51:15,Включение интернета на 20 минут
53072,2021-04-18 22:01:02,Информер ВК. Показ
53072,2021-04-18 22:02:10,Гарантированный платеж за деньги
53072,2021-04-18 22:05:07,Информер ВК. Показ
53072,2021-04-18 22:11:55,Информер ВК. Показ
13525,2021-04-24 22:13:35,Информер ВК. Показ
13525,2021-04-24 22:15:58,Информер ВК. Показ
13525,2021-04-24 22:16:32,Информер ВК. Показ
53081,2021-03-06 10:05:40,Информер ВК. Показ
53081,2021-03-20 12:58:26,Информер ВК. Показ
53081,2021-04-09 19:55:11,Информер ВК. Показ
53084,2021-03-15 18:52:38,Информер ВК. Показ
53085,2021-03-06 21:33:01,Информер ВК. Показ
53085,2021-04-07 19:23:13,Информер ВК. Показ
53085,2021-04-19 09:10:35,Информер ВК. Показ
53085,2021-04-26 17:14:42,Информер ВК. Показ
53086,2021-03-14 18:37:50,Информер ВК. Показ
53086,2021-03-15 22:13:01,Включение интернета на 20 минут
53086,2021-03-15 23:15:55,Гарантированный платеж за деньги
53086,2021-03-17 22:05:42,Информер ВК. Показ
53086,2021-03-17 22:06:55,Информер ВК. Показ
53086,2021-03-23 23:26:11,Включение интернета на 20 минут
53086,2021-03-27 15:54:06,Включение интернета на 20 минут
53086,2021-04-15 22:27:21,Информер ВК. Показ
53086,2021-04-17 14:25:57,Включение интернета на 20 минут
53086,2021-04-19 23:42:48,Информер ВК. Показ
53086,2021-04-20 21:28:31,Информер ВК. Показ
53086,2021-04-22 21:54:44,Включение интернета на 20 минут
53086,2021-04-22 21:57:16,Гарантированный платеж за деньги
53086,2021-04-27 21:15:43,Включение автоматической активации ГП
53086,2021-04-27 21:17:00,Отключение автоматической активации ГП
53086,2021-04-27 22:04:07,Гарантированный платеж за деньги
53088,2021-03-09 09:31:29,Информер ВК. Показ
53088,2021-03-16 19:59:57,Информер ВК. Показ
53088,2021-04-18 17:37:06,Информер ВК. Показ
53088,2021-04-22 18:48:51,Информер ВК. Показ
53088,2021-04-22 18:49:03,Включение интернета на 20 минут
53088,2021-04-22 18:53:54,Информер ВК. Показ
53094,2021-04-06 09:48:27,Включение интернета на 20 минут
53094,2021-04-23 16:32:09,Включение интернета на 20 минут
53096,2021-03-18 18:13:20,Информер ВК. Показ
53096,2021-03-18 18:13:24,Включение интернета на 20 минут
53096,2021-03-18 18:16:03,Информер ВК. Показ
53102,2021-03-10 22:52:21,Информер ВК. Показ
53103,2021-03-04 13:23:37,Информер ВК. Показ
53103,2021-03-04 13:23:46,Бонус-скорость
53103,2021-03-28 11:27:58,Информер ВК. Показ
53103,2021-03-28 11:28:07,Турбокнопка бесплатно
53103,2021-04-03 10:45:21,Информер ВК. Показ
53103,2021-04-03 10:45:39,Бонус-скорость
53103,2021-04-11 00:12:02,Информер ВК. Показ
53103,2021-04-11 00:12:16,Бонус-скорость
53103,2021-04-11 00:12:32,Бонус-скорость
53103,2021-04-15 10:27:55,Бонус-скорость
53106,2021-04-13 21:39:02,Информер ВК. Показ
28869,2021-03-13 02:07:37,Информер ВК. Показ
28869,2021-04-15 12:34:23,Информер ВК. Показ
28869,2021-04-15 12:34:48,Информер ВК. Показ
53111,2021-03-02 17:18:46,Информер ВК. Показ
53111,2021-03-02 17:18:47,Информер ВК. Показ
53111,2021-03-06 17:47:09,Гарантированный платеж за деньги
53111,2021-03-09 20:45:07,Включение интернета на 20 минут
53111,2021-03-09 20:45:08,Включение интернета на 20 минут
53111,2021-03-11 21:09:37,Гарантированный платеж за деньги
53111,2021-04-17 02:17:56,Информер ВК. Показ
53111,2021-04-17 02:18:22,Информер ВК. Показ
53111,2021-04-17 02:18:55,Информер ВК. Показ
53111,2021-04-19 07:05:58,Гарантированный платеж за деньги
53114,2021-03-08 21:13:07,Включение интернета на 20 минут с IVR
53114,2021-04-09 02:44:37,Информер ВК. Показ
53114,2021-04-09 02:46:18,Включение интернета на 20 минут с IVR
53114,2021-04-09 02:48:50,Гарантированный платеж за деньги
37942,2021-03-03 19:18:19,Включение автоматической активации ГП
37942,2021-03-10 14:13:52,Включение автоматической активации ГП
37942,2021-03-13 19:45:42,Гарантированный платеж за деньги
37942,2021-03-19 05:14:02,Гарантированный платеж за деньги
37942,2021-03-21 00:18:42,Информер ВК. Показ
37942,2021-03-21 17:49:47,Информер ВК. Показ
37942,2021-03-21 20:46:39,Информер ВК. Показ
37942,2021-03-22 20:26:12,Гарантированный платеж за деньги
37942,2021-03-27 15:56:32,Гарантированный платеж за деньги
37942,2021-03-31 12:09:41,Гарантированный платеж за деньги
37942,2021-04-09 21:29:15,Включение автоматической активации ГП
37942,2021-04-13 15:00:44,Включение интернета на 20 минут
37942,2021-04-15 21:42:12,Гарантированный платеж за деньги
37942,2021-04-19 07:02:15,Включение интернета на 20 минут
37942,2021-04-19 07:02:16,Включение интернета на 20 минут
37942,2021-04-25 12:05:25,Информер ВК. Показ
37942,2021-04-25 12:05:42,Гарантированный платеж за деньги
37942,2021-04-29 22:50:00,Информер ВК. Показ
37942,2021-04-29 22:50:06,Информер ВК. Показ
51735,2021-03-02 18:23:49,Информер ВК. Показ
30239,2021-03-01 19:00:28,Включение интернета на 20 минут
30239,2021-03-05 19:32:20,Гарантированный платеж за деньги
30239,2021-03-08 19:42:42,Включение интернета на 20 минут
30239,2021-03-08 20:06:37,Гарантированный платеж за деньги
30239,2021-03-11 20:14:21,Включение интернета на 20 минут
30239,2021-03-12 20:21:02,Гарантированный платеж за деньги
30239,2021-03-15 20:34:56,Включение интернета на 20 минут
30239,2021-03-15 21:01:28,Гарантированный платеж за деньги
30239,2021-03-18 21:54:04,Включение интернета на 20 минут
30239,2021-03-18 22:25:55,Информер ВК. Показ
30239,2021-03-18 22:26:19,Информер ВК. Показ
30239,2021-03-18 22:27:05,Информер ВК. Показ
30239,2021-03-18 22:28:15,Гарантированный платеж за деньги
30239,2021-03-21 22:31:46,Включение интернета на 20 минут
30239,2021-03-21 23:21:32,Гарантированный платеж за деньги
30239,2021-03-24 00:30:10,Гарантированный платеж за деньги
30239,2021-03-27 00:55:14,Включение интернета на 20 минут
30239,2021-03-28 17:17:35,Гарантированный платеж за деньги
30239,2021-03-31 18:26:03,Включение интернета на 20 минут
30239,2021-03-31 19:00:17,Гарантированный платеж за деньги
30239,2021-04-03 23:12:42,Включение интернета на 20 минут
30239,2021-04-05 07:00:06,Гарантированный платеж за деньги
30239,2021-04-08 07:46:49,Включение интернета на 20 минут
30239,2021-04-11 17:55:34,Гарантированный платеж за деньги
30239,2021-04-14 18:25:50,Гарантированный платеж за деньги
30239,2021-04-17 18:57:03,Включение интернета на 20 минут
30239,2021-04-18 19:21:39,Гарантированный платеж за деньги
30239,2021-04-21 19:34:34,Включение интернета на 20 минут
30239,2021-04-22 22:09:06,Гарантированный платеж за деньги
30239,2021-04-25 22:15:00,Включение интернета на 20 минут
30239,2021-04-26 18:38:50,Информер ВК. Показ
30239,2021-04-26 18:38:58,Включение автоматической активации ГП
30239,2021-04-26 18:40:17,Информер ВК. Показ
30239,2021-04-28 18:48:28,Гарантированный платеж за деньги
53118,2021-04-14 17:52:37,Включение интернета на 20 минут
53123,2021-03-10 15:53:08,Информер ВК. Показ
53123,2021-03-10 15:55:05,Информер ВК. Показ
53123,2021-04-01 11:24:57,Информер ВК. Показ
53123,2021-04-11 13:56:59,Информер ВК. Показ
53123,2021-04-23 11:58:54,Информер ВК. Показ
53126,2021-03-07 22:55:00,Информер ВК. Показ
53126,2021-03-07 23:04:35,Информер ВК. Показ
53126,2021-03-07 23:05:04,Гарантированный платеж за деньги
53126,2021-03-14 07:32:50,Информер ВК. Показ
53126,2021-03-14 07:33:20,Гарантированный платеж за деньги
53126,2021-04-10 12:38:53,Информер ВК. Показ
53126,2021-04-10 12:43:08,Информер ВК. Показ
53126,2021-04-10 12:43:38,Гарантированный платеж за деньги
53126,2021-04-27 20:45:20,Информер ВК. Показ
53126,2021-04-27 20:46:19,Гарантированный платеж за деньги
53134,2021-04-16 19:10:18,Информер ВК. Показ
53134,2021-04-22 20:43:51,Гарантированный платеж за деньги
53134,2021-04-22 20:44:51,Информер ВК. Показ
51814,2021-03-18 15:07:13,Гарантированный платеж за деньги
51814,2021-03-19 15:27:39,Гарантированный платеж за деньги
51814,2021-04-01 19:38:55,Гарантированный платеж за деньги
51814,2021-04-04 20:25:53,Включение интернета на 20 минут
53153,2021-03-07 19:54:55,Информер ВК. Показ
53153,2021-03-27 09:03:00,Гарантированный платеж за деньги
53153,2021-03-31 20:33:33,Информер ВК. Показ
53153,2021-03-31 20:37:22,Информер ВК. Показ
53153,2021-04-12 14:14:41,Информер ВК. Показ
53155,2021-03-08 18:29:26,Информер ВК. Показ
53155,2021-03-08 18:29:33,Информер ВК. Показ
53155,2021-03-08 18:30:35,Информер ВК. Показ
53155,2021-03-09 20:42:22,Бонус-скорость
53155,2021-04-04 19:13:52,Турбокнопка бесплатно
53155,2021-04-04 21:44:14,Бонус-скорость
53155,2021-04-05 23:21:26,Бонус-скорость
53155,2021-04-06 21:57:30,Бонус-скорость
53155,2021-04-07 19:43:57,Бонус-скорость
53155,2021-04-08 18:32:05,Информер ВК. Показ
53155,2021-04-08 18:32:12,Турбокнопка бесплатно
53155,2021-04-08 18:37:22,Информер ВК. Показ
53155,2021-04-09 00:06:23,Информер ВК. Показ
53155,2021-04-09 00:11:55,Турбокнопка бесплатно
53155,2021-04-09 15:05:30,Бонус-скорость
53155,2021-04-10 21:52:10,Бонус-скорость
53155,2021-04-12 13:56:38,Турбокнопка бесплатно
53155,2021-04-15 17:32:15,Турбокнопка бесплатно
53155,2021-04-15 19:42:18,Турбокнопка платно (1 сутки)
53155,2021-04-16 21:35:56,Турбокнопка платно (1 сутки)
53155,2021-04-21 20:43:10,Турбокнопка платно (1 час)
53155,2021-04-23 21:44:39,Турбокнопка платно (1 час)
53157,2021-03-08 01:33:17,Турбокнопка бесплатно
53157,2021-03-18 04:47:39,Информер ВК. Показ
53157,2021-03-18 04:48:03,Гарантированный платеж за деньги
53157,2021-03-25 16:30:33,Информер ВК. Показ
53157,2021-03-25 16:30:38,Турбокнопка бесплатно
53157,2021-04-01 20:13:30,Информер ВК. Показ
53157,2021-04-04 14:07:08,Турбокнопка бесплатно
53157,2021-04-11 00:42:58,Турбокнопка бесплатно
53157,2021-04-12 00:00:06,Турбокнопка бесплатно
53157,2021-04-16 21:30:15,Гарантированный платеж за деньги
53157,2021-04-19 19:49:18,Информер ВК. Показ
53157,2021-04-23 18:36:39,Турбокнопка бесплатно
53157,2021-04-26 21:24:03,Информер ВК. Показ
53167,2021-03-28 21:40:41,Информер ВК. Показ
53167,2021-03-28 21:41:06,Включение интернета на 20 минут
53167,2021-03-28 21:41:48,Информер ВК. Показ
53167,2021-03-28 21:53:58,Информер ВК. Показ
53167,2021-04-28 22:03:39,Включение интернета на 20 минут
53167,2021-04-28 22:03:45,Информер ВК. Показ
53167,2021-04-28 22:04:08,Гарантированный платеж за деньги
53179,2021-03-14 23:28:21,Показ информатора об изменении уведомлений через ВК платформу
53179,2021-03-14 23:34:19,Показ информатора об изменении уведомлений через ВК платформу
53179,2021-04-14 08:28:04,Включение интернета на 20 минут
53179,2021-04-14 08:28:05,Включение интернета на 20 минут
53179,2021-04-14 08:57:39,Показ информатора об изменении уведомлений через ВК платформу
8431,2021-03-26 16:10:14,Информер ВК. Показ
8431,2021-04-04 11:57:29,Информер ВК. Показ
8431,2021-04-26 17:32:07,Информер ВК. Показ
8431,2021-04-26 17:32:17,Гарантированный платеж за деньги
8431,2021-04-29 18:19:34,Информер ВК. Показ
53197,2021-03-19 05:13:00,Включение интернета на 20 минут
53197,2021-03-20 16:38:02,Включение интернета на 20 минут с IVR
53207,2021-03-16 21:11:36,Информер ВК. Показ
53207,2021-03-23 21:17:58,Информер ВК. Показ
53207,2021-03-23 21:18:07,Информер ВК. Показ
53207,2021-04-22 13:31:56,Информер ВК. Показ
53207,2021-04-26 18:32:47,Информер ВК. Показ
53210,2021-03-02 14:27:30,Гарантированный платеж за деньги
53210,2021-03-09 12:25:56,Информер ВК. Показ
53210,2021-03-11 14:44:46,Гарантированный платеж за деньги
53210,2021-03-13 14:53:55,Гарантированный платеж за деньги
53210,2021-03-24 10:43:52,Информер ВК. Показ
53210,2021-04-02 12:39:38,Информер ВК. Показ
53210,2021-04-02 15:01:18,Гарантированный платеж за деньги
53210,2021-04-10 19:48:12,Информер ВК. Показ
53210,2021-04-10 19:48:59,Гарантированный платеж за деньги
53210,2021-04-11 20:28:49,Включение интернета на 20 минут
53210,2021-04-11 20:32:21,Гарантированный платеж за деньги
53210,2021-04-16 20:41:34,Гарантированный платеж за деньги
53210,2021-04-23 06:59:46,Гарантированный платеж за деньги
53210,2021-04-26 15:49:58,Информер ВК. Показ
53210,2021-04-27 10:57:27,Гарантированный платеж за деньги
53217,2021-03-02 13:17:15,Информер ВК. Показ
53217,2021-03-11 09:15:53,Информер ВК. Показ
53217,2021-03-11 13:09:52,Информер ВК. Показ
53234,2021-03-06 18:35:20,Гарантированный платеж за деньги
53234,2021-03-10 18:42:34,Гарантированный платеж за деньги
53234,2021-03-14 19:54:23,Гарантированный платеж за деньги
53234,2021-03-18 20:37:57,Гарантированный платеж за деньги
53234,2021-03-21 21:10:00,Показ информатора об изменении уведомлений через ВК платформу
53234,2021-03-22 21:42:40,Гарантированный платеж за деньги
53234,2021-03-25 21:57:54,Показ информатора об изменении уведомлений через ВК платформу
53234,2021-03-25 21:58:58,Показ информатора об изменении уведомлений через ВК платформу
53234,2021-03-28 23:01:24,Гарантированный платеж за деньги
53234,2021-04-02 01:29:30,Включение автоматической активации ГП
53234,2021-04-05 23:30:17,Гарантированный платеж за деньги
53234,2021-04-10 00:02:49,Гарантированный платеж за деньги
53234,2021-04-15 08:35:09,Гарантированный платеж за деньги
53234,2021-04-21 21:18:56,Показ информатора об изменении уведомлений через ВК платформу
53234,2021-04-25 20:53:09,Включение интернета на 20 минут
53234,2021-04-25 20:53:36,Гарантированный платеж за деньги
53234,2021-04-28 16:19:02,Показ информатора об изменении уведомлений через ВК платформу
53234,2021-04-28 19:16:02,Показ информатора об изменении уведомлений через ВК платформу
53238,2021-04-17 21:59:16,Включение интернета на 20 минут
39032,2021-03-07 12:49:49,Информер ВК. Показ
39032,2021-03-07 12:51:14,Информер ВК. Показ
13430,2021-03-13 12:01:55,Информер ВК. Показ
13430,2021-03-13 12:02:56,Информер ВК. Показ
13430,2021-03-13 12:03:40,Просмотр раздела Тайный покупатель
13430,2021-03-13 12:03:44,Информер ВК. Показ
13430,2021-04-11 21:56:08,Включение интернета на 20 минут
53245,2021-03-13 16:38:43,Информер ВК. Показ
53245,2021-04-10 17:23:58,Информер ВК. Показ
53248,2021-04-20 18:02:19,Информер ВК. Показ
53248,2021-04-20 18:04:06,Включение интернета на 20 минут
53248,2021-04-20 18:04:31,Гарантированный платеж за деньги
53257,2021-03-31 15:01:25,Информер ВК. Показ
53257,2021-03-31 15:04:36,Информер ВК. Показ
53257,2021-03-31 15:04:50,Информер ВК. Показ
53257,2021-04-08 08:30:13,Просмотр раздела Тайный покупатель
53258,2021-03-17 21:53:41,Гарантированный платеж за деньги
53258,2021-03-17 21:54:03,Включение интернета на 20 минут
53258,2021-03-29 22:19:05,Гарантированный платеж за деньги
53258,2021-04-13 22:54:45,Гарантированный платеж за деньги
53264,2021-03-29 20:15:00,Информер ВК. Показ
53264,2021-03-29 20:17:05,Информер ВК. Показ
53264,2021-03-29 20:17:21,Информер ВК. Показ
53269,2021-03-11 10:18:17,Гарантированный платеж за деньги
53278,2021-03-01 16:59:43,Информер ВК. Показ
53278,2021-03-01 17:00:06,Информер ВК. Показ
53278,2021-03-07 20:21:03,Гарантированный платеж за деньги
53278,2021-03-10 21:44:05,Включение интернета на 20 минут
53278,2021-03-18 01:20:42,Включение интернета на 20 минут
53278,2021-03-24 01:33:58,Гарантированный платеж за деньги
53278,2021-03-28 02:39:07,Информер ВК. Показ
53278,2021-03-31 01:51:30,Гарантированный платеж за деньги
53278,2021-04-03 02:08:15,Информер ВК. Показ
53278,2021-04-03 02:08:41,Информер ВК. Показ
53278,2021-04-03 02:08:48,Включение интернета на 20 минут
53278,2021-04-06 11:43:17,Гарантированный платеж за деньги
53278,2021-04-06 11:44:05,Включение интернета на 20 минут
53283,2021-04-14 12:33:17,Включение интернета на 20 минут
53283,2021-04-14 13:03:07,Гарантированный платеж за деньги
53283,2021-04-18 10:49:39,Включение интернета на 20 минут
53283,2021-04-19 18:45:35,Включение интернета на 20 минут
53284,2021-03-03 23:41:39,Информер ВК. Показ
53284,2021-03-03 23:42:15,Включение автоматической активации ГП
53284,2021-03-06 23:42:36,Информер ВК. Показ
53284,2021-03-07 19:32:21,Включение интернета на 20 минут
53284,2021-03-09 21:45:36,Гарантированный платеж за деньги
53284,2021-03-13 00:27:10,Включение интернета на 20 минут
53284,2021-03-15 03:16:21,Включение автоматической активации ГП
53284,2021-03-21 00:41:26,Информер ВК. Показ
53284,2021-03-21 00:41:39,Гарантированный платеж за деньги
53284,2021-03-23 01:18:21,Турбокнопка платно (1 час)
53284,2021-03-25 01:13:29,Включение автоматической активации ГП
53284,2021-03-27 23:24:35,Просмотр раздела Тайный покупатель
53284,2021-03-27 23:25:05,Турбокнопка платно (1 час)
53284,2021-03-28 10:26:42,Турбокнопка платно (1 час)
53284,2021-03-30 18:05:33,Гарантированный платеж за деньги
53284,2021-04-02 18:16:41,Включение интернета на 20 минут
53284,2021-04-04 22:04:10,Информер ВК. Показ
53284,2021-04-04 22:04:26,Гарантированный платеж за деньги
53284,2021-04-07 16:55:19,Информер ВК. Показ
53284,2021-04-10 21:00:38,Включение автоматической активации ГП
53284,2021-04-13 23:25:38,Включение интернета на 20 минут
53284,2021-04-15 01:17:39,Включение автоматической активации ГП
53284,2021-04-19 00:00:11,Включение интернета на 20 минут
53284,2021-04-19 00:05:19,Гарантированный платеж за деньги
53284,2021-04-22 00:31:31,Информер ВК. Показ
53284,2021-04-22 00:31:37,Включение интернета на 20 минут
53284,2021-04-24 00:02:29,Включение автоматической активации ГП
53284,2021-04-27 17:59:36,Включение интернета на 20 минут
53284,2021-04-29 21:59:22,Гарантированный платеж за деньги
12777,2021-03-04 17:22:36,Информер ВК. Показ
12777,2021-03-04 17:23:03,Информер ВК. Показ
12777,2021-03-04 17:23:51,Включение автоматической активации ГП
12777,2021-03-04 17:24:08,Информер ВК. Показ
12777,2021-04-01 15:53:32,Включение интернета на 20 минут
12777,2021-04-12 18:00:36,Информер ВК. Показ
12777,2021-04-19 19:51:40,Информер ВК. Показ
12777,2021-04-19 19:51:53,Включение интернета на 20 минут
12777,2021-04-19 19:53:36,Информер ВК. Показ
28170,2021-03-18 19:15:09,Информер ВК. Показ
28170,2021-03-18 19:39:17,Информер ВК. Показ
28170,2021-03-25 22:16:48,Информер ВК. Показ
53309,2021-03-16 18:18:09,Гарантированный платеж за деньги
53309,2021-04-01 20:41:16,Гарантированный платеж за деньги
53309,2021-04-04 21:32:48,Включение интернета на 20 минут
53309,2021-04-11 21:18:50,Включение интернета на 20 минут
53309,2021-04-11 21:19:13,Информер ВК. Показ
53309,2021-04-11 21:19:48,Гарантированный платеж за деньги
53309,2021-04-24 20:33:55,Гарантированный платеж за деньги
53324,2021-04-22 21:36:52,Информер ВК. Показ
53324,2021-04-22 21:36:59,Включение интернета на 20 минут
53324,2021-04-22 21:38:09,Информер ВК. Показ
53324,2021-04-22 22:18:35,Гарантированный платеж за деньги
53327,2021-04-19 22:33:10,Информер ВК. Показ
53327,2021-04-19 23:12:27,Включение интернета на 20 минут
53327,2021-04-19 23:12:54,Информер ВК. Показ
53327,2021-04-19 23:16:33,Информер ВК. Показ
53335,2021-03-21 09:25:38,Информер ВК. Показ
53342,2021-03-05 16:32:38,Гарантированный платеж за деньги
53342,2021-03-11 16:41:20,Гарантированный платеж за деньги
53342,2021-03-17 16:59:48,Гарантированный платеж за деньги
53342,2021-03-22 17:10:39,Гарантированный платеж за деньги
53343,2021-03-18 01:43:07,Включение IPTV-пакета
53343,2021-03-18 01:52:19,Выключение IPTV-пакета
53343,2021-03-18 01:53:25,Включение IPTV-пакета
53343,2021-03-23 21:38:31,Включение интернета на 20 минут
53343,2021-03-28 20:28:06,Информер ВК. Показ
53343,2021-03-28 20:28:49,Информер ВК. Показ
53343,2021-03-28 20:29:09,Выключение IPTV-пакета
53343,2021-03-28 20:29:15,Информер ВК. Показ
53343,2021-03-28 20:29:47,Гарантированный платеж за деньги
53343,2021-04-26 18:10:16,Включение автоматической активации ГП
53349,2021-03-03 15:26:47,Включение IPTV-пакета
53349,2021-03-17 19:38:23,Включение интернета на 20 минут
53349,2021-04-05 17:16:36,Информер ВК. Показ
53349,2021-04-05 17:16:46,Информер ВК. Показ
53349,2021-04-05 17:19:08,Информер ВК. Показ
53354,2021-03-04 15:24:23,Гарантированный платеж за деньги
53354,2021-03-07 16:12:00,Включение интернета на 20 минут
53354,2021-03-24 00:22:27,Информер ВК. Показ
53354,2021-03-24 00:50:46,Информер ВК. Показ
53354,2021-03-24 01:00:36,Абонент оставил отзыв в Личном кабинете
53354,2021-03-24 01:10:24,Информер ВК. Показ
53354,2021-03-24 13:58:28,Включение интернета на 20 минут
53354,2021-03-24 16:35:56,Тайный покупатель. Отправлена анкета
53354,2021-03-31 22:00:03,Включение интернета на 20 минут
53354,2021-04-22 00:39:44,Гарантированный платеж за деньги
53356,2021-03-16 20:01:55,Информер ВК. Показ
53356,2021-03-22 21:26:35,Информер ВК. Показ
31809,2021-03-04 20:14:19,Гарантированный платеж за деньги
31809,2021-03-08 11:00:00,Включение интернета на 20 минут с IVR
31809,2021-03-14 19:43:24,Информер ВК. Показ
31809,2021-03-14 19:45:17,Просмотр раздела Тайный покупатель
31809,2021-03-14 19:45:25,Информер ВК. Показ
31809,2021-04-08 11:12:38,Гарантированный платеж за деньги
53367,2021-03-29 20:43:16,Информер ВК. Показ
53367,2021-03-29 20:43:35,Включение интернета на 20 минут
53367,2021-03-29 20:46:19,Информер ВК. Показ
53367,2021-04-07 02:31:14,Информер ВК. Показ
53367,2021-04-28 22:00:35,Включение интернета на 20 минут
51866,2021-03-01 19:46:29,Информер ВК. Показ
51866,2021-03-25 21:18:15,Информер ВК. Показ
51866,2021-03-26 20:26:58,Информер ВК. Показ
51866,2021-04-03 00:12:32,Информер ВК. Показ
51866,2021-04-03 08:35:35,Включение интернета на 20 минут
53369,2021-03-11 21:30:38,Информер ВК. Показ
53372,2021-03-06 13:44:20,Включение интернета на 20 минут
53377,2021-03-02 00:39:11,Информер ВК. Показ
53377,2021-03-02 00:39:32,Турбокнопка бесплатно
53377,2021-03-11 22:42:11,Информер ВК. Показ
53377,2021-03-18 19:12:50,Включение интернета на 20 минут
53377,2021-03-28 15:48:51,Информер ВК. Показ
49943,2021-03-09 11:47:20,Информер ВК. Показ
49943,2021-03-16 20:11:27,Информер ВК. Показ
49943,2021-03-16 20:11:40,Восстановление пароля
49943,2021-03-17 23:50:58,Информер ВК. Показ
49943,2021-03-17 23:51:12,Гарантированный платеж за деньги
49943,2021-03-21 00:16:00,Гарантированный платеж за деньги
49943,2021-03-24 01:08:08,Гарантированный платеж за деньги
49943,2021-03-27 01:34:30,Гарантированный платеж за деньги
49943,2021-03-30 01:48:18,Гарантированный платеж за деньги
49943,2021-04-02 01:51:44,Включение интернета на 20 минут
49943,2021-04-02 01:57:40,Гарантированный платеж за деньги
49943,2021-04-05 02:08:01,Включение интернета на 20 минут
49943,2021-04-05 02:12:59,Гарантированный платеж за деньги
49943,2021-04-08 02:17:55,Гарантированный платеж за деньги
49943,2021-04-11 02:30:20,Информер ВК. Показ
49943,2021-04-11 02:30:36,Гарантированный платеж за деньги
49943,2021-04-14 02:36:20,Включение интернета на 20 минут
8637,2021-04-10 22:18:49,Включение интернета на 20 минут
8637,2021-04-10 22:18:50,Включение интернета на 20 минут
53380,2021-03-24 18:37:26,Включение интернета на 20 минут
53380,2021-03-24 18:37:27,Включение интернета на 20 минут
44697,2021-04-11 21:51:37,Включение интернета на 20 минут
53381,2021-03-10 20:14:21,Информер ВК. Показ
53381,2021-03-23 07:04:49,Информер ВК. Показ
53381,2021-03-24 09:57:01,Информер ВК. Показ
53387,2021-03-21 18:36:45,Информер ВК. Показ
53387,2021-03-21 18:41:39,Отключение услуги Автоплатёж
53387,2021-04-06 20:07:52,Информер ВК. Показ
53387,2021-04-06 20:08:01,Включение интернета на 20 минут
53387,2021-04-23 20:35:07,Включение интернета на 20 минут
53387,2021-04-28 18:46:10,Информер ВК. Показ
53387,2021-04-29 05:32:50,Информер ВК. Показ
53387,2021-04-29 05:33:18,Включение автоматической активации ГП
53392,2021-03-26 14:33:41,Информер ВК. Показ
53392,2021-03-26 14:59:28,Информер ВК. Показ
53392,2021-03-27 07:18:11,Информер ВК. Показ
53394,2021-03-05 02:28:05,Получение подарка в ЛК: 1 месяц бесплатного просмотра IPTV
53394,2021-03-05 02:28:12,Получение подарка в ЛК: сутки интернета на максимальной скорости
53394,2021-03-05 02:28:30,Информер ВК. Показ
53394,2021-03-05 02:29:54,Информер ВК. Показ
53394,2021-03-05 07:33:51,Информер ВК. Показ
53394,2021-04-09 22:54:58,Информер ВК. Показ
53394,2021-04-09 22:55:24,Становление участником бонусной программы
53394,2021-04-09 22:56:11,Информер ВК. Показ
53394,2021-04-17 04:55:00,Информер ВК. Показ
53409,2021-04-22 11:35:09,Информер ВК. Показ
53409,2021-04-23 14:21:12,Информер ВК. Показ
53409,2021-04-25 15:31:06,Информер ВК. Показ
53427,2021-03-06 19:24:56,Информер ВК. Показ
53427,2021-03-06 19:25:10,Включение интернета на 20 минут
53427,2021-04-05 23:06:57,Включение интернета на 20 минут
39968,2021-03-02 14:28:59,Включение интернета на 20 минут с IVR
39968,2021-03-20 14:18:44,Информер ВК. Показ
39968,2021-03-28 12:40:13,Информер ВК. Показ
39968,2021-03-28 12:40:35,Гарантированный платеж за деньги
39968,2021-03-28 12:40:38,Информер ВК. Показ
39968,2021-04-01 18:05:31,Гарантированный платеж за деньги
39968,2021-04-08 18:42:40,Включение автоматической активации ГП
53430,2021-03-16 14:13:08,Включение интернета на 20 минут
53430,2021-03-16 14:13:09,Включение интернета на 20 минут
53430,2021-04-16 14:44:53,Включение интернета на 20 минут
53430,2021-04-16 14:44:54,Включение интернета на 20 минут
53432,2021-03-21 14:28:29,Информер ВК. Показ
53432,2021-03-23 06:53:27,Гарантированный платеж за деньги
53432,2021-03-28 14:32:00,Информер ВК. Показ
53432,2021-04-02 07:41:01,Информер ВК. Показ
53432,2021-04-02 17:21:35,Гарантированный платеж за деньги
53432,2021-04-11 20:06:04,Гарантированный платеж за деньги
53432,2021-04-16 20:11:27,Гарантированный платеж за деньги
53432,2021-04-29 23:04:39,Гарантированный платеж за деньги
53437,2021-03-15 22:15:12,Информер ВК. Показ
53437,2021-03-15 22:16:17,Информер ВК. Показ
53437,2021-03-15 22:16:26,Информер ВК. Показ
53438,2021-03-09 23:33:00,Информер ВК. Показ
53438,2021-03-09 23:33:21,Включение интернета на 20 минут
53438,2021-03-10 12:19:19,Информер ВК. Показ
53438,2021-03-11 09:18:32,Получение подарка в ЛК: сутки интернета на максимальной скорости
53438,2021-03-11 09:18:36,Получение подарка в ЛК: 1 месяц бесплатного просмотра IPTV
53438,2021-03-11 09:21:53,Информер ВК. Показ
53438,2021-03-11 09:22:14,Включение интернета на 20 минут
53438,2021-03-12 10:13:38,Включение интернета на 20 минут
53438,2021-03-15 09:01:29,Включение интернета на 20 минут
53438,2021-03-16 12:08:13,Включение интернета на 20 минут
53438,2021-03-17 12:14:02,Включение интернета на 20 минут
53438,2021-03-18 12:30:45,Включение интернета на 20 минут
53438,2021-03-19 12:56:10,Включение интернета на 20 минут
53438,2021-03-22 10:05:27,Включение интернета на 20 минут
53438,2021-03-23 12:46:41,Включение интернета на 20 минут
53438,2021-03-25 01:11:24,Включение интернета на 20 минут
53438,2021-03-26 15:02:19,Включение интернета на 20 минут
53438,2021-03-28 23:39:25,Включение интернета на 20 минут
53438,2021-03-30 11:04:08,Включение интернета на 20 минут
53438,2021-03-31 16:25:12,Включение интернета на 20 минут
53438,2021-04-01 17:30:51,Включение интернета на 20 минут
53438,2021-04-02 18:33:23,Включение интернета на 20 минут
53438,2021-04-06 09:04:52,Включение интернета на 20 минут
53438,2021-04-07 09:31:51,Включение интернета на 20 минут
53438,2021-04-08 17:37:02,Включение интернета на 20 минут
53438,2021-04-09 18:32:46,Включение интернета на 20 минут
53438,2021-04-12 00:36:43,Включение интернета на 20 минут
53438,2021-04-13 09:11:39,Включение интернета на 20 минут
53438,2021-04-14 09:50:09,Включение интернета на 20 минут
53438,2021-04-15 10:02:12,Включение интернета на 20 минут
53438,2021-04-16 10:13:59,Включение интернета на 20 минут
53438,2021-04-18 17:16:31,Включение интернета на 20 минут
53438,2021-04-18 17:16:32,Включение интернета на 20 минут
53438,2021-04-19 19:08:00,Включение интернета на 20 минут
53438,2021-04-21 00:00:18,Включение интернета на 20 минут
53438,2021-04-22 10:18:43,Включение интернета на 20 минут
53438,2021-04-23 11:34:15,Включение интернета на 20 минут
53438,2021-04-26 08:40:07,Включение интернета на 20 минут
53438,2021-04-27 09:09:16,Включение интернета на 20 минут
53438,2021-04-28 10:10:07,Включение интернета на 20 минут
53438,2021-04-29 10:30:44,Включение интернета на 20 минут
53445,2021-03-15 16:42:02,Включение интернета на 20 минут
53445,2021-03-27 08:14:14,Включение интернета на 20 минут с IVR
53445,2021-04-07 09:31:42,Информер ВК. Показ
53445,2021-04-07 09:32:44,Включение интернета на 20 минут
53445,2021-04-07 09:33:00,Информер ВК. Показ
53445,2021-04-07 09:33:16,Гарантированный платеж за деньги
53445,2021-04-10 10:26:50,Включение интернета на 20 минут
8058,2021-03-04 00:38:38,Информер ВК. Показ
8058,2021-03-05 22:30:09,Информер ВК. Показ
8058,2021-03-05 22:30:16,Гарантированный платеж за деньги
8058,2021-03-05 22:38:08,Информер ВК. Показ
8058,2021-03-10 22:57:00,Включение автоматической активации ГП
8058,2021-03-15 00:17:32,Включение интернета на 20 минут
8058,2021-03-18 22:22:20,Включение интернета на 20 минут
8058,2021-03-27 22:58:53,Гарантированный платеж за деньги
8058,2021-04-06 23:35:13,Информер ВК. Показ
8058,2021-04-06 23:35:27,Гарантированный платеж за деньги
8058,2021-04-06 23:43:06,Информер ВК. Показ
8058,2021-04-07 16:50:32,Информер ВК. Показ
8058,2021-04-12 23:44:26,Включение интернета на 20 минут
8058,2021-04-19 21:17:31,Включение автоматической активации ГП
8058,2021-04-24 00:05:48,Гарантированный платеж за деньги
8058,2021-04-27 01:04:45,Включение интернета на 20 минут
53448,2021-03-07 14:04:11,Информер ВК. Показ
53448,2021-03-07 14:04:18,Бонус-скорость
8989,2021-03-06 21:29:57,Информер ВК. Показ
8989,2021-04-06 12:36:05,Информер ВК. Показ
8989,2021-04-06 12:56:31,Информер ВК. Показ
8989,2021-04-17 14:04:54,Информер ВК. Показ
53452,2021-04-18 16:04:36,Информер ВК. Показ
47065,2021-03-12 18:05:57,Информер ВК. Показ
47065,2021-03-12 18:06:07,Турбокнопка бесплатно
47065,2021-03-15 12:55:03,Информер ВК. Показ
47065,2021-03-15 12:55:11,Турбокнопка бесплатно
47065,2021-03-19 20:20:01,Информер ВК. Показ
47065,2021-03-19 20:20:56,Бонус-скорость
47065,2021-04-16 09:56:24,Информер ВК. Показ
47065,2021-04-16 10:00:58,Информер ВК. Показ
47065,2021-04-16 10:01:10,Турбокнопка бесплатно
47065,2021-04-28 23:14:43,Гарантированный платеж за деньги
51990,2021-03-19 19:27:25,Информер ВК. Показ
11668,2021-03-18 11:41:54,Включение интернета на 20 минут
11668,2021-04-18 14:45:32,Включение интернета на 20 минут
11668,2021-04-28 17:01:10,Информер ВК. Показ
53458,2021-03-03 20:41:52,Информер ВК. Показ
53458,2021-03-09 12:01:50,Включение интернета на 20 минут
53458,2021-03-19 12:27:08,Включение интернета на 20 минут
53458,2021-03-28 12:37:57,Включение интернета на 20 минут
53458,2021-03-28 14:00:29,Информер ВК. Показ
53458,2021-04-02 17:48:16,Гарантированный платеж за деньги
53458,2021-04-05 18:07:40,Включение интернета на 20 минут с IVR
53458,2021-04-05 20:07:44,Включение интернета на 20 минут
53458,2021-04-11 21:21:12,Гарантированный платеж за деньги
53458,2021-04-14 21:39:37,Включение интернета на 20 минут
53458,2021-04-20 22:05:14,Включение интернета на 20 минут
53459,2021-03-13 13:50:58,Включение интернета на 20 минут с IVR
53461,2021-03-11 20:01:57,Информер ВК. Показ
53461,2021-03-11 20:02:04,Информер ВК. Показ
53461,2021-03-18 15:48:46,Информер ВК. Показ
53461,2021-03-18 15:48:55,Информер ВК. Показ
53461,2021-03-18 15:49:14,Включение интернета на 20 минут
53461,2021-04-18 16:59:36,Информер ВК. Показ
53461,2021-04-18 16:59:43,Включение интернета на 20 минут
53461,2021-04-18 17:01:10,Информер ВК. Показ
53461,2021-04-18 17:01:51,Информер ВК. Показ
53476,2021-03-01 19:27:05,Виртуальное бессмертие. Использование
53476,2021-03-01 20:49:18,Виртуальное бессмертие. Использование
53476,2021-03-03 08:39:29,Виртуальное бессмертие. Использование
53476,2021-03-03 19:04:19,Виртуальное бессмертие. Использование
53476,2021-03-04 06:43:04,Виртуальное бессмертие. Использование
53476,2021-03-04 07:47:55,Виртуальное бессмертие. Использование
53476,2021-03-04 15:46:58,Виртуальное бессмертие. Использование
53476,2021-03-04 18:45:52,Виртуальное бессмертие. Использование
53476,2021-03-05 01:58:21,Виртуальное бессмертие. Использование
53476,2021-03-05 09:35:30,Виртуальное бессмертие. Использование
53476,2021-03-05 10:38:39,Виртуальное бессмертие. Использование
53476,2021-03-05 12:11:02,Виртуальное бессмертие. Использование
53476,2021-03-05 14:09:02,Виртуальное бессмертие. Использование
53476,2021-03-05 15:11:05,Виртуальное бессмертие. Использование
53476,2021-03-05 17:55:27,Виртуальное бессмертие. Использование
53476,2021-03-05 19:08:16,Виртуальное бессмертие. Использование
53476,2021-03-05 20:17:14,Виртуальное бессмертие. Использование
53476,2021-03-05 21:49:20,Виртуальное бессмертие. Использование
53476,2021-03-06 08:09:34,Виртуальное бессмертие. Использование
53476,2021-03-06 09:33:55,Виртуальное бессмертие. Использование
53476,2021-03-06 10:38:29,Виртуальное бессмертие. Использование
53476,2021-03-06 11:41:54,Виртуальное бессмертие. Использование
53476,2021-03-06 13:01:41,Виртуальное бессмертие. Использование
53476,2021-03-06 14:06:45,Виртуальное бессмертие. Использование
53476,2021-03-06 16:12:27,Виртуальное бессмертие. Использование
53476,2021-03-06 17:14:05,Виртуальное бессмертие. Использование
53476,2021-03-06 18:16:11,Виртуальное бессмертие. Использование
53476,2021-03-06 19:18:37,Виртуальное бессмертие. Использование
53476,2021-03-06 20:19:57,Виртуальное бессмертие. Использование
53476,2021-03-07 04:36:47,Виртуальное бессмертие. Использование
53476,2021-03-07 09:47:06,Виртуальное бессмертие. Использование
53476,2021-03-07 11:07:27,Виртуальное бессмертие. Использование
53476,2021-03-07 12:17:27,Виртуальное бессмертие. Использование
53476,2021-03-07 13:39:52,Виртуальное бессмертие. Использование
53476,2021-03-07 14:55:03,Виртуальное бессмертие. Использование
53476,2021-03-07 16:06:08,Виртуальное бессмертие. Использование
53476,2021-03-07 17:25:30,Виртуальное бессмертие. Использование
53476,2021-03-07 19:09:15,Виртуальное бессмертие. Использование
53476,2021-03-07 20:10:01,Виртуальное бессмертие. Использование
53476,2021-03-07 21:17:36,Виртуальное бессмертие. Использование
53476,2021-03-08 08:53:30,Виртуальное бессмертие. Использование
53476,2021-03-08 10:34:47,Виртуальное бессмертие. Использование
53476,2021-03-08 11:35:09,Виртуальное бессмертие. Использование
53476,2021-03-08 13:11:32,Виртуальное бессмертие. Использование
53476,2021-03-08 14:38:48,Виртуальное бессмертие. Использование
53476,2021-03-08 15:48:29,Виртуальное бессмертие. Использование
53476,2021-03-08 16:51:39,Виртуальное бессмертие. Использование
53476,2021-03-08 17:57:34,Виртуальное бессмертие. Использование
53476,2021-03-08 19:56:20,Виртуальное бессмертие. Использование
53476,2021-03-08 21:12:41,Виртуальное бессмертие. Использование
53476,2021-03-08 22:13:25,Виртуальное бессмертие. Использование
53476,2021-03-08 23:27:15,Виртуальное бессмертие. Использование
53476,2021-03-09 10:48:17,Виртуальное бессмертие. Использование
53476,2021-03-09 11:54:23,Виртуальное бессмертие. Использование
53476,2021-03-09 12:56:54,Виртуальное бессмертие. Использование
53476,2021-03-09 14:00:00,Виртуальное бессмертие. Использование
53476,2021-03-09 15:08:14,Виртуальное бессмертие. Использование
53476,2021-03-09 16:23:27,Виртуальное бессмертие. Использование
53476,2021-03-09 17:24:58,Виртуальное бессмертие. Использование
53476,2021-03-09 19:03:16,Виртуальное бессмертие. Использование
53476,2021-03-09 20:07:13,Виртуальное бессмертие. Использование
53476,2021-03-09 21:11:05,Виртуальное бессмертие. Использование
53476,2021-03-09 22:30:28,Виртуальное бессмертие. Использование
53476,2021-03-09 23:40:22,Виртуальное бессмертие. Использование
53476,2021-03-10 09:23:06,Виртуальное бессмертие. Использование
53476,2021-03-10 10:36:47,Виртуальное бессмертие. Использование
53476,2021-03-10 11:37:33,Виртуальное бессмертие. Использование
53476,2021-03-10 12:41:33,Виртуальное бессмертие. Использование
53476,2021-03-10 13:42:34,Виртуальное бессмертие. Использование
53476,2021-03-10 15:14:33,Виртуальное бессмертие. Использование
53476,2021-03-10 16:38:42,Виртуальное бессмертие. Использование
53476,2021-03-10 17:57:13,Виртуальное бессмертие. Использование
53476,2021-03-10 19:02:57,Виртуальное бессмертие. Использование
53476,2021-03-10 20:10:51,Виртуальное бессмертие. Использование
53476,2021-03-11 11:09:37,Виртуальное бессмертие. Использование
53476,2021-03-11 12:20:20,Виртуальное бессмертие. Использование
53476,2021-03-11 13:44:17,Виртуальное бессмертие. Использование
53476,2021-03-11 14:46:48,Виртуальное бессмертие. Использование
53476,2021-03-11 15:47:52,Виртуальное бессмертие. Использование
53476,2021-03-11 16:54:07,Виртуальное бессмертие. Использование
53476,2021-03-11 17:35:46,Гарантированный платеж за деньги
53476,2021-03-14 18:04:06,Гарантированный платеж за деньги
53476,2021-03-17 20:04:55,Гарантированный платеж за деньги
53476,2021-03-20 21:12:47,Гарантированный платеж за деньги
53476,2021-03-23 09:30:10,Показ информатора об изменении уведомлений через ВК платформу
53476,2021-03-23 23:26:44,Виртуальное бессмертие. Использование
53476,2021-03-24 08:07:25,Виртуальное бессмертие. Использование
53476,2021-03-24 09:08:08,Виртуальное бессмертие. Использование
53476,2021-03-24 10:15:02,Виртуальное бессмертие. Использование
53476,2021-03-24 11:50:37,Виртуальное бессмертие. Использование
53476,2021-03-24 12:59:06,Виртуальное бессмертие. Использование
53476,2021-03-24 13:59:29,Виртуальное бессмертие. Использование
53476,2021-03-24 15:35:26,Виртуальное бессмертие. Использование
53476,2021-03-24 16:40:01,Виртуальное бессмертие. Использование
53476,2021-03-24 17:41:08,Виртуальное бессмертие. Использование
53476,2021-03-24 19:27:13,Виртуальное бессмертие. Использование
53476,2021-03-24 20:48:35,Виртуальное бессмертие. Использование
53476,2021-03-24 22:06:41,Виртуальное бессмертие. Использование
53476,2021-03-25 08:22:29,Виртуальное бессмертие. Использование
53476,2021-03-25 09:35:11,Виртуальное бессмертие. Использование
53476,2021-03-25 10:36:26,Виртуальное бессмертие. Использование
53476,2021-03-25 11:50:35,Виртуальное бессмертие. Использование
53476,2021-03-25 13:13:29,Виртуальное бессмертие. Использование
53476,2021-03-25 14:19:58,Виртуальное бессмертие. Использование
53476,2021-03-25 17:34:06,Виртуальное бессмертие. Использование
53476,2021-03-25 19:01:24,Виртуальное бессмертие. Использование
53476,2021-03-25 20:49:07,Виртуальное бессмертие. Использование
53476,2021-03-25 22:32:52,Виртуальное бессмертие. Использование
53476,2021-03-26 00:02:44,Виртуальное бессмертие. Использование
53476,2021-03-26 01:43:53,Виртуальное бессмертие. Использование
53476,2021-03-26 09:48:44,Виртуальное бессмертие. Использование
53476,2021-03-26 11:01:20,Виртуальное бессмертие. Использование
53476,2021-03-26 12:51:23,Виртуальное бессмертие. Использование
53476,2021-03-26 14:22:25,Виртуальное бессмертие. Использование
53476,2021-03-26 16:38:29,Виртуальное бессмертие. Использование
53476,2021-03-26 17:58:44,Виртуальное бессмертие. Использование
53476,2021-03-26 19:20:27,Виртуальное бессмертие. Использование
53476,2021-03-26 22:29:16,Виртуальное бессмертие. Использование
53476,2021-03-27 07:00:02,Виртуальное бессмертие. Использование
53476,2021-03-27 09:30:46,Виртуальное бессмертие. Использование
53476,2021-03-27 11:40:12,Виртуальное бессмертие. Использование
53476,2021-03-27 12:57:21,Виртуальное бессмертие. Использование
53476,2021-03-27 14:05:22,Виртуальное бессмертие. Использование
53476,2021-03-27 15:52:54,Виртуальное бессмертие. Использование
53476,2021-03-27 17:24:59,Виртуальное бессмертие. Использование
53476,2021-03-27 18:31:04,Виртуальное бессмертие. Использование
53476,2021-03-27 20:55:34,Виртуальное бессмертие. Использование
53476,2021-03-27 23:24:04,Виртуальное бессмертие. Использование
53476,2021-03-28 00:25:13,Виртуальное бессмертие. Использование
53476,2021-03-28 08:28:21,Виртуальное бессмертие. Использование
53476,2021-03-28 09:35:20,Виртуальное бессмертие. Использование
53476,2021-03-28 11:00:32,Виртуальное бессмертие. Использование
53476,2021-03-28 13:16:41,Виртуальное бессмертие. Использование
53476,2021-03-28 14:18:27,Виртуальное бессмертие. Использование
53476,2021-03-28 15:21:19,Виртуальное бессмертие. Использование
53476,2021-03-28 16:21:39,Виртуальное бессмертие. Использование
53476,2021-03-28 18:17:55,Виртуальное бессмертие. Использование
53476,2021-03-28 18:45:24,Показ информатора об изменении уведомлений через ВК платформу
53476,2021-03-28 18:45:31,Включение интернета на 20 минут
53476,2021-03-28 18:48:15,Показ информатора об изменении уведомлений через ВК платформу
53476,2021-03-28 18:52:11,Гарантированный платеж за деньги
53476,2021-03-31 19:12:29,Виртуальное бессмертие. Использование
53476,2021-03-31 23:44:00,Виртуальное бессмертие. Использование
53476,2021-04-01 06:52:31,Виртуальное бессмертие. Использование
53476,2021-04-01 07:53:19,Виртуальное бессмертие. Использование
53476,2021-04-01 09:09:49,Виртуальное бессмертие. Использование
53476,2021-04-01 10:17:09,Виртуальное бессмертие. Использование
53476,2021-04-01 11:25:52,Виртуальное бессмертие. Использование
53476,2021-04-01 12:26:57,Виртуальное бессмертие. Использование
53476,2021-04-01 13:33:44,Виртуальное бессмертие. Использование
53476,2021-04-01 14:44:18,Виртуальное бессмертие. Использование
53476,2021-04-01 16:05:31,Виртуальное бессмертие. Использование
53476,2021-04-01 17:14:16,Виртуальное бессмертие. Использование
53476,2021-04-01 18:17:21,Виртуальное бессмертие. Использование
53476,2021-04-01 22:53:56,Виртуальное бессмертие. Использование
53476,2021-04-02 09:29:07,Виртуальное бессмертие. Использование
53476,2021-04-02 10:37:29,Виртуальное бессмертие. Использование
53476,2021-04-02 12:05:14,Виртуальное бессмертие. Использование
53476,2021-04-02 13:06:16,Виртуальное бессмертие. Использование
53476,2021-04-02 14:12:27,Виртуальное бессмертие. Использование
53476,2021-04-02 15:20:43,Виртуальное бессмертие. Использование
53476,2021-04-02 18:53:08,Виртуальное бессмертие. Использование
53476,2021-04-02 21:27:37,Виртуальное бессмертие. Использование
53476,2021-04-02 23:18:10,Виртуальное бессмертие. Использование
53476,2021-04-03 08:30:34,Виртуальное бессмертие. Использование
53476,2021-04-03 10:35:05,Виртуальное бессмертие. Использование
53476,2021-04-04 07:32:38,Виртуальное бессмертие. Использование
53476,2021-04-04 08:33:23,Виртуальное бессмертие. Использование
53476,2021-04-04 09:48:53,Виртуальное бессмертие. Использование
53476,2021-04-04 10:57:30,Виртуальное бессмертие. Использование
53476,2021-04-04 12:02:41,Виртуальное бессмертие. Использование
53476,2021-04-04 13:09:16,Виртуальное бессмертие. Использование
53476,2021-04-04 14:12:31,Виртуальное бессмертие. Использование
53476,2021-04-04 15:17:24,Виртуальное бессмертие. Использование
53476,2021-04-04 16:28:32,Виртуальное бессмертие. Использование
53476,2021-04-04 17:31:01,Виртуальное бессмертие. Использование
53476,2021-04-04 19:03:39,Виртуальное бессмертие. Использование
53476,2021-04-04 20:18:53,Виртуальное бессмертие. Использование
53476,2021-04-04 21:20:23,Виртуальное бессмертие. Использование
53476,2021-04-05 07:08:53,Виртуальное бессмертие. Использование
53476,2021-04-05 09:10:04,Виртуальное бессмертие. Использование
53476,2021-04-05 10:55:53,Виртуальное бессмертие. Использование
53476,2021-04-05 11:57:18,Виртуальное бессмертие. Использование
53476,2021-04-05 13:12:51,Виртуальное бессмертие. Использование
53476,2021-04-05 14:38:42,Виртуальное бессмертие. Использование
53476,2021-04-05 15:56:37,Виртуальное бессмертие. Использование
53476,2021-04-05 16:59:45,Виртуальное бессмертие. Использование
53476,2021-04-05 18:04:55,Виртуальное бессмертие. Использование
53476,2021-04-05 19:12:51,Виртуальное бессмертие. Использование
53476,2021-04-05 23:29:17,Виртуальное бессмертие. Использование
53476,2021-04-06 00:40:18,Виртуальное бессмертие. Использование
53476,2021-04-06 01:45:22,Виртуальное бессмертие. Использование
53476,2021-04-06 09:55:25,Виртуальное бессмертие. Использование
53476,2021-04-06 10:56:05,Виртуальное бессмертие. Использование
53476,2021-04-06 11:56:54,Виртуальное бессмертие. Использование
53476,2021-04-06 12:58:20,Виртуальное бессмертие. Использование
53476,2021-04-06 14:01:11,Виртуальное бессмертие. Использование
53476,2021-04-06 15:02:33,Виртуальное бессмертие. Использование
53476,2021-04-06 16:06:16,Виртуальное бессмертие. Использование
53476,2021-04-06 17:10:07,Виртуальное бессмертие. Использование
53476,2021-04-06 18:18:46,Виртуальное бессмертие. Использование
53476,2021-04-06 19:27:57,Виртуальное бессмертие. Использование
53476,2021-04-06 20:28:09,Виртуальное бессмертие. Использование
53476,2021-04-06 21:54:43,Виртуальное бессмертие. Использование
53476,2021-04-06 23:21:04,Виртуальное бессмертие. Использование
53476,2021-04-07 07:51:33,Виртуальное бессмертие. Использование
53476,2021-04-07 09:02:57,Виртуальное бессмертие. Использование
53476,2021-04-07 10:10:09,Виртуальное бессмертие. Использование
53476,2021-04-07 11:12:20,Виртуальное бессмертие. Использование
53476,2021-04-07 12:15:08,Виртуальное бессмертие. Использование
53476,2021-04-07 13:17:00,Виртуальное бессмертие. Использование
53476,2021-04-07 14:20:13,Виртуальное бессмертие. Использование
53476,2021-04-07 15:23:49,Виртуальное бессмертие. Использование
53476,2021-04-07 16:24:54,Виртуальное бессмертие. Использование
53476,2021-04-07 18:03:17,Виртуальное бессмертие. Использование
53476,2021-04-07 19:03:57,Виртуальное бессмертие. Использование
53476,2021-04-07 22:41:50,Виртуальное бессмертие. Использование
53476,2021-04-08 00:36:07,Виртуальное бессмертие. Использование
53476,2021-04-08 10:39:53,Виртуальное бессмертие. Использование
53476,2021-04-08 19:10:14,Виртуальное бессмертие. Использование
53476,2021-04-08 20:55:47,Виртуальное бессмертие. Использование
53476,2021-04-09 00:18:08,Виртуальное бессмертие. Использование
53476,2021-04-09 07:56:26,Виртуальное бессмертие. Использование
53476,2021-04-09 10:26:26,Виртуальное бессмертие. Использование
53476,2021-04-09 11:37:24,Виртуальное бессмертие. Использование
53476,2021-04-09 15:39:27,Виртуальное бессмертие. Использование
53476,2021-04-09 17:09:14,Виртуальное бессмертие. Использование
53476,2021-04-09 18:26:45,Виртуальное бессмертие. Использование
53476,2021-04-09 19:30:01,Виртуальное бессмертие. Использование
53476,2021-04-09 21:50:30,Виртуальное бессмертие. Использование
53476,2021-04-09 23:36:33,Виртуальное бессмертие. Использование
53476,2021-04-10 08:35:29,Виртуальное бессмертие. Использование
53476,2021-04-10 11:29:35,Виртуальное бессмертие. Использование
53476,2021-04-10 12:30:26,Виртуальное бессмертие. Использование
53476,2021-04-10 13:34:31,Виртуальное бессмертие. Использование
53476,2021-04-10 14:37:30,Виртуальное бессмертие. Использование
53476,2021-04-10 15:38:55,Виртуальное бессмертие. Использование
53476,2021-04-10 16:43:26,Виртуальное бессмертие. Использование
53476,2021-04-10 17:48:04,Виртуальное бессмертие. Использование
53476,2021-04-10 19:19:34,Виртуальное бессмертие. Использование
53476,2021-04-10 21:57:42,Виртуальное бессмертие. Использование
53476,2021-04-10 23:02:32,Виртуальное бессмертие. Использование
53476,2021-04-11 08:17:59,Виртуальное бессмертие. Использование
53476,2021-04-11 10:20:20,Виртуальное бессмертие. Использование
53476,2021-04-11 11:26:09,Виртуальное бессмертие. Использование
53476,2021-04-11 12:31:09,Виртуальное бессмертие. Использование
53476,2021-04-11 13:33:15,Виртуальное бессмертие. Использование
53476,2021-04-11 14:41:44,Виртуальное бессмертие. Использование
53476,2021-04-11 15:43:44,Виртуальное бессмертие. Использование
53476,2021-04-11 17:08:26,Виртуальное бессмертие. Использование
53476,2021-04-11 18:09:38,Виртуальное бессмертие. Использование
53476,2021-04-11 21:23:54,Виртуальное бессмертие. Использование
53476,2021-04-12 08:38:08,Виртуальное бессмертие. Использование
53476,2021-04-12 11:39:10,Виртуальное бессмертие. Использование
53476,2021-04-12 12:42:17,Виртуальное бессмертие. Использование
53476,2021-04-12 13:44:14,Гарантированный платеж за деньги
53476,2021-04-15 13:49:00,Виртуальное бессмертие. Использование
53476,2021-04-15 15:00:57,Виртуальное бессмертие. Использование
53476,2021-04-15 16:21:44,Виртуальное бессмертие. Использование
53476,2021-04-15 17:21:53,Виртуальное бессмертие. Использование
53476,2021-04-15 19:12:11,Виртуальное бессмертие. Использование
53476,2021-04-15 20:19:27,Виртуальное бессмертие. Использование
53476,2021-04-15 21:46:34,Виртуальное бессмертие. Использование
53476,2021-04-16 06:56:14,Виртуальное бессмертие. Использование
53476,2021-04-16 12:34:49,Гарантированный платеж за деньги
53476,2021-04-19 12:39:56,Виртуальное бессмертие. Использование
53476,2021-04-19 13:42:56,Виртуальное бессмертие. Использование
53476,2021-04-19 14:53:47,Виртуальное бессмертие. Использование
53476,2021-04-19 15:55:46,Виртуальное бессмертие. Использование
53476,2021-04-19 17:01:29,Виртуальное бессмертие. Использование
53476,2021-04-19 18:06:17,Виртуальное бессмертие. Использование
53476,2021-04-19 19:09:21,Виртуальное бессмертие. Использование
53476,2021-04-19 20:16:38,Виртуальное бессмертие. Использование
53476,2021-04-19 21:28:13,Виртуальное бессмертие. Использование
53476,2021-04-19 22:35:28,Виртуальное бессмертие. Использование
53476,2021-04-19 23:38:09,Виртуальное бессмертие. Использование
53476,2021-04-20 08:55:00,Виртуальное бессмертие. Использование
53476,2021-04-20 10:16:32,Виртуальное бессмертие. Использование
53476,2021-04-20 13:23:30,Виртуальное бессмертие. Использование
53476,2021-04-20 15:47:02,Виртуальное бессмертие. Использование
53476,2021-04-20 17:00:15,Виртуальное бессмертие. Использование
53476,2021-04-20 18:03:57,Виртуальное бессмертие. Использование
53476,2021-04-20 19:46:48,Виртуальное бессмертие. Использование
53476,2021-04-20 23:15:17,Виртуальное бессмертие. Использование
53476,2021-04-21 00:17:14,Виртуальное бессмертие. Использование
53476,2021-04-21 08:15:39,Виртуальное бессмертие. Использование
53476,2021-04-21 10:38:04,Виртуальное бессмертие. Использование
53476,2021-04-21 11:44:17,Виртуальное бессмертие. Использование
53476,2021-04-21 12:48:30,Виртуальное бессмертие. Использование
53476,2021-04-21 13:51:57,Виртуальное бессмертие. Использование
53476,2021-04-21 15:00:01,Виртуальное бессмертие. Использование
53476,2021-04-21 16:15:20,Виртуальное бессмертие. Использование
53476,2021-04-21 17:17:01,Виртуальное бессмертие. Использование
53476,2021-04-21 18:17:33,Виртуальное бессмертие. Использование
53476,2021-04-21 19:19:27,Виртуальное бессмертие. Использование
53476,2021-04-21 20:49:41,Виртуальное бессмертие. Использование
53476,2021-04-21 21:52:50,Виртуальное бессмертие. Использование
53476,2021-04-21 23:13:13,Виртуальное бессмертие. Использование
53476,2021-04-22 00:13:40,Виртуальное бессмертие. Использование
53476,2021-04-22 09:59:52,Виртуальное бессмертие. Использование
53476,2021-04-22 11:00:06,Виртуальное бессмертие. Использование
53476,2021-04-22 12:17:23,Виртуальное бессмертие. Использование
53476,2021-04-22 13:57:50,Виртуальное бессмертие. Использование
53476,2021-04-22 15:34:03,Виртуальное бессмертие. Использование
53476,2021-04-22 16:52:50,Виртуальное бессмертие. Использование
53476,2021-04-22 17:59:30,Виртуальное бессмертие. Использование
53476,2021-04-22 20:03:28,Виртуальное бессмертие. Использование
53476,2021-04-22 22:39:30,Виртуальное бессмертие. Использование
53476,2021-04-22 23:41:27,Виртуальное бессмертие. Использование
53476,2021-04-23 08:28:09,Виртуальное бессмертие. Использование
53476,2021-04-23 09:29:36,Виртуальное бессмертие. Использование
53476,2021-04-23 10:34:24,Виртуальное бессмертие. Использование
53476,2021-04-23 11:45:20,Виртуальное бессмертие. Использование
53476,2021-04-23 13:29:03,Виртуальное бессмертие. Использование
53476,2021-04-23 15:21:16,Виртуальное бессмертие. Использование
53476,2021-04-23 16:21:46,Виртуальное бессмертие. Использование
53476,2021-04-23 17:32:04,Виртуальное бессмертие. Использование
53476,2021-04-23 18:33:48,Виртуальное бессмертие. Использование
53476,2021-04-23 19:56:43,Виртуальное бессмертие. Использование
53476,2021-04-24 08:06:58,Виртуальное бессмертие. Использование
53476,2021-04-24 09:37:33,Виртуальное бессмертие. Использование
53476,2021-04-24 10:54:48,Виртуальное бессмертие. Использование
53476,2021-04-24 12:01:13,Виртуальное бессмертие. Использование
53476,2021-04-24 13:19:25,Виртуальное бессмертие. Использование
53476,2021-04-24 14:40:01,Виртуальное бессмертие. Использование
53476,2021-04-24 16:39:41,Виртуальное бессмертие. Использование
53476,2021-04-24 18:45:36,Виртуальное бессмертие. Использование
53476,2021-04-24 21:06:19,Виртуальное бессмертие. Использование
53476,2021-04-24 22:07:07,Виртуальное бессмертие. Использование
53476,2021-04-24 23:32:49,Виртуальное бессмертие. Использование
53476,2021-04-25 08:54:48,Виртуальное бессмертие. Использование
53476,2021-04-25 11:01:11,Виртуальное бессмертие. Использование
53476,2021-04-25 12:26:44,Виртуальное бессмертие. Использование
53476,2021-04-25 15:51:40,Виртуальное бессмертие. Использование
53476,2021-04-25 17:10:22,Виртуальное бессмертие. Использование
53476,2021-04-25 18:28:36,Виртуальное бессмертие. Использование
53476,2021-04-25 19:52:54,Виртуальное бессмертие. Использование
53476,2021-04-25 21:05:18,Виртуальное бессмертие. Использование
53476,2021-04-25 22:46:55,Виртуальное бессмертие. Использование
53476,2021-04-25 23:49:55,Виртуальное бессмертие. Использование
53476,2021-04-26 08:31:21,Виртуальное бессмертие. Использование
53476,2021-04-26 09:59:02,Виртуальное бессмертие. Использование
53476,2021-04-26 12:03:43,Виртуальное бессмертие. Использование
53476,2021-04-26 13:23:18,Виртуальное бессмертие. Использование
53476,2021-04-26 14:24:43,Виртуальное бессмертие. Использование
53476,2021-04-26 17:58:01,Виртуальное бессмертие. Использование
53476,2021-04-26 19:00:14,Виртуальное бессмертие. Использование
53476,2021-04-26 20:01:17,Виртуальное бессмертие. Использование
53476,2021-04-26 21:13:39,Виртуальное бессмертие. Использование
53476,2021-04-27 10:30:44,Виртуальное бессмертие. Использование
53476,2021-04-27 11:53:20,Виртуальное бессмертие. Использование
53476,2021-04-27 13:37:09,Виртуальное бессмертие. Использование
53476,2021-04-27 17:14:12,Показ информатора об изменении уведомлений через ВК платформу
53476,2021-04-27 17:14:26,Гарантированный платеж за деньги
53478,2021-03-01 22:05:47,Информер ВК. Показ
53478,2021-03-06 22:01:58,Информер ВК. Показ
53478,2021-03-12 21:43:39,Информер ВК. Показ
53478,2021-03-14 16:37:03,Включение интернета на 20 минут
53478,2021-04-02 21:44:19,Информер ВК. Показ
53478,2021-04-07 23:18:46,Информер ВК. Показ
53478,2021-04-08 17:52:36,Включение интернета на 20 минут
53479,2021-03-04 17:31:51,Информер ВК. Показ
53479,2021-03-04 17:33:29,Информер ВК. Показ
53479,2021-03-05 21:38:46,Включение интернета на 20 минут
53479,2021-03-10 13:58:55,Турбокнопка платно (1 сутки)
53479,2021-03-12 13:22:56,Информер ВК. Показ
53479,2021-03-12 13:23:05,Турбокнопка платно (1 сутки)
53479,2021-03-19 22:18:19,Включение интернета на 20 минут
53479,2021-03-25 16:08:01,Турбокнопка платно (1 сутки)
53479,2021-03-29 15:55:50,Турбокнопка бесплатно
53479,2021-04-02 15:59:14,Турбокнопка бесплатно
53479,2021-04-05 05:49:17,Включение интернета на 20 минут
53479,2021-04-05 15:48:43,Информер ВК. Показ
53479,2021-04-05 15:48:56,Турбокнопка бесплатно
53479,2021-04-12 11:44:08,Информер ВК. Показ
53479,2021-04-15 05:48:18,Информер ВК. Показ
53479,2021-04-23 06:19:13,Включение интернета на 20 минут
53479,2021-04-29 16:59:50,Турбокнопка бесплатно
53488,2021-03-04 12:09:25,Информер ВК. Показ
53488,2021-03-04 12:10:37,Информер ВК. Показ
53488,2021-03-31 22:53:13,Информер ВК. Показ
53488,2021-03-31 22:55:05,Бонус-скорость
53488,2021-04-06 21:35:27,Информер ВК. Показ
53488,2021-04-06 21:40:54,Информер ВК. Показ
53488,2021-04-08 10:50:41,Бонус-скорость
53491,2021-03-04 01:17:16,Включение интернета на 20 минут
53491,2021-03-05 02:22:04,Гарантированный платеж за деньги
53491,2021-03-09 19:46:02,Включение интернета на 20 минут
53491,2021-03-11 00:41:11,Включение интернета на 20 минут
53491,2021-03-12 02:23:59,Гарантированный платеж за деньги
53491,2021-03-16 10:24:25,Включение интернета на 20 минут
53491,2021-03-20 07:18:55,Включение интернета на 20 минут
53491,2021-03-20 07:18:56,Включение интернета на 20 минут
53491,2021-03-21 08:11:43,Включение интернета на 20 минут
53491,2021-03-22 23:04:48,Включение интернета на 20 минут
53491,2021-03-23 23:46:04,Гарантированный платеж за деньги
53491,2021-03-28 09:15:10,Включение интернета на 20 минут
53491,2021-03-29 09:32:11,Включение интернета на 20 минут
53491,2021-03-30 10:34:51,Включение интернета на 20 минут
53491,2021-03-31 10:45:47,Включение интернета на 20 минут
53491,2021-04-01 11:51:45,Включение интернета на 20 минут
53491,2021-04-02 16:33:50,Включение интернета на 20 минут
53491,2021-04-03 17:53:40,Включение интернета на 20 минут
53491,2021-04-04 18:07:20,Включение интернета на 20 минут
53491,2021-04-06 23:27:21,Включение интернета на 20 минут
53491,2021-04-06 23:27:22,Включение интернета на 20 минут
53491,2021-04-10 14:27:14,Включение интернета на 20 минут
53491,2021-04-11 20:03:21,Включение интернета на 20 минут
53491,2021-04-12 20:35:58,Включение интернета на 20 минут
53491,2021-04-13 22:30:04,Включение интернета на 20 минут
53491,2021-04-14 22:41:44,Включение интернета на 20 минут
53491,2021-04-17 14:46:13,Гарантированный платеж за деньги
53491,2021-04-21 10:46:34,Включение интернета на 20 минут
53491,2021-04-26 19:20:59,Гарантированный платеж за деньги
53497,2021-03-02 20:20:25,Гарантированный платеж за деньги
53497,2021-03-02 20:20:28,Включение интернета на 20 минут
53497,2021-03-03 17:56:53,Информер ВК. Показ
53497,2021-03-03 17:57:08,Информер ВК. Показ
53497,2021-03-24 19:33:18,Гарантированный платеж за деньги
53497,2021-03-31 08:29:41,Гарантированный платеж за деньги
53505,2021-03-13 11:37:28,Информер ВК. Показ
53505,2021-03-13 11:37:56,Информер ВК. Показ
53505,2021-03-13 11:38:07,Информер ВК. Показ
53505,2021-04-04 22:06:37,Включение интернета на 20 минут
53507,2021-03-19 17:54:07,Включение интернета на 20 минут
53511,2021-03-20 19:54:31,Информер ВК. Показ
53514,2021-04-15 20:37:06,Получение подарка в ЛК: 1 месяц бесплатного просмотра IPTV
53514,2021-04-15 20:37:12,Получение подарка в ЛК: сутки интернета на максимальной скорости
53514,2021-04-15 20:37:32,Информер ВК. Показ
53514,2021-04-15 20:38:24,Информер ВК. Показ
53514,2021-04-25 23:21:33,Включение интернета на 20 минут
53514,2021-04-25 23:21:34,Включение интернета на 20 минут
11046,2021-03-01 10:36:28,Получение подарка в ЛК: сутки интернета на максимальной скорости
11046,2021-03-01 10:36:36,Получение подарка в ЛК: 1 месяц бесплатного просмотра IPTV
11046,2021-03-01 10:38:20,Информер ВК. Показ
11046,2021-03-17 13:53:28,Информер ВК. Показ
11046,2021-03-17 13:53:59,Информер ВК. Показ
11046,2021-04-02 10:32:34,Информер ВК. Показ
10240,2021-03-10 20:26:46,Информер ВК. Показ
53517,2021-04-17 10:44:36,Информер ВК. Показ
53517,2021-04-21 22:33:49,Информер ВК. Показ
53517,2021-04-21 22:34:02,Гарантированный платеж за деньги
53517,2021-04-24 10:47:49,Информер ВК. Показ
53517,2021-04-25 22:46:09,Гарантированный платеж за деньги
53519,2021-03-04 12:02:30,Информер ВК. Показ
53519,2021-03-16 18:58:33,Информер ВК. Показ
53519,2021-03-16 19:00:09,Информер ВК. Показ
53519,2021-04-23 04:29:05,Информер ВК. Показ
53523,2021-03-02 15:15:57,Включение интернета на 20 минут
53523,2021-03-02 15:18:08,Информер ВК. Показ
53523,2021-03-02 15:21:22,Гарантированный платеж за деньги
53523,2021-03-04 19:02:35,Информер ВК. Показ
53523,2021-03-05 15:34:02,Включение интернета на 20 минут
53523,2021-03-06 15:42:47,Включение интернета на 20 минут
53523,2021-03-07 15:52:53,Включение интернета на 20 минут
53523,2021-03-07 15:55:32,Гарантированный платеж за деньги
53523,2021-03-10 16:01:55,Включение интернета на 20 минут
53523,2021-03-10 16:01:56,Включение интернета на 20 минут
53523,2021-03-16 16:24:00,Гарантированный платеж за деньги
53523,2021-03-19 16:47:07,Информер ВК. Показ
53523,2021-03-20 11:24:54,Турбокнопка бесплатно
53523,2021-03-24 17:58:14,Включение интернета на 20 минут
53523,2021-03-31 18:21:53,Гарантированный платеж за деньги
53523,2021-04-03 18:31:24,Информер ВК. Показ
53523,2021-04-03 19:12:37,Абонент оставил отзыв в Личном кабинете
53523,2021-04-09 18:41:22,Информер ВК. Показ
53523,2021-04-12 18:52:48,Включение интернета на 20 минут
53523,2021-04-12 18:54:48,Гарантированный платеж за деньги
53523,2021-04-15 19:03:09,Включение интернета на 20 минут
53523,2021-04-19 21:52:09,Информер ВК. Показ
53527,2021-03-02 16:08:11,Информер ВК. Показ
53527,2021-03-02 16:08:21,Включение интернета на 20 минут
53527,2021-03-10 14:03:08,Включение интернета на 20 минут
53527,2021-03-10 14:03:09,Включение интернета на 20 минут
53527,2021-03-15 14:46:32,Включение интернета на 20 минут
53527,2021-03-30 15:16:13,Включение интернета на 20 минут
53527,2021-03-30 15:16:14,Включение интернета на 20 минут
53527,2021-04-07 14:47:05,Гарантированный платеж за деньги
53527,2021-04-07 14:50:26,Включение интернета на 20 минут
53527,2021-04-12 18:52:08,Гарантированный платеж за деньги
53527,2021-04-19 20:05:07,Гарантированный платеж за деньги
53527,2021-04-27 19:20:18,Включение интернета на 20 минут
10315,2021-03-28 22:31:47,Информер ВК. Показ
10315,2021-03-28 22:33:02,Информер ВК. Показ
10315,2021-03-28 22:36:30,Информер ВК. Показ
10315,2021-03-28 22:47:38,Смена тарифа
10315,2021-04-05 15:36:38,Просмотр раздела Тайный покупатель
53544,2021-04-06 00:12:10,Информер ВК. Показ
53544,2021-04-06 00:12:50,Информер ВК. Показ
53546,2021-03-18 16:10:59,Информер ВК. Показ
53546,2021-04-13 01:01:02,Гарантированный платеж за деньги
53546,2021-04-14 15:52:21,Информер ВК. Показ
53546,2021-04-14 15:52:36,Информер ВК. Показ
53547,2021-04-14 12:28:57,Информер ВК. Показ
53547,2021-04-14 12:29:07,Информер ВК. Показ
53551,2021-04-01 17:02:02,Информер ВК. Показ
53551,2021-04-01 17:04:35,Информер ВК. Показ
53551,2021-04-04 17:33:24,Информер ВК. Показ
53552,2021-03-01 21:21:50,Включение интернета на 20 минут
53552,2021-03-01 21:22:40,Гарантированный платеж за деньги
53552,2021-04-19 10:40:59,Гарантированный платеж за деньги
53552,2021-04-22 11:01:07,Информер ВК. Показ
53552,2021-04-27 17:16:14,Информер ВК. Показ
53552,2021-04-27 17:16:23,Включение интернета на 20 минут
53552,2021-04-27 17:16:54,Гарантированный платеж за деньги
53556,2021-03-06 20:23:28,Включение интернета на 20 минут с IVR
53560,2021-04-09 17:44:19,Информер ВК. Показ
53560,2021-04-09 17:45:17,Информер ВК. Показ
53561,2021-03-22 06:32:17,Гарантированный платеж за деньги
53561,2021-03-22 08:25:29,Информер ВК. Показ
53561,2021-03-22 08:26:28,Информер ВК. Показ
53561,2021-03-27 10:27:14,Информер ВК. Показ
33584,2021-03-13 17:19:49,Информер ВК. Показ
33584,2021-03-13 17:24:48,Информер ВК. Показ
33584,2021-03-13 17:25:04,Информер ВК. Показ
33584,2021-03-16 19:12:22,Включение IPTV-пакета
33584,2021-04-05 18:19:52,Включение IPTV-пакета
39563,2021-03-02 17:09:15,Информер ВК. Показ
53569,2021-03-23 21:22:28,Гарантированный платеж за деньги
53569,2021-03-30 01:42:05,Гарантированный платеж за деньги
43176,2021-03-08 17:45:39,Информер ВК. Показ
43176,2021-03-29 13:17:43,Информер ВК. Показ
43176,2021-04-07 18:12:18,Информер ВК. Показ
43176,2021-04-21 14:59:18,Информер ВК. Показ
53596,2021-03-29 12:40:42,Информер ВК. Показ
53596,2021-03-29 12:43:30,Информер ВК. Показ
53599,2021-03-25 14:25:09,Гарантированный платеж за деньги
53599,2021-03-28 14:41:08,Информер ВК. Показ
53599,2021-03-28 14:42:11,Информер ВК. Показ
53599,2021-03-28 15:10:24,Информер ВК. Показ
53599,2021-03-28 15:12:29,Гарантированный платеж за деньги
53608,2021-03-19 19:49:59,Гарантированный платеж за деньги
53608,2021-03-30 22:40:55,Гарантированный платеж за деньги
53608,2021-04-14 01:31:10,Гарантированный платеж за деньги
53608,2021-04-28 02:42:28,Гарантированный платеж за деньги
53614,2021-04-04 16:28:36,Включение интернета на 20 минут с IVR
53620,2021-03-25 16:42:30,Информер ВК. Показ
53620,2021-03-25 16:42:45,Турбокнопка бесплатно
53620,2021-04-07 00:16:01,Гарантированный платеж за деньги
53620,2021-04-07 00:16:51,Информер ВК. Показ
53620,2021-04-10 01:26:09,Информер ВК. Показ
53620,2021-04-17 11:38:57,Турбокнопка бесплатно
29594,2021-03-12 15:42:37,Показ информатора об изменении уведомлений через ВК платформу
29594,2021-03-23 07:09:40,Показ информатора об изменении уведомлений через ВК платформу
29594,2021-03-26 08:51:36,Показ информатора об изменении уведомлений через ВК платформу
29594,2021-04-14 13:00:16,Показ информатора об изменении уведомлений через ВК платформу
29594,2021-04-25 16:22:45,Показ информатора об изменении уведомлений через ВК платформу
9989,2021-03-13 11:03:52,Включение интернета на 20 минут
9989,2021-04-13 11:52:24,Включение интернета на 20 минут
53628,2021-03-02 17:37:56,Информер ВК. Показ
53628,2021-03-17 20:18:08,Информер ВК. Показ
53628,2021-03-19 12:45:02,Информер ВК. Показ
53628,2021-04-09 15:56:21,Информер ВК. Показ
53628,2021-04-21 17:09:12,Информер ВК. Показ
53629,2021-03-12 20:24:10,Информер ВК. Показ
53629,2021-03-12 20:25:18,Включение интернета на 20 минут
53629,2021-03-12 20:26:32,Информер ВК. Показ
53629,2021-03-12 20:28:00,Информер ВК. Показ
53638,2021-04-21 13:55:11,Гарантированный платеж за деньги
53641,2021-03-02 19:06:02,Информер ВК. Показ
53641,2021-03-02 19:06:24,Информер ВК. Показ
53643,2021-03-04 23:24:24,Информер ВК. Показ
53643,2021-03-12 17:02:34,Гарантированный платеж за деньги
53643,2021-03-19 17:11:13,Гарантированный платеж за деньги
53643,2021-03-21 21:57:02,Информер ВК. Показ
53643,2021-03-29 17:41:33,Гарантированный платеж за деньги
53643,2021-04-05 17:58:06,Гарантированный платеж за деньги
53643,2021-04-11 20:19:00,Гарантированный платеж за деньги
53643,2021-04-14 20:21:47,Включение интернета на 20 минут
53643,2021-04-18 22:13:03,Гарантированный платеж за деньги
53643,2021-04-24 22:40:31,Гарантированный платеж за деньги
53648,2021-03-21 19:42:56,Информер ВК. Показ
53657,2021-04-11 11:33:28,Гарантированный платеж за деньги
53657,2021-04-14 13:28:28,Включение интернета на 20 минут
53657,2021-04-19 14:57:30,Гарантированный платеж за деньги
53660,2021-03-20 09:34:38,Информер ВК. Показ
53660,2021-03-20 09:37:25,Информер ВК. Показ
53660,2021-03-20 09:39:10,Информер ВК. Показ
53684,2021-03-01 21:17:19,Показ информатора об изменении уведомлений через ВК платформу
53684,2021-03-03 20:25:32,Гарантированный платеж за деньги
53684,2021-03-09 22:23:50,Показ информатора об изменении уведомлений через ВК платформу
53684,2021-03-16 22:09:32,Гарантированный платеж за деньги
53684,2021-03-30 22:22:37,Показ информатора об изменении уведомлений через ВК платформу
53684,2021-03-30 22:23:02,Гарантированный платеж за деньги
53684,2021-04-02 11:46:08,Показ информатора об изменении уведомлений через ВК платформу
53684,2021-04-09 22:37:11,Показ информатора об изменении уведомлений через ВК платформу
53684,2021-04-09 22:37:37,Гарантированный платеж за деньги
53688,2021-03-24 21:57:12,Включение интернета на 20 минут
53688,2021-03-29 22:28:49,Гарантированный платеж за деньги
53693,2021-03-17 14:12:44,Гарантированный платеж за деньги
53693,2021-04-26 23:18:32,Гарантированный платеж за деньги
53693,2021-04-29 23:52:28,Включение интернета на 20 минут
53687,2021-03-22 15:52:57,Восстановление пароля
53687,2021-03-22 15:53:31,Информер ВК. Показ
53687,2021-03-22 15:54:35,Информер ВК. Показ
53687,2021-03-22 15:54:53,Информер ВК. Показ
11126,2021-03-03 01:29:52,Информер ВК. Показ
11126,2021-03-21 01:11:46,Информер ВК. Показ
11126,2021-03-25 16:27:22,Информер ВК. Показ
11126,2021-04-23 20:44:41,Информер ВК. Показ
11126,2021-04-23 20:45:22,Информер ВК. Показ
53696,2021-03-27 14:02:31,Включение интернета на 20 минут
53696,2021-03-27 14:02:32,Включение интернета на 20 минут
53696,2021-04-22 18:17:10,Информер ВК. Показ
53696,2021-04-27 01:35:43,Информер ВК. Показ
53698,2021-03-01 01:05:32,Включение интернета на 20 минут
53698,2021-03-02 12:15:02,Включение интернета на 20 минут
53698,2021-03-03 17:23:19,Включение интернета на 20 минут
53698,2021-03-05 10:13:01,Включение интернета на 20 минут
53698,2021-03-07 04:36:20,Включение интернета на 20 минут
53698,2021-03-07 20:52:41,Гарантированный платеж за деньги
53698,2021-03-11 08:00:50,Включение интернета на 20 минут
53698,2021-03-11 22:16:21,Гарантированный платеж за деньги
53698,2021-03-15 19:34:31,Включение интернета на 20 минут
53698,2021-03-17 18:26:57,Включение интернета на 20 минут
53698,2021-03-17 19:34:10,Гарантированный платеж за деньги
53698,2021-03-20 21:38:26,Информер ВК. Показ
53698,2021-03-20 21:38:35,Включение интернета на 20 минут
53698,2021-03-22 05:20:21,Включение интернета на 20 минут
53698,2021-03-24 09:16:03,Включение интернета на 20 минут
53698,2021-03-25 13:08:11,Включение интернета на 20 минут
53698,2021-03-27 15:42:02,Информер ВК. Показ
53698,2021-03-27 15:42:13,Включение интернета на 20 минут
53698,2021-03-29 10:01:15,Информер ВК. Показ
53698,2021-03-29 10:01:27,Включение интернета на 20 минут
53698,2021-03-30 20:11:41,Гарантированный платеж за деньги
53698,2021-04-06 17:00:06,Включение интернета на 20 минут
53698,2021-04-06 23:49:31,Гарантированный платеж за деньги
53698,2021-04-13 14:28:24,Включение интернета на 20 минут
53698,2021-04-16 16:40:41,Включение интернета на 20 минут
53698,2021-04-17 04:46:00,Гарантированный платеж за деньги
53698,2021-04-20 14:03:38,Включение интернета на 20 минут
53698,2021-04-21 15:25:25,Информер ВК. Показ
53698,2021-04-21 15:25:42,Включение интернета на 20 минут
53698,2021-04-22 16:29:25,Гарантированный платеж за деньги
53698,2021-04-27 14:48:59,Гарантированный платеж за деньги
53702,2021-03-21 20:25:35,Включение интернета на 20 минут
53702,2021-03-21 20:25:40,Включение интернета на 20 минут
53704,2021-03-21 19:00:23,Включение интернета на 20 минут с IVR
53705,2021-03-24 19:01:35,Гарантированный платеж за деньги
53705,2021-03-28 18:37:18,Включение интернета на 20 минут
53705,2021-04-29 08:48:38,Гарантированный платеж за деньги
29392,2021-03-05 17:20:47,Информер ВК. Показ
29392,2021-04-05 20:43:03,Включение интернета на 20 минут
29392,2021-04-05 20:43:04,Включение интернета на 20 минут
29392,2021-04-05 21:00:54,Информер ВК. Показ
53710,2021-03-27 19:36:03,Информер ВК. Показ
53710,2021-03-29 20:24:34,Информер ВК. Показ
53710,2021-03-29 20:29:39,Информер ВК. Показ
53732,2021-03-08 21:18:05,Включение интернета на 20 минут
53732,2021-04-02 22:07:17,Включение интернета на 20 минут
53732,2021-04-15 21:55:09,Информер ВК. Показ
53732,2021-04-29 22:11:09,Включение интернета на 20 минут
53732,2021-04-29 22:11:10,Включение интернета на 20 минут
53733,2021-03-09 21:49:15,Включение интернета на 20 минут
53733,2021-04-09 22:11:21,Включение интернета на 20 минут
53738,2021-03-12 23:17:52,Информер ВК. Показ
53738,2021-03-14 11:41:37,Включение интернета на 20 минут
53739,2021-03-08 12:18:10,Включение интернета на 20 минут
53739,2021-03-08 12:18:11,Включение интернета на 20 минут
53739,2021-03-14 16:40:01,Включение интернета на 20 минут
35848,2021-03-05 20:41:22,Информер ВК. Показ
35848,2021-04-05 20:57:23,Включение интернета на 20 минут
35848,2021-04-05 20:57:24,Включение интернета на 20 минут
40221,2021-03-03 22:37:36,Гарантированный платеж за деньги
40221,2021-03-07 23:01:46,Гарантированный платеж за деньги
40221,2021-03-12 17:12:58,Гарантированный платеж за деньги
40221,2021-03-16 09:28:35,Информер ВК. Показ
40221,2021-03-17 00:28:43,Гарантированный платеж за деньги
40221,2021-03-17 00:29:08,Включение интернета на 20 минут
40221,2021-03-20 10:03:12,Информер ВК. Показ
40221,2021-03-23 09:37:54,Гарантированный платеж за деньги
40221,2021-03-24 22:17:11,Информер ВК. Показ
40221,2021-04-01 18:18:13,Включение интернета на 20 минут
40221,2021-04-01 21:36:27,Гарантированный платеж за деньги
40221,2021-04-16 21:01:00,Информер ВК. Показ
40221,2021-04-16 22:18:26,Гарантированный платеж за деньги
40221,2021-04-20 22:01:53,Информер ВК. Показ
40221,2021-04-20 22:17:55,Включение автоматической активации ГП
40221,2021-04-27 18:51:43,Информер ВК. Показ
40221,2021-04-29 18:02:09,Гарантированный платеж за деньги
53742,2021-03-15 15:26:48,Информер ВК. Показ
53742,2021-03-15 15:29:37,Информер ВК. Показ
53742,2021-03-15 15:29:39,Информер ВК. Показ
13524,2021-04-19 17:48:48,Информер ВК. Показ
13524,2021-04-19 17:50:11,Информер ВК. Показ
13524,2021-04-19 17:51:26,Просмотр раздела Тайный покупатель
13524,2021-04-19 17:55:44,Включение IPTV-пакета
13524,2021-04-19 17:56:18,Информер ВК. Показ
53746,2021-03-01 08:45:06,Включение интернета на 20 минут
53746,2021-03-06 09:00:46,Родительский контроль. Включение
53746,2021-03-06 21:46:07,Родительский контроль. Выключение
53746,2021-03-13 09:58:54,Включение интернета на 20 минут
53746,2021-03-16 09:06:32,Родительский контроль. Включение
53746,2021-03-16 14:02:34,Информер ВК. Показ
53746,2021-03-16 18:49:24,Информер ВК. Показ
53746,2021-03-16 18:49:39,Родительский контроль. Выключение
53746,2021-03-17 09:16:39,Родительский контроль. Включение
53746,2021-03-17 17:24:04,Родительский контроль. Выключение
53746,2021-03-22 10:09:46,Информер ВК. Показ
53746,2021-03-22 10:13:10,Родительский контроль. Включение
53746,2021-03-22 17:42:26,Родительский контроль. Выключение
53746,2021-03-24 09:03:57,Родительский контроль. Включение
53746,2021-03-24 09:57:47,Родительский контроль. Выключение
53746,2021-03-24 14:55:42,Родительский контроль. Включение
53746,2021-03-24 17:45:47,Родительский контроль. Выключение
53746,2021-03-25 09:19:07,Родительский контроль. Включение
53746,2021-03-28 16:19:30,Родительский контроль. Выключение
53746,2021-03-29 09:23:20,Родительский контроль. Включение
53746,2021-03-29 17:12:15,Родительский контроль. Выключение
53746,2021-04-01 09:08:13,Родительский контроль. Включение
53746,2021-04-01 17:29:19,Родительский контроль. Выключение
53746,2021-04-05 09:06:45,Родительский контроль. Включение
53746,2021-04-05 18:32:41,Родительский контроль. Выключение
53746,2021-04-06 09:11:09,Родительский контроль. Включение
53746,2021-04-06 19:09:54,Родительский контроль. Выключение
53746,2021-04-09 08:33:10,Родительский контроль. Включение
53746,2021-04-09 17:15:01,Родительский контроль. Выключение
53746,2021-04-13 18:36:21,Включение интернета на 20 минут
53746,2021-04-14 09:02:18,Родительский контроль. Включение
53746,2021-04-14 17:59:34,Родительский контроль. Выключение
53746,2021-04-21 09:17:32,Информер ВК. Показ
53746,2021-04-21 09:17:52,Родительский контроль. Включение
53746,2021-04-21 17:28:48,Информер ВК. Показ
53746,2021-04-21 17:29:04,Родительский контроль. Выключение
53746,2021-04-22 09:24:04,Родительский контроль. Включение
53746,2021-04-22 17:30:49,Информер ВК. Показ
53746,2021-04-22 17:31:05,Родительский контроль. Выключение
53746,2021-04-26 08:47:07,Родительский контроль. Включение
53746,2021-04-26 18:19:18,Родительский контроль. Выключение
53746,2021-04-29 08:47:42,Родительский контроль. Включение
53746,2021-04-29 17:20:19,Родительский контроль. Выключение
53756,2021-03-06 15:34:13,Информер ВК. Показ
53756,2021-03-06 15:34:24,Включение автоматической активации ГП
53756,2021-03-19 20:16:06,Информер ВК. Показ
53756,2021-03-19 20:16:18,Гарантированный платеж за деньги
53756,2021-03-29 20:25:23,Включение интернета на 20 минут
53756,2021-03-29 20:25:35,Информер ВК. Показ
53756,2021-03-29 20:25:48,Гарантированный платеж за деньги
53756,2021-04-06 19:37:46,Включение интернета на 20 минут
53756,2021-04-06 19:38:05,Информер ВК. Показ
53756,2021-04-06 19:38:15,Гарантированный платеж за деньги
53759,2021-03-13 10:16:28,Информер ВК. Показ
53759,2021-03-13 10:16:55,Включение интернета на 20 минут
53759,2021-03-27 15:28:32,Информер ВК. Показ
53759,2021-04-16 20:19:10,Информер ВК. Показ
53759,2021-04-16 20:19:29,Включение интернета на 20 минут
53765,2021-03-29 19:03:39,Информер ВК. Показ
39715,2021-03-05 10:49:33,Информер ВК. Показ
39715,2021-03-09 14:26:39,Гарантированный платеж за деньги
39715,2021-03-09 20:49:14,Информер ВК. Показ
39715,2021-03-14 21:39:11,Информер ВК. Показ
39715,2021-04-29 22:44:51,Информер ВК. Показ
53767,2021-03-15 17:09:10,Включение интернета на 20 минут
53767,2021-04-15 21:33:39,Включение интернета на 20 минут
53767,2021-04-17 17:42:02,Включение интернета на 20 минут
53767,2021-04-17 17:42:03,Включение интернета на 20 минут
53767,2021-04-17 19:54:58,Включение интернета на 20 минут с IVR
52322,2021-03-15 02:21:06,Информер ВК. Показ
52322,2021-03-31 10:20:35,Информер ВК. Показ
52322,2021-04-15 03:57:38,Информер ВК. Показ
52322,2021-04-21 03:31:03,Информер ВК. Показ
8190,2021-03-05 22:53:58,Включение интернета на 20 минут
8190,2021-03-10 12:38:07,Включение интернета на 20 минут
8190,2021-03-10 13:27:08,Информер ВК. Показ
8190,2021-03-10 13:27:48,Виртуальное бессмертие. Отключение
8190,2021-03-10 13:28:04,Виртуальное бессмертие. Включение
8190,2021-03-10 13:28:23,Виртуальное бессмертие. Использование
8190,2021-03-21 20:24:22,Информер ВК. Показ
8190,2021-03-21 20:24:35,Информер ВК. Показ
8190,2021-03-22 10:43:25,Просмотр раздела Тайный покупатель
8190,2021-03-22 10:49:08,Включение интернета на 20 минут
8190,2021-04-11 19:27:01,Смена пароля
8190,2021-04-11 19:27:22,Смена пароля
8190,2021-04-11 19:27:48,Смена пароля
8190,2021-04-11 19:27:58,Смена пароля
8190,2021-04-11 19:28:17,Информер ВК. Показ
28016,2021-04-08 13:02:42,Включение IPTV-пакета
49045,2021-04-08 12:42:35,Принято заявление и доп. соглашение по переезду
53770,2021-04-24 21:12:19,Информер ВК. Показ
53775,2021-03-01 19:12:59,Информер ВК. Показ
53775,2021-03-04 12:44:07,Информер ВК. Показ
53775,2021-03-04 12:44:41,Информер ВК. Показ
53775,2021-04-06 18:07:21,Информер ВК. Показ
53775,2021-04-06 18:08:01,Информер ВК. Показ
53775,2021-04-13 17:11:54,Информер ВК. Показ
53780,2021-04-01 15:44:35,Информер ВК. Показ
53780,2021-04-14 22:26:23,Информер ВК. Показ
53780,2021-04-14 22:26:33,Информер ВК. Показ
10675,2021-03-03 21:27:00,Информер ВК. Показ
10675,2021-03-03 21:27:02,Информер ВК. Показ
10675,2021-03-03 21:27:05,Информер ВК. Показ
10675,2021-03-06 08:14:54,Включение интернета на 20 минут
10675,2021-04-06 09:59:38,Гарантированный платеж за деньги
45298,2021-03-14 19:41:35,Гарантированный платеж за деньги
45298,2021-03-17 21:59:51,Включение интернета на 20 минут с IVR
45298,2021-04-18 07:48:52,Включение интернета на 20 минут
45298,2021-04-18 17:26:57,Гарантированный платеж за деньги
45298,2021-04-21 21:55:16,Включение интернета на 20 минут
53792,2021-04-04 19:34:04,Включение интернета на 20 минут
51794,2021-04-27 16:00:45,Включение интернета на 20 минут
51794,2021-04-27 16:01:11,Информер ВК. Показ
51794,2021-04-27 16:32:06,Информер ВК. Показ
51794,2021-04-27 16:33:41,Информер ВК. Показ
53795,2021-04-24 17:56:12,Включение интернета на 20 минут
53795,2021-04-24 17:56:13,Включение интернета на 20 минут
53803,2021-04-04 17:37:39,Принято заявление и доп. соглашение по переезду
53803,2021-04-04 17:37:42,Информер ВК. Показ
53803,2021-04-04 19:45:34,Информер ВК. Показ
53803,2021-04-04 19:46:24,Информер ВК. Показ
53806,2021-03-02 19:04:55,Информер ВК. Показ
53806,2021-03-10 11:33:24,Включение IPTV-пакета
53806,2021-04-10 17:03:55,Информер ВК. Показ
53806,2021-04-10 17:53:27,Информер ВК. Показ
53806,2021-04-10 17:54:44,Информер ВК. Показ
53806,2021-04-12 08:40:52,Включение интернета на 20 минут
53806,2021-04-24 20:01:40,Выключение IPTV-пакета
53809,2021-03-02 16:50:02,Включение интернета на 20 минут
53809,2021-03-12 19:02:09,Включение интернета на 20 минут
53809,2021-03-18 20:00:38,Включение интернета на 20 минут
53809,2021-03-25 19:31:41,Включение интернета на 20 минут
53809,2021-04-13 17:40:42,Включение интернета на 20 минут
53809,2021-04-15 16:28:14,Включение интернета на 20 минут
53809,2021-04-18 10:21:46,Включение интернета на 20 минут
53809,2021-04-20 19:05:06,Включение интернета на 20 минут
53809,2021-04-23 18:24:28,Включение интернета на 20 минут
53809,2021-04-25 18:49:57,Включение интернета на 20 минут
53809,2021-04-26 20:02:02,Включение интернета на 20 минут
53810,2021-03-01 17:07:37,Гарантированный платеж за деньги
53810,2021-03-07 17:51:14,Гарантированный платеж за деньги
53810,2021-03-16 19:57:03,Гарантированный платеж за деньги
53810,2021-03-18 12:06:58,Информер ВК. Показ
53810,2021-03-22 20:37:00,Гарантированный платеж за деньги
53810,2021-03-27 22:14:41,Информер ВК. Показ
53810,2021-03-27 22:15:49,Гарантированный платеж за деньги
53810,2021-03-30 22:33:59,Информер ВК. Показ
53810,2021-04-01 22:43:27,Гарантированный платеж за деньги
53810,2021-04-05 23:05:55,Гарантированный платеж за деньги
53810,2021-04-13 23:33:53,Гарантированный платеж за деньги
53810,2021-04-17 23:54:58,Гарантированный платеж за деньги
53810,2021-04-20 04:20:51,Информер ВК. Показ
53810,2021-04-22 00:12:13,Гарантированный платеж за деньги
53810,2021-04-26 02:06:49,Гарантированный платеж за деньги
53810,2021-04-28 07:14:04,Информер ВК. Показ
53812,2021-04-19 20:53:47,Информер ВК. Показ
53812,2021-04-19 20:54:02,Информер ВК. Показ
53814,2021-03-17 18:40:40,Информер ВК. Показ
53815,2021-03-10 13:27:02,Информер ВК. Показ
53815,2021-03-10 13:29:45,Информер ВК. Показ
53815,2021-03-24 12:45:58,Информер ВК. Показ
53835,2021-03-14 22:01:08,Включение интернета на 20 минут
53835,2021-03-14 22:33:58,Гарантированный платеж за деньги
53835,2021-04-25 22:46:26,Гарантированный платеж за деньги
32188,2021-03-01 20:11:31,Информер ВК. Показ
32188,2021-03-01 20:11:40,Информер ВК. Показ
53844,2021-03-04 13:23:51,Информер ВК. Показ
53844,2021-03-22 14:30:37,Информер ВК. Показ
53844,2021-03-22 14:32:46,Информер ВК. Показ
53844,2021-04-04 14:15:53,Информер ВК. Показ
53844,2021-04-04 14:23:19,Смена тарифа
53844,2021-04-09 00:54:09,Смена пароля
53845,2021-04-15 07:32:04,Информер ВК. Показ
7873,2021-04-25 21:28:09,Гарантированный платеж за деньги
53855,2021-03-15 09:29:09,Информер ВК. Показ
53855,2021-03-15 09:29:30,Информер ВК. Показ
53855,2021-04-07 12:06:36,Информер ВК. Показ
53855,2021-04-16 11:00:09,Информер ВК. Показ
53855,2021-04-25 12:56:02,Информер ВК. Показ
53856,2021-04-16 18:02:48,Информер ВК. Показ
53856,2021-04-16 18:03:01,Гарантированный платеж за деньги
53856,2021-04-19 18:12:38,Информер ВК. Показ
53856,2021-04-20 18:22:29,Гарантированный платеж за деньги
53856,2021-04-23 18:33:15,Информер ВК. Показ
53856,2021-04-23 18:33:28,Включение интернета на 20 минут
53856,2021-04-24 20:47:30,Включение интернета на 20 минут
53856,2021-04-29 18:49:18,Гарантированный платеж за деньги
28680,2021-03-06 10:25:18,Включение интернета на 20 минут
28680,2021-04-06 18:23:39,Включение интернета на 20 минут
28680,2021-04-06 18:23:40,Включение интернета на 20 минут
53857,2021-03-13 15:15:28,Информер ВК. Показ
53857,2021-03-13 15:19:51,Восстановление пароля
53857,2021-03-13 15:19:52,Восстановление пароля
53857,2021-03-13 15:52:41,Информер ВК. Показ
53857,2021-03-13 15:59:37,Изменение схемы оплаты
53857,2021-03-13 15:59:37,Включение IPTV-пакета
53857,2021-04-12 15:46:04,Информер ВК. Показ
53857,2021-04-12 15:48:45,Выключение IPTV-пакета
42279,2021-04-24 13:02:42,Информер ВК. Показ
42279,2021-04-24 13:06:28,Информер ВК. Показ
42279,2021-04-24 13:07:11,Информер ВК. Показ
53861,2021-03-06 19:14:42,Турбокнопка платно (1 сутки)
53861,2021-03-12 08:51:14,Турбокнопка платно (1 сутки)
53861,2021-03-13 19:05:27,Турбокнопка платно (1 сутки)
53861,2021-03-26 10:04:39,Информер ВК. Показ
53861,2021-03-30 10:15:02,Информер ВК. Показ
53861,2021-03-31 14:32:15,Информер ВК. Показ
13282,2021-04-18 10:25:21,Включение интернета на 20 минут с IVR
13282,2021-04-18 10:26:36,Включение интернета на 20 минут
53862,2021-04-05 00:12:08,Информер ВК. Показ
53862,2021-04-05 00:13:02,Информер ВК. Показ
53862,2021-04-05 00:14:51,Информер ВК. Показ
53867,2021-03-28 20:40:34,Информер ВК. Показ
53867,2021-03-28 20:40:37,Информер ВК. Показ
53867,2021-03-28 20:41:39,Информер ВК. Показ
53877,2021-03-24 02:14:01,Информер ВК. Показ
53877,2021-04-08 20:27:09,Информер ВК. Показ
53877,2021-04-08 20:27:17,Гарантированный платеж за деньги
53886,2021-04-28 18:53:46,Информер ВК. Показ
53886,2021-04-28 18:54:02,Выключение IPTV-пакета
53886,2021-04-28 18:54:08,Информер ВК. Показ
53886,2021-04-28 18:54:23,Информер ВК. Показ
53886,2021-04-28 18:54:31,Включение интернета на 20 минут
53892,2021-04-08 17:41:37,Информер ВК. Показ
53899,2021-03-15 21:52:10,Информер ВК. Показ
53899,2021-03-15 21:52:36,Информер ВК. Показ
8554,2021-04-19 07:43:35,Гарантированный платеж за деньги
8554,2021-04-22 10:06:44,Включение интернета на 20 минут
8554,2021-04-22 10:06:45,Включение интернета на 20 минут
53904,2021-03-10 22:49:51,Включение интернета на 20 минут
53904,2021-03-20 23:51:50,Включение интернета на 20 минут
53904,2021-03-26 16:30:47,Информер ВК. Показ
53904,2021-03-31 10:51:53,Информер ВК. Показ
53904,2021-04-03 11:03:48,Информер ВК. Показ
53904,2021-04-05 13:55:28,Гарантированный платеж за деньги
53904,2021-04-08 14:04:59,Включение интернета на 20 минут
53904,2021-04-14 16:25:36,Включение интернета на 20 минут
53904,2021-04-14 23:25:55,Гарантированный платеж за деньги
53904,2021-04-23 23:41:39,Включение интернета на 20 минут
53904,2021-04-25 16:40:52,Гарантированный платеж за деньги
53904,2021-04-28 16:55:07,Включение интернета на 20 минут
53909,2021-03-03 22:04:51,Информер ВК. Показ
53909,2021-03-14 19:03:21,Информер ВК. Показ
53909,2021-03-25 19:44:42,Информер ВК. Показ
53909,2021-04-26 23:48:18,Информер ВК. Показ
53920,2021-03-25 16:02:47,Информер ВК. Показ
53920,2021-03-27 18:17:19,Включение интернета на 20 минут
43538,2021-03-10 15:00:00,Включение интернета на 20 минут
53928,2021-03-14 20:20:26,Информер ВК. Показ
53931,2021-03-01 08:49:50,Включение интернета на 20 минут
53931,2021-03-02 15:36:27,Включение интернета на 20 минут
53931,2021-03-04 13:52:09,Включение интернета на 20 минут
53931,2021-03-05 19:13:20,Включение интернета на 20 минут
53931,2021-03-06 19:22:07,Получение подарка в ЛК: сутки интернета на максимальной скорости
53931,2021-03-06 19:22:12,Получение подарка в ЛК: 1 месяц бесплатного просмотра IPTV
53931,2021-03-06 19:22:21,Показ информатора об изменении уведомлений через ВК платформу
53931,2021-03-06 19:22:32,Гарантированный платеж за деньги
53931,2021-03-09 19:54:15,Включение интернета на 20 минут
53931,2021-03-14 16:31:30,Гарантированный платеж за деньги
53931,2021-03-19 08:30:56,Включение интернета на 20 минут
53931,2021-03-22 18:24:51,Гарантированный платеж за деньги
53931,2021-04-12 18:39:51,Гарантированный платеж за деньги
53931,2021-04-18 14:49:41,Гарантированный платеж за деньги
53931,2021-04-21 17:27:09,Показ информатора об изменении уведомлений через ВК платформу
53931,2021-04-23 17:06:12,Показ информатора об изменении уведомлений через ВК платформу
53931,2021-04-23 17:06:21,Включение интернета на 20 минут
53931,2021-04-23 17:09:06,Показ информатора об изменении уведомлений через ВК платформу
53931,2021-04-23 22:21:15,Гарантированный платеж за деньги
53931,2021-04-28 16:57:59,Включение интернета на 20 минут
53931,2021-04-28 16:59:48,Гарантированный платеж за деньги
53942,2021-03-19 19:38:28,Информер ВК. Показ
53942,2021-03-28 17:24:17,Информер ВК. Показ
53942,2021-03-28 17:24:55,Информер ВК. Показ
53982,2021-03-09 20:47:39,Информер ВК. Показ
53982,2021-03-09 20:47:52,Гарантированный платеж за деньги
53984,2021-03-18 20:03:50,Информер ВК. Показ
53985,2021-03-05 23:03:22,Информер ВК. Показ
53985,2021-03-05 23:03:28,Информер ВК. Показ
53985,2021-03-05 23:03:37,Гарантированный платеж за деньги
53985,2021-03-19 15:25:32,Информер ВК. Показ
53985,2021-04-19 09:08:54,Информер ВК. Показ
53985,2021-04-24 15:03:16,Информер ВК. Показ
53985,2021-04-25 00:31:51,Информер ВК. Показ
53985,2021-04-25 00:33:11,Турбокнопка платно (1 час)
53992,2021-03-16 21:11:15,Принято заявление и доп. соглашение по переезду
53992,2021-03-16 21:11:18,Информер ВК. Показ
53992,2021-03-16 21:12:56,Информер ВК. Показ
53992,2021-03-16 21:14:11,Информер ВК. Показ
53992,2021-03-29 17:46:34,Включение ограничения функций ТВ
53999,2021-03-27 15:17:16,Включение интернета на 20 минут
41359,2021-03-17 15:28:40,Включение интернета на 20 минут
54017,2021-03-02 07:18:23,Включение автоматической активации ГП
54017,2021-03-05 08:56:28,Включение автоматической активации ГП
54017,2021-03-08 09:31:33,Включение интернета на 20 минут
54017,2021-03-08 09:39:06,Гарантированный платеж за деньги
54017,2021-03-11 14:15:56,Включение интернета на 20 минут
54017,2021-03-15 11:06:19,Включение автоматической активации ГП
54017,2021-03-18 20:20:05,Включение интернета на 20 минут
54017,2021-03-18 20:53:51,Гарантированный платеж за деньги
54017,2021-03-21 23:06:56,Включение интернета на 20 минут
54017,2021-03-23 18:01:38,Включение интернета на 20 минут
54017,2021-03-23 18:36:06,Гарантированный платеж за деньги
54017,2021-03-26 10:30:30,Информер ВК. Показ
54017,2021-03-27 01:08:55,Информер ВК. Показ
54017,2021-03-28 11:16:59,Информер ВК. Показ
54017,2021-03-28 11:17:54,Включение интернета на 20 минут
31323,2021-03-14 21:43:34,Информер ВК. Показ
31323,2021-03-14 21:43:53,Информер ВК. Закрытие
31323,2021-04-01 21:01:32,Бонус-скорость
10493,2021-04-06 07:04:27,Включение интернета на 20 минут
12730,2021-03-24 20:17:48,Включение интернета на 20 минут
12730,2021-04-21 19:40:00,Информер ВК. Показ
12730,2021-04-25 09:58:41,Информер ВК. Показ
12730,2021-04-25 10:01:36,Информер ВК. Показ
54029,2021-04-15 10:35:55,Информер ВК. Показ
54029,2021-04-15 10:37:09,Информер ВК. Показ
54030,2021-03-31 22:58:25,Информер ВК. Показ
54030,2021-03-31 23:03:51,Информер ВК. Показ
54030,2021-03-31 23:04:27,Информер ВК. Показ
13126,2021-03-25 13:29:34,Информер ВК. Показ
13126,2021-03-25 13:29:50,Информер ВК. Показ
13126,2021-03-25 13:29:56,Включение интернета на 20 минут
13126,2021-03-25 13:31:48,Информер ВК. Показ
13126,2021-04-25 14:04:21,Включение интернета на 20 минут
13126,2021-04-25 14:04:22,Включение интернета на 20 минут
54036,2021-03-07 00:37:24,Информер ВК. Показ
54036,2021-03-07 00:37:30,Турбокнопка бесплатно
54036,2021-03-12 22:25:51,Информер ВК. Показ
54036,2021-04-12 22:44:50,Информер ВК. Показ
54036,2021-04-12 22:46:17,Информер ВК. Показ
54036,2021-04-12 22:46:36,Информер ВК. Показ
8572,2021-04-10 17:45:39,Информер ВК. Показ
8572,2021-04-17 11:15:56,Информер ВК. Показ
8572,2021-04-26 12:15:17,Информер ВК. Показ
31699,2021-03-29 22:53:04,Информер ВК. Показ
31699,2021-03-29 22:54:01,Информер ВК. Показ
54046,2021-03-02 09:26:20,Гарантированный платеж за деньги
54046,2021-03-06 00:42:52,Включение интернета на 20 минут
54046,2021-03-08 02:55:07,Включение интернета на 20 минут
54046,2021-03-08 02:55:33,Информер ВК. Показ
54046,2021-03-08 02:58:24,Гарантированный платеж за деньги
54046,2021-03-11 11:35:58,Включение интернета на 20 минут
54046,2021-03-12 20:41:38,Включение интернета на 20 минут
54046,2021-03-16 23:44:35,Включение интернета на 20 минут
54046,2021-03-22 00:25:25,Включение интернета на 20 минут
54046,2021-03-27 05:01:57,Включение интернета на 20 минут
54046,2021-03-27 08:22:49,Гарантированный платеж за деньги
54046,2021-03-31 01:18:41,Включение интернета на 20 минут
54046,2021-04-01 04:25:03,Включение интернета на 20 минут
54046,2021-04-02 10:01:09,Гарантированный платеж за деньги
54046,2021-04-08 01:00:46,Включение интернета на 20 минут
54046,2021-04-12 23:32:58,Гарантированный платеж за деньги
54046,2021-04-16 20:22:18,Включение интернета на 20 минут
54046,2021-04-19 01:20:54,Гарантированный платеж за деньги
54046,2021-04-22 04:27:13,Включение интернета на 20 минут
54046,2021-04-27 00:28:45,Включение интернета на 20 минут
9363,2021-03-04 09:01:33,Информер ВК. Показ
9363,2021-03-04 09:04:09,Информер ВК. Показ
9363,2021-03-04 09:07:16,Информер ВК. Показ
9363,2021-03-29 10:21:21,Просмотр раздела Тайный покупатель
14388,2021-03-18 20:25:39,Получение подарка в ЛК: 1 месяц бесплатного просмотра IPTV
14388,2021-03-18 20:25:51,Получение подарка в ЛК: сутки интернета на максимальной скорости
14388,2021-03-18 20:26:45,Информер ВК. Показ
14388,2021-04-18 21:21:06,Информер ВК. Показ
14388,2021-04-29 09:59:11,Информер ВК. Показ
14388,2021-04-29 19:38:32,Информер ВК. Показ
11158,2021-04-02 08:50:39,Информер ВК. Показ
10325,2021-03-15 21:30:49,Информер ВК. Показ
10325,2021-03-15 21:33:31,Информер ВК. Показ
10325,2021-03-15 21:37:39,Информер ВК. Показ
39995,2021-03-04 15:27:41,Гарантированный платеж за деньги
39995,2021-03-11 15:47:15,Гарантированный платеж за деньги
39995,2021-04-02 19:17:45,Гарантированный платеж за деньги
54052,2021-03-13 14:44:31,Информер ВК. Показ
54052,2021-03-13 14:44:36,Включение интернета на 20 минут
54052,2021-04-13 14:56:40,Информер ВК. Показ
54052,2021-04-13 14:56:45,Абонент оставил отзыв в Личном кабинете
54052,2021-04-13 14:56:51,Включение интернета на 20 минут
54052,2021-04-13 14:58:16,Информер ВК. Показ
54058,2021-03-02 13:54:13,Информер ВК. Показ
54058,2021-03-12 09:59:59,Информер ВК. Показ
54058,2021-03-29 10:07:50,Информер ВК. Показ
54058,2021-04-05 11:55:33,Информер ВК. Показ
54058,2021-04-15 13:52:01,Информер ВК. Показ
54067,2021-03-30 18:38:59,Включение интернета на 20 минут с IVR
54070,2021-03-04 19:24:33,Гарантированный платеж за деньги
54070,2021-03-04 22:22:20,Информер ВК. Показ
54070,2021-03-05 12:33:17,Информер ВК. Показ
54070,2021-03-07 19:55:52,Гарантированный платеж за деньги
54070,2021-03-08 18:06:05,Информер ВК. Показ
54070,2021-03-08 18:06:25,Включение автоматической активации ГП
54070,2021-03-12 20:46:49,Включение автоматической активации ГП
54070,2021-03-15 22:11:20,Включение интернета на 20 минут
54070,2021-03-21 22:20:16,Включение интернета на 20 минут
54070,2021-03-22 22:26:55,Гарантированный платеж за деньги
54070,2021-03-27 07:25:33,Включение интернета на 20 минут
54070,2021-04-13 08:48:42,Гарантированный платеж за деньги
54070,2021-04-14 20:15:15,Информер ВК. Показ
54070,2021-04-15 02:14:53,Информер ВК. Показ
54070,2021-04-15 02:15:07,Включение автоматической активации ГП
54070,2021-04-19 08:33:23,Информер ВК. Показ
54070,2021-04-21 13:37:41,Включение интернета на 20 минут
54070,2021-04-21 21:56:56,Гарантированный платеж за деньги
54077,2021-03-08 21:08:49,Информер ВК. Показ
54077,2021-03-08 21:09:10,Информер ВК. Показ
54077,2021-03-08 21:09:23,Информер ВК. Показ
54081,2021-03-03 22:56:47,Информер ВК. Показ
54081,2021-03-03 22:59:51,Информер ВК. Показ
54081,2021-03-06 12:59:38,Включение интернета на 20 минут
54081,2021-03-06 12:59:48,Информер ВК. Показ
54081,2021-03-06 12:59:59,Гарантированный платеж за деньги
54081,2021-03-20 13:39:08,Гарантированный платеж за деньги
54081,2021-03-24 22:26:17,Получение подарка в ЛК: сутки интернета на максимальной скорости
54081,2021-03-24 22:26:19,Получение подарка в ЛК: 1 месяц бесплатного просмотра IPTV
54083,2021-03-16 21:44:45,Информер ВК. Показ
54083,2021-03-16 21:46:06,Информер ВК. Показ
54083,2021-04-16 22:21:46,Информер ВК. Показ
54083,2021-04-16 22:23:31,Гарантированный платеж за деньги
54083,2021-04-16 22:24:21,Информер ВК. Показ
54083,2021-04-25 11:01:27,Информер ВК. Показ
54085,2021-03-09 22:44:21,Информер ВК. Показ
54085,2021-03-09 22:44:44,Включение автоматической активации ГП
54085,2021-03-14 00:09:24,Гарантированный платеж за деньги
54085,2021-03-26 00:11:58,Гарантированный платеж за деньги
54085,2021-04-12 00:07:35,Информер ВК. Показ
54085,2021-04-12 00:07:58,Включение автоматической активации ГП
40858,2021-03-25 23:31:35,Включение интернета на 20 минут
40858,2021-04-22 10:37:49,Включение интернета на 20 минут
40858,2021-04-22 10:37:50,Включение интернета на 20 минут
49622,2021-03-16 18:04:43,Включение интернета на 20 минут
49622,2021-03-16 18:05:28,Информер ВК. Показ
49622,2021-04-15 19:30:04,Включение интернета на 20 минут
54105,2021-03-01 14:31:55,Включение интернета на 20 минут
54105,2021-03-03 09:58:06,Информер ВК. Показ
54105,2021-03-03 09:58:10,Информер ВК. Показ
54105,2021-03-03 09:58:16,Включение интернета на 20 минут
54105,2021-03-06 21:14:13,Включение интернета на 20 минут
54105,2021-03-13 21:15:19,Информер ВК. Показ
54105,2021-03-13 21:15:25,Включение интернета на 20 минут
54105,2021-03-17 02:52:42,Включение интернета на 20 минут
54105,2021-03-23 07:12:02,Включение интернета на 20 минут
54105,2021-03-27 10:35:47,Включение интернета на 20 минут
54105,2021-03-29 12:19:25,Включение интернета на 20 минут с IVR
54105,2021-04-10 12:34:16,Информер ВК. Показ
54105,2021-04-10 12:34:41,Включение интернета на 20 минут
54105,2021-04-21 10:57:03,Информер ВК. Показ
54105,2021-04-21 10:57:14,Включение интернета на 20 минут
54105,2021-04-25 10:36:16,Информер ВК. Показ
54105,2021-04-25 10:36:29,Включение интернета на 20 минут
54116,2021-04-02 17:11:06,Информер ВК. Показ
54116,2021-04-02 17:12:03,Информер ВК. Показ
54116,2021-04-02 17:14:10,Информер ВК. Показ
54118,2021-03-05 21:24:18,Гарантированный платеж за деньги
54118,2021-03-23 17:20:33,Гарантированный платеж за деньги
54118,2021-04-29 15:49:10,Включение интернета на 20 минут
54118,2021-04-29 15:50:29,Информер ВК. Показ
54118,2021-04-29 15:50:55,Гарантированный платеж за деньги
54123,2021-04-28 18:56:54,Включение интернета на 20 минут с IVR
54124,2021-03-02 17:36:03,Информер ВК. Показ
54124,2021-03-02 17:37:09,Включение интернета на 20 минут
54124,2021-03-02 17:42:01,Информер ВК. Показ
54124,2021-03-31 17:33:11,Информер ВК. Показ
54124,2021-04-11 12:29:11,Информер ВК. Показ
54125,2021-03-19 07:27:22,Информер ВК. Показ
54125,2021-04-06 20:16:01,Информер ВК. Показ
54125,2021-04-11 21:13:22,Информер ВК. Показ
54139,2021-03-04 10:28:47,Информер ВК. Показ
54139,2021-03-19 08:48:36,Информер ВК. Показ
54139,2021-04-05 15:05:28,Информер ВК. Показ
54139,2021-04-22 05:38:19,Информер ВК. Показ
54153,2021-04-28 11:25:11,Информер ВК. Показ
54151,2021-03-07 16:13:36,Информер ВК. Показ
54151,2021-03-24 17:24:59,Информер ВК. Показ
54163,2021-03-27 00:00:34,Информер ВК. Показ
54163,2021-03-27 00:04:58,Гарантированный платеж за деньги
54163,2021-03-30 00:18:27,Включение интернета на 20 минут
54163,2021-03-30 00:35:19,Информер ВК. Показ
54163,2021-04-29 00:53:51,Гарантированный платеж за деньги
48932,2021-04-06 11:38:52,Смена тарифа
48932,2021-04-06 11:38:52,Отключение скидки
54167,2021-04-12 19:59:06,Гарантированный платеж за деньги
29882,2021-03-13 21:48:55,Информер ВК. Показ
29882,2021-03-13 21:49:26,Информер ВК. Показ
29882,2021-03-13 21:49:58,Просмотр раздела Тайный покупатель
29882,2021-03-13 21:50:29,Включение интернета на 20 минут
29882,2021-03-13 22:21:43,Гарантированный платеж за деньги
11741,2021-03-26 22:48:23,Информер ВК. Показ
54180,2021-03-28 13:11:37,Включение интернета на 20 минут с IVR
54183,2021-03-08 17:27:48,Информер ВК. Показ
54183,2021-03-15 00:14:04,Включение интернета на 20 минут
54183,2021-03-16 18:06:58,Информер ВК. Показ
54183,2021-03-25 07:39:40,Информер ВК. Показ
54183,2021-04-18 18:56:49,Информер ВК. Показ
54183,2021-04-21 14:25:38,Информер ВК. Показ
54183,2021-04-25 16:04:08,Информер ВК. Показ
39252,2021-04-02 13:42:18,Гарантированный платеж за деньги
54186,2021-03-19 13:42:03,Информер ВК. Показ
54186,2021-03-19 13:50:01,Включение интернета на 20 минут с IVR
54186,2021-04-17 14:11:23,Гарантированный платеж за деньги
11297,2021-03-28 20:37:56,Включение интернета на 20 минут
11297,2021-04-28 21:28:50,Включение интернета на 20 минут
54198,2021-03-23 18:41:49,Включение интернета на 20 минут
54198,2021-04-22 18:58:40,Включение интернета на 20 минут
54199,2021-03-04 20:48:03,Включение интернета на 20 минут с IVR
54199,2021-03-04 20:54:19,Включение интернета на 20 минут
54199,2021-04-03 21:36:48,Включение интернета на 20 минут
54211,2021-03-01 08:05:48,Информер ВК. Показ
54211,2021-03-24 13:40:29,Информер ВК. Показ
54211,2021-03-26 18:46:48,Включение интернета на 20 минут
54211,2021-04-02 19:40:02,Включение интернета на 20 минут
54211,2021-04-02 19:58:14,Информер ВК. Показ
54211,2021-04-10 22:20:20,Информер ВК. Показ
54218,2021-03-21 00:31:55,Информер ВК. Показ
54218,2021-03-23 23:45:10,Информер ВК. Показ
54218,2021-03-23 23:45:32,Информер ВК. Показ
54222,2021-03-07 13:21:51,Информер ВК. Показ
54222,2021-03-07 13:36:51,Информер ВК. Показ
54222,2021-03-30 23:42:15,Информер ВК. Показ
54222,2021-04-08 20:23:10,Информер ВК. Показ
54222,2021-04-08 20:23:19,Информер ВК. Показ
54222,2021-04-08 20:24:10,Включение автоматической активации ГП
52582,2021-03-02 17:18:52,Информер ВК. Показ
52582,2021-03-02 17:18:59,Включение интернета на 20 минут
52582,2021-03-12 17:31:27,Включение интернета на 20 минут
52582,2021-03-23 17:41:09,Включение интернета на 20 минут
52582,2021-03-23 17:41:10,Включение интернета на 20 минут
52582,2021-04-03 17:51:01,Информер ВК. Показ
52582,2021-04-03 17:51:05,Включение интернета на 20 минут
52582,2021-04-13 18:19:01,Информер ВК. Показ
52582,2021-04-13 18:19:09,Информер ВК. Показ
52582,2021-04-13 19:13:28,Просмотр раздела Тайный покупатель
52582,2021-04-13 19:13:55,Гарантированный платеж за деньги
52582,2021-04-23 19:21:21,Включение интернета на 20 минут
11676,2021-03-09 11:43:02,Информер ВК. Показ
54245,2021-04-14 10:40:39,Включение интернета на 20 минут
54252,2021-03-23 16:17:39,Гарантированный платеж за деньги
54253,2021-03-02 20:42:07,Информер ВК. Показ
54253,2021-03-02 20:58:17,Информер ВК. Показ
54253,2021-03-02 20:58:33,Гарантированный платеж за деньги
54253,2021-03-05 21:08:50,Включение интернета на 20 минут
54253,2021-03-10 22:15:18,Информер ВК. Показ
54253,2021-03-18 21:31:07,Гарантированный платеж за деньги
54253,2021-03-27 22:16:33,Просмотр раздела Тайный покупатель
54253,2021-03-27 22:33:19,Включение интернета на 20 минут
54253,2021-03-27 22:33:29,Гарантированный платеж за деньги
54253,2021-03-30 22:43:08,Включение интернета на 20 минут
54253,2021-04-04 22:51:16,Информер ВК. Показ
54253,2021-04-04 22:51:39,Гарантированный платеж за деньги
54253,2021-04-07 14:17:06,Информер ВК. Показ
54253,2021-04-11 22:17:21,Информер ВК. Показ
54253,2021-04-13 22:41:03,Включение автоматической активации ГП
54253,2021-04-17 08:43:45,Включение интернета на 20 минут
54253,2021-04-26 11:12:09,Гарантированный платеж за деньги
54253,2021-04-29 15:31:49,Включение интернета на 20 минут
54255,2021-03-10 23:06:00,Информер ВК. Показ
54255,2021-03-30 15:13:50,Информер ВК. Показ
54255,2021-03-31 06:06:58,Информер ВК. Показ
54255,2021-04-18 21:26:52,Информер ВК. Показ
54267,2021-03-04 00:34:36,Турбокнопка бесплатно
54267,2021-03-07 10:20:37,Турбокнопка бесплатно
54267,2021-03-07 23:33:20,Информер ВК. Показ
54267,2021-03-09 13:59:50,Информер ВК. Показ
54267,2021-03-09 13:59:59,Турбокнопка бесплатно
54267,2021-03-14 20:34:57,Турбокнопка платно (1 час)
54267,2021-03-17 00:19:21,Гарантированный платеж за деньги
54267,2021-03-20 10:27:19,Турбокнопка бесплатно
54267,2021-03-21 18:00:18,Турбокнопка бесплатно
54267,2021-03-22 09:10:22,Гарантированный платеж за деньги
54267,2021-03-24 23:30:05,Информер ВК. Показ
54267,2021-03-25 21:18:00,Турбокнопка платно (1 час)
54267,2021-03-28 12:33:32,Гарантированный платеж за деньги
54267,2021-04-01 12:59:09,Гарантированный платеж за деньги
54267,2021-04-02 00:21:20,Турбокнопка бесплатно
54267,2021-04-04 14:31:01,Включение интернета на 20 минут
54267,2021-04-05 03:36:06,Турбокнопка бесплатно
54267,2021-04-05 15:07:52,Турбокнопка платно (1 час)
54267,2021-04-05 22:14:52,Гарантированный платеж за деньги
54267,2021-04-10 11:20:59,Информер ВК. Показ
54267,2021-04-11 22:37:00,Информер ВК. Показ
54267,2021-04-11 22:37:14,Турбокнопка платно (1 час)
54267,2021-04-14 23:58:14,Гарантированный платеж за деньги
54267,2021-04-18 16:22:32,Турбокнопка бесплатно
54267,2021-04-19 21:08:24,Гарантированный платеж за деньги
54267,2021-04-21 21:19:38,Турбокнопка платно (1 час)
54267,2021-04-22 22:52:48,Включение автоматической активации ГП
54267,2021-04-26 21:34:42,Информер ВК. Показ
54267,2021-04-27 23:47:15,Гарантированный платеж за деньги
54267,2021-04-27 23:54:21,Смена тарифа
54270,2021-03-21 19:23:33,Смена пароля
54270,2021-03-21 19:23:48,Информер ВК. Показ
54270,2021-04-17 19:55:09,Информер ВК. Показ
54280,2021-03-08 10:44:25,Информер ВК. Показ
54280,2021-03-19 15:14:23,Информер ВК. Показ
54282,2021-04-18 16:20:22,Включение интернета на 20 минут
54282,2021-04-18 17:03:46,Информер ВК. Показ
54282,2021-04-18 17:06:35,Информер ВК. Показ
54282,2021-04-18 17:15:55,Информер ВК. Показ
54282,2021-04-18 17:21:55,Гарантированный платеж за деньги
54283,2021-03-06 14:18:55,Включение IPTV-пакета
54283,2021-03-15 18:55:10,Информер ВК. Показ
54283,2021-04-12 16:36:41,Восстановление пароля
54283,2021-04-12 16:38:13,Информер ВК. Показ
54296,2021-03-02 11:23:11,Показ информатора об изменении уведомлений через ВК платформу
54296,2021-03-05 23:47:56,Показ информатора об изменении уведомлений через ВК платформу
54296,2021-03-13 19:18:58,Показ информатора об изменении уведомлений через ВК платформу
54296,2021-04-05 14:45:27,Показ информатора об изменении уведомлений через ВК платформу
54296,2021-04-06 16:33:55,Показ информатора об изменении уведомлений через ВК платформу
54296,2021-04-19 09:04:04,Показ информатора об изменении уведомлений через ВК платформу
48409,2021-03-21 11:13:12,Получение подарка в ЛК: сутки интернета на максимальной скорости
48409,2021-03-21 11:13:15,Получение подарка в ЛК: 1 месяц бесплатного просмотра IPTV
48409,2021-03-21 11:13:21,Показ информатора об изменении уведомлений через ВК платформу
48409,2021-03-21 11:13:45,Турбокнопка бесплатно
48409,2021-03-21 12:24:28,Показ информатора об изменении уведомлений через ВК платформу
48409,2021-03-21 12:24:43,Турбокнопка платно (1 сутки)
48409,2021-04-08 08:54:19,Показ информатора об изменении уведомлений через ВК платформу
48409,2021-04-08 08:54:26,Турбокнопка платно (1 сутки)
48409,2021-04-25 10:46:05,Включение интернета на 20 минут с IVR
54303,2021-03-03 07:39:39,Включение интернета на 20 минут
54303,2021-03-09 21:42:38,Включение интернета на 20 минут
54303,2021-03-10 07:14:26,Гарантированный платеж за деньги
54303,2021-03-14 08:51:15,Включение интернета на 20 минут
54303,2021-04-06 07:28:29,Включение интернета на 20 минут
54303,2021-04-07 07:12:35,Гарантированный платеж за деньги
54303,2021-04-14 08:43:55,Включение интернета на 20 минут
54303,2021-04-20 06:34:42,Включение интернета на 20 минут
54303,2021-04-25 21:16:33,Гарантированный платеж за деньги
54303,2021-04-29 07:04:14,Включение интернета на 20 минут
54304,2021-03-26 20:56:15,Информер ВК. Показ
54304,2021-03-26 20:56:54,Информер ВК. Показ
54304,2021-03-26 21:20:33,Информер ВК. Показ
54309,2021-04-25 16:03:33,Включение интернета на 20 минут
44358,2021-04-01 16:33:42,Гарантированный платеж за деньги
54314,2021-03-05 15:46:16,Получение подарка в ЛК: 1 месяц бесплатного просмотра IPTV
54314,2021-03-05 15:46:28,Получение подарка в ЛК: сутки интернета на максимальной скорости
54314,2021-03-05 15:49:15,Информер ВК. Показ
54333,2021-03-13 17:18:38,Включение интернета на 20 минут с IVR
54333,2021-03-23 17:52:26,Информер ВК. Показ
54333,2021-03-23 17:57:51,Информер ВК. Показ
54333,2021-03-23 17:57:58,Включение интернета на 20 минут
54333,2021-04-04 00:40:55,Включение интернета на 20 минут с IVR
54333,2021-04-13 11:12:19,Информер ВК. Показ
54335,2021-03-12 21:19:29,Показ информатора об изменении уведомлений через ВК платформу
54338,2021-03-01 21:05:41,Включение интернета на 20 минут
54338,2021-03-08 19:05:03,Информер ВК. Показ
54338,2021-03-10 13:34:52,Включение интернета на 20 минут
54338,2021-03-10 13:34:55,Информер ВК. Показ
54338,2021-03-10 13:35:03,Гарантированный платеж за деньги
54338,2021-03-13 13:46:28,Включение интернета на 20 минут
54338,2021-03-13 13:46:30,Информер ВК. Показ
54338,2021-03-13 13:46:36,Гарантированный платеж за деньги
54338,2021-03-16 14:28:15,Включение интернета на 20 минут
54338,2021-03-16 14:28:27,Абонент оставил отзыв в Личном кабинете
54338,2021-03-18 17:01:10,Включение интернета на 20 минут
54338,2021-03-18 17:01:19,Гарантированный платеж за деньги
54338,2021-03-21 19:32:11,Включение интернета на 20 минут
54338,2021-03-29 21:34:08,Включение интернета на 20 минут
54338,2021-03-29 21:34:16,Гарантированный платеж за деньги
54338,2021-04-05 11:26:52,Включение интернета на 20 минут
54338,2021-04-05 11:26:59,Гарантированный платеж за деньги
54338,2021-04-08 11:55:05,Включение интернета на 20 минут
54338,2021-04-10 12:03:00,Включение интернета на 20 минут
54338,2021-04-10 14:09:46,Информер ВК. Показ
54338,2021-04-10 14:09:53,Гарантированный платеж за деньги
54338,2021-04-13 20:49:27,Включение интернета на 20 минут
54338,2021-04-15 21:45:39,Включение интернета на 20 минут
54338,2021-04-15 21:45:42,Информер ВК. Показ
54338,2021-04-22 13:11:28,Информер ВК. Показ
54338,2021-04-22 13:11:35,Гарантированный платеж за деньги
54338,2021-04-28 16:25:14,Гарантированный платеж за деньги
54340,2021-04-17 21:02:51,Информер ВК. Показ
54340,2021-04-17 21:02:57,Включение интернета на 20 минут
54343,2021-03-22 12:34:07,Информер ВК. Показ
54353,2021-03-01 20:39:52,Включение интернета на 20 минут
54353,2021-03-05 21:00:53,Включение интернета на 20 минут
54353,2021-03-09 21:13:35,Включение интернета на 20 минут
54353,2021-03-13 21:31:36,Включение интернета на 20 минут
54353,2021-03-16 21:48:34,Включение интернета на 20 минут
54353,2021-03-20 22:09:30,Информер ВК. Показ
54353,2021-03-20 22:10:28,Включение интернета на 20 минут
54353,2021-03-21 20:32:54,Информер ВК. Показ
54353,2021-03-24 22:22:26,Информер ВК. Показ
54353,2021-03-24 22:23:05,Включение интернета на 20 минут
54353,2021-03-28 22:38:12,Включение интернета на 20 минут
54353,2021-04-01 22:53:26,Включение интернета на 20 минут
54353,2021-04-09 23:01:17,Включение интернета на 20 минут
54353,2021-04-19 23:16:33,Включение интернета на 20 минут
54353,2021-04-22 23:31:10,Информер ВК. Показ
54353,2021-04-22 23:32:55,Включение интернета на 20 минут
54353,2021-04-22 23:37:29,Информер ВК. Показ
54353,2021-04-26 23:44:07,Включение интернета на 20 минут
54353,2021-04-27 23:45:21,Информер ВК. Показ
54355,2021-03-14 12:13:55,Показ информатора об изменении уведомлений через ВК платформу
54355,2021-03-26 15:37:55,Показ информатора об изменении уведомлений через ВК платформу
54355,2021-04-01 19:52:21,Показ информатора об изменении уведомлений через ВК платформу
54355,2021-04-15 11:52:59,Показ информатора об изменении уведомлений через ВК платформу
54360,2021-03-04 21:22:03,Информер ВК. Показ
54360,2021-03-04 21:22:48,Гарантированный платеж за деньги
54360,2021-03-07 21:26:22,Информер ВК. Показ
54360,2021-03-07 22:04:42,Включение интернета на 20 минут
54360,2021-03-28 18:03:15,Информер ВК. Показ
54360,2021-03-28 18:05:21,Гарантированный платеж за деньги
54360,2021-04-01 11:44:10,Включение интернета на 20 минут
54360,2021-04-01 12:18:09,Гарантированный платеж за деньги
54360,2021-04-16 19:19:46,Гарантированный платеж за деньги
54360,2021-04-19 19:22:42,Информер ВК. Показ
54360,2021-04-19 19:47:13,Информер ВК. Показ
54360,2021-04-27 20:01:11,Включение интернета на 20 минут
54360,2021-04-27 20:01:19,Гарантированный платеж за деньги
54362,2021-03-23 11:07:18,Информер ВК. Показ
54370,2021-03-02 10:08:46,Гарантированный платеж за деньги
54370,2021-03-09 10:31:01,Гарантированный платеж за деньги
54370,2021-03-13 10:32:00,Информер ВК. Показ
54370,2021-03-13 10:32:01,Информер ВК. Показ
54370,2021-03-13 10:32:16,Гарантированный платеж за деньги
54370,2021-03-16 14:10:01,Включение интернета на 20 минут
54370,2021-03-17 14:35:03,Гарантированный платеж за деньги
54370,2021-03-22 08:08:11,Информер ВК. Показ
54370,2021-03-22 08:08:28,Включение автоматической активации ГП
54370,2021-04-12 09:10:15,Включение интернета на 20 минут
54370,2021-04-12 09:10:22,Гарантированный платеж за деньги
54370,2021-04-15 10:18:34,Информер ВК. Показ
54370,2021-04-15 10:18:56,Включение интернета на 20 минут
54370,2021-04-15 12:02:11,Информер ВК. Показ
54370,2021-04-15 12:06:15,Гарантированный платеж за деньги
54370,2021-04-28 12:13:34,Информер ВК. Показ
54370,2021-04-28 12:13:49,Гарантированный платеж за деньги
54376,2021-03-15 15:08:52,Информер ВК. Показ
54376,2021-03-15 18:58:48,Информер ВК. Показ
54376,2021-03-29 18:55:36,Информер ВК. Показ
54376,2021-04-20 13:36:50,Информер ВК. Показ
54377,2021-03-06 19:33:42,Информер ВК. Показ
52991,2021-03-13 17:43:30,Информер ВК. Показ
52962,2021-03-02 14:36:43,Информер ВК. Показ
52882,2021-03-19 20:32:36,Информер ВК. Показ
52882,2021-03-28 01:43:16,Информер ВК. Показ
52882,2021-03-28 01:44:01,Информер ВК. Показ
52882,2021-03-28 20:42:33,Включение интернета на 20 минут
52882,2021-03-28 20:43:22,Гарантированный платеж за деньги
52882,2021-03-31 22:23:10,Включение интернета на 20 минут
33499,2021-03-14 18:51:27,Включение интернета на 20 минут
33499,2021-03-29 18:45:47,Включение интернета на 20 минут
33499,2021-04-04 18:36:51,Включение интернета на 20 минут
33499,2021-04-11 19:00:17,Включение интернета на 20 минут
33499,2021-04-15 19:11:33,Включение интернета на 20 минут
54391,2021-03-05 21:00:05,Информер ВК. Показ
54391,2021-03-05 21:00:16,Гарантированный платеж за деньги
54391,2021-03-09 17:46:45,Включение интернета на 20 минут
54391,2021-03-14 17:54:16,Гарантированный платеж за деньги
54391,2021-03-25 20:31:00,Информер ВК. Показ
54391,2021-03-25 20:31:18,Гарантированный платеж за деньги
54391,2021-03-28 21:45:35,Включение интернета на 20 минут
54391,2021-03-30 21:52:15,Информер ВК. Показ
54391,2021-03-30 21:52:41,Гарантированный платеж за деньги
54391,2021-04-02 22:03:03,Включение интернета на 20 минут
54391,2021-04-04 22:11:40,Включение интернета на 20 минут
54391,2021-04-06 22:47:11,Информер ВК. Показ
54391,2021-04-06 22:47:24,Гарантированный платеж за деньги
54391,2021-04-10 01:13:16,Гарантированный платеж за деньги
54391,2021-04-13 18:21:55,Гарантированный платеж за деньги
54391,2021-04-21 20:49:22,Гарантированный платеж за деньги
54391,2021-04-25 23:05:44,Информер ВК. Показ
54391,2021-04-25 23:06:02,Гарантированный платеж за деньги
11801,2021-03-22 17:21:08,Информер ВК. Показ
11801,2021-03-26 22:36:10,Информер ВК. Показ
11801,2021-03-26 22:36:55,Включение IPTV-пакета
11801,2021-03-28 11:32:32,Информер ВК. Показ
11801,2021-03-28 11:32:54,Выключение IPTV-пакета
11801,2021-04-10 14:22:48,Включение IPTV-пакета
11801,2021-04-18 05:27:27,Выключение IPTV-пакета
11801,2021-04-27 21:27:12,Информер ВК. Показ
11801,2021-04-27 21:27:31,Включение IPTV-пакета
11801,2021-04-28 20:26:50,Включение интернета на 20 минут
11801,2021-04-28 20:32:05,Информер ВК. Показ
11801,2021-04-29 07:50:44,Информер ВК. Показ
54405,2021-03-17 10:38:42,Информер ВК. Показ
54405,2021-03-23 08:21:29,Информер ВК. Показ
54405,2021-04-09 13:04:26,Информер ВК. Показ
54405,2021-04-29 19:29:29,Информер ВК. Показ
